1 0.9659722222222222 0.10590277777777778 0.05138888888888889 0.06944444444444445
1 0.85 0.058159722222222224 0.05555555555555555 0.06770833333333333
1 0.022222222222222223 0.07899305555555555 0.041666666666666664 0.06076388888888889
1 0.2048611111111111 0.1293402777777778 0.05416666666666667 0.06076388888888889
1 0.3229166666666667 0.026041666666666668 0.04861111111111111 0.04861111111111111
1 0.3729166666666667 0.05295138888888889 0.04583333333333333 0.0642361111111111
1 0.3104166666666667 0.1605902777777778 0.05694444444444444 0.06770833333333333
1 0.21319444444444444 0.19791666666666666 0.04583333333333333 0.06944444444444445
1 0.20069444444444445 0.2604166666666667 0.05694444444444444 0.06597222222222222
1 0.18263888888888888 0.6354166666666666 0.05138888888888889 0.06597222222222222
1 0.3326388888888889 0.3767361111111111 0.05694444444444444 0.06944444444444445
1 0.48125 0.23697916666666666 0.04583333333333333 0.057291666666666664
1 0.5611111111111111 0.1310763888888889 0.05277777777777778 0.0642361111111111
1 0.6541666666666667 0.0720486111111111 0.05555555555555555 0.06770833333333333
1 0.5826388888888889 0.2508680555555556 0.05138888888888889 0.0642361111111111
1 0.6444444444444445 0.24131944444444445 0.04722222222222222 0.06944444444444445
1 0.6868055555555556 0.15364583333333334 0.04861111111111111 0.07118055555555555
1 0.7270833333333333 0.2109375 0.05138888888888889 0.06770833333333333
1 0.7729166666666667 0.2664930555555556 0.04583333333333333 0.0642361111111111
1 0.8277777777777777 0.3203125 0.05277777777777778 0.0642361111111111
1 0.7104166666666667 0.3680555555555556 0.04861111111111111 0.0625
1 0.5840277777777778 0.4227430555555556 0.05138888888888889 0.0642361111111111
1 0.575 0.5130208333333334 0.05277777777777778 0.07118055555555555
1 0.3611111111111111 0.8211805555555556 0.05277777777777778 0.06944444444444445
1 0.4861111111111111 0.9609375 0.058333333333333334 0.07118055555555555
1 0.5875 0.9192708333333334 0.058333333333333334 0.06770833333333333
1 0.7875 0.9574652777777778 0.05277777777777778 0.06770833333333333
1 0.8451388888888889 0.7612847222222222 0.05416666666666667 0.06770833333333333
1 0.9069444444444444 0.6111111111111112 0.04722222222222222 0.06944444444444445
1 0.7958333333333333 0.5399305555555556 0.058333333333333334 0.06944444444444445
1 0.7291666666666666 0.609375 0.05555555555555555 0.06597222222222222
1 0.8194444444444444 0.6336805555555556 0.05555555555555555 0.0625
1 0.8131944444444444 0.6822916666666666 0.04583333333333333 0.0625
1 0.7736111111111111 0.6953125 0.05 0.06770833333333333
1 0.7291666666666666 0.7100694444444444 0.05 0.06944444444444445
1 0.6333333333333333 0.7951388888888888 0.04722222222222222 0.0625
1 0.6118055555555556 0.8298611111111112 0.04861111111111111 0.0625
1 0.5104166666666666 0.7013888888888888 0.04861111111111111 0.06597222222222222
1 0.01875 0.8932291666666666 0.034722222222222224 0.06076388888888889
1 0.017361111111111112 0.4852430555555556 0.03194444444444444 0.06076388888888889
