2 0.5645833333333333 0.12152777777777778 0.06805555555555555 0.08680555555555555
2 0.5715277777777777 0.2222222222222222 0.07361111111111111 0.09375
2 0.5 0.24305555555555555 0.06944444444444445 0.08333333333333333
2 0.37083333333333335 0.1684027777777778 0.06388888888888888 0.08333333333333333
2 0.37916666666666665 0.2560763888888889 0.07222222222222222 0.0920138888888889
2 0.15555555555555556 0.12413194444444445 0.07222222222222222 0.08854166666666667
2 0.25 0.4487847222222222 0.06388888888888888 0.09895833333333333
2 0.32083333333333336 0.4435763888888889 0.08055555555555556 0.0954861111111111
2 0.5916666666666667 0.5842013888888888 0.07222222222222222 0.0954861111111111
2 0.6986111111111111 0.5277777777777778 0.06666666666666667 0.08333333333333333
2 0.70625 0.3619791666666667 0.08194444444444444 0.0954861111111111
2 0.7708333333333334 0.4036458333333333 0.06944444444444445 0.08506944444444445
2 0.9125 0.2725694444444444 0.06944444444444445 0.08333333333333333
2 0.8895833333333333 0.6128472222222222 0.06805555555555555 0.08680555555555555
2 0.8305555555555556 0.6875 0.06944444444444445 0.1111111111111111
2 0.7409722222222223 0.8090277777777778 0.06527777777777778 0.09375
2 0.6104166666666667 0.9166666666666666 0.06805555555555555 0.10069444444444445
2 0.9055555555555556 0.14583333333333334 0.08333333333333333 0.1111111111111111
2 0.9638888888888889 0.14583333333333334 0.06111111111111111 0.10069444444444445
2 0.22916666666666666 0.5989583333333334 0.075 0.1111111111111111
2 0.09375 0.3914930555555556 0.06805555555555555 0.0954861111111111
2 0.12430555555555556 0.7465277777777778 0.0763888888888889 0.1076388888888889
2 0.2388888888888889 0.8185763888888888 0.07222222222222222 0.09895833333333333
2 0.41944444444444445 0.8793402777777778 0.07222222222222222 0.0920138888888889
2 0.2569444444444444 0.9513888888888888 0.06666666666666667 0.09027777777777778
2 0.4215277777777778 0.3402777777777778 0.06527777777777778 0.06597222222222222
2 0.7805555555555556 0.2673611111111111 0.06666666666666667 0.0763888888888889
0 0.48194444444444445 0.1015625 0.06111111111111111 0.08159722222222222
2 0.17152777777777778 0.5225694444444444 0.06805555555555555 0.09027777777777778
1 0.3236111111111111 0.7942708333333334 0.05277777777777778 0.0642361111111111
1 0.5777777777777777 0.7578125 0.03888888888888889 0.05381944444444445
2 0.9375 0.9296875 0.06944444444444445 0.13368055555555555
2 0.7125 0.9704861111111112 0.06944444444444445 0.052083333333333336
1 0.9854166666666667 0.1857638888888889 0.029166666666666667 0.04861111111111111
1 0.5284722222222222 0.7803819444444444 0.05138888888888889 0.06770833333333333
2 0.9902777777777778 0.8524305555555556 0.019444444444444445 0.0625
1 0.5472222222222223 0.7560763888888888 0.03888888888888889 0.05381944444444445
2 0.5638888888888889 0.7135416666666666 0.06388888888888888 0.059027777777777776
