1 0.07430555555555556 0.07378472222222222 0.05138888888888889 0.06770833333333333
1 0.12430555555555556 0.3376736111111111 0.04861111111111111 0.06076388888888889
1 0.19583333333333333 0.3029513888888889 0.05277777777777778 0.0642361111111111
1 0.42291666666666666 0.1918402777777778 0.04583333333333333 0.05381944444444445
1 0.39305555555555555 0.6067708333333334 0.058333333333333334 0.07118055555555555
1 0.6270833333333333 0.4565972222222222 0.04861111111111111 0.07291666666666667
1 0.5979166666666667 0.5503472222222222 0.05694444444444444 0.07291666666666667
1 0.58125 0.6875 0.05416666666666667 0.0625
1 0.6409722222222223 0.7916666666666666 0.0625 0.07291666666666667
1 0.9472222222222222 0.5642361111111112 0.05277777777777778 0.06944444444444445
1 0.7222222222222222 0.041666666666666664 0.041666666666666664 0.06944444444444445
