6 0.21180555555555555 0.28125 0.09305555555555556 0.11805555555555555
6 0.6548611111111111 0.078125 0.08472222222222223 0.08333333333333333
6 0.7993055555555556 0.14149305555555555 0.07361111111111111 0.11631944444444445
6 0.525 0.2265625 0.075 0.10590277777777778
6 0.10208333333333333 0.5086805555555556 0.06805555555555555 0.10069444444444445
6 0.3104166666666667 0.7569444444444444 0.10416666666666667 0.125
6 0.54375 0.4956597222222222 0.10138888888888889 0.1232638888888889
6 0.9548611111111112 0.4427083333333333 0.09027777777777778 0.125
6 0.9451388888888889 0.5963541666666666 0.06527777777777778 0.10243055555555555
6 0.6694444444444444 0.7760416666666666 0.06111111111111111 0.1076388888888889
6 0.6048611111111111 0.8689236111111112 0.10972222222222222 0.1267361111111111
6 0.9493055555555555 0.9201388888888888 0.0875 0.1111111111111111
6 0.8590277777777777 0.3871527777777778 0.09861111111111111 0.0763888888888889
6 0.8729166666666667 0.3237847222222222 0.059722222222222225 0.07118055555555555
6 0.8229166666666666 0.3298611111111111 0.05694444444444444 0.11458333333333333
6 0.7944444444444444 0.3220486111111111 0.09166666666666666 0.1267361111111111
6 0.0375 0.8046875 0.07222222222222222 0.09895833333333333
6 0.07916666666666666 0.7612847222222222 0.06666666666666667 0.109375
6 0.043055555555555555 0.5555555555555556 0.08333333333333333 0.08333333333333333
6 0.0763888888888889 0.5998263888888888 0.06666666666666667 0.10243055555555555
6 0.0763888888888889 0.6822916666666666 0.1 0.13194444444444445
6 0.2923611111111111 0.8828125 0.0875 0.11631944444444445
6 0.4888888888888889 0.9140625 0.06944444444444445 0.0954861111111111
6 0.14652777777777778 0.8454861111111112 0.11805555555555555 0.15625
6 0.059722222222222225 0.8689236111111112 0.06666666666666667 0.0920138888888889
6 0.4652777777777778 0.3802083333333333 0.044444444444444446 0.08333333333333333
7 0.25833333333333336 0.3975694444444444 0.044444444444444446 0.052083333333333336
7 0.7395833333333334 0.9236111111111112 0.043055555555555555 0.06944444444444445
6 0.9736111111111111 0.3237847222222222 0.05277777777777778 0.08159722222222222
6 0.5305555555555556 0.019097222222222224 0.09444444444444444 0.034722222222222224
