1 0.5444444444444444 0.3402777777777778 0.05277777777777778 0.06597222222222222
2 0.6333333333333333 0.08940972222222222 0.06666666666666667 0.10590277777777778
2 0.5444444444444444 0.1762152777777778 0.08611111111111111 0.10243055555555555
2 0.3729166666666667 0.3046875 0.07361111111111111 0.0954861111111111
2 0.16666666666666666 0.2760416666666667 0.07222222222222222 0.08680555555555555
2 0.25763888888888886 0.8125 0.06527777777777778 0.1076388888888889
2 0.029166666666666667 0.7005208333333334 0.05555555555555555 0.10590277777777778
2 0.36944444444444446 0.8732638888888888 0.06944444444444445 0.08333333333333333
2 0.5875 0.6588541666666666 0.06944444444444445 0.08159722222222222
2 0.8013888888888889 0.828125 0.08055555555555556 0.08333333333333333
2 0.8965277777777778 0.4296875 0.08472222222222223 0.08854166666666667
0 0.8770833333333333 0.5026041666666666 0.08472222222222223 0.0920138888888889
0 0.5555555555555556 0.4800347222222222 0.075 0.09895833333333333
2 0.4375 0.5868055555555556 0.07222222222222222 0.09722222222222222
2 0.5284722222222222 0.9678819444444444 0.05138888888888889 0.0642361111111111
7 0.4284722222222222 0.4453125 0.059722222222222225 0.06770833333333333
1 0.33958333333333335 0.4730902777777778 0.05694444444444444 0.07465277777777778
2 0.35138888888888886 0.6215277777777778 0.09166666666666666 0.07291666666666667
1 0.42083333333333334 0.8350694444444444 0.05 0.06597222222222222
7 0.6979166666666666 0.059895833333333336 0.06805555555555555 0.08854166666666667
7 0.7819444444444444 0.3984375 0.03888888888888889 0.046875
2 0.3506944444444444 0.5659722222222222 0.09583333333333334 0.07291666666666667
2 0.43680555555555556 0.021701388888888888 0.06805555555555555 0.03993055555555555
