2 0.08194444444444444 0.052083333333333336 0.07222222222222222 0.08680555555555555
2 0.18333333333333332 0.10590277777777778 0.06944444444444445 0.09722222222222222
2 0.2388888888888889 0.2942708333333333 0.07777777777777778 0.0920138888888889
2 0.4548611111111111 0.3177083333333333 0.0875 0.09722222222222222
2 0.6347222222222222 0.4956597222222222 0.06111111111111111 0.06770833333333333
2 0.8354166666666667 0.5026041666666666 0.07916666666666666 0.10243055555555555
2 0.8083333333333333 0.6232638888888888 0.07222222222222222 0.09027777777777778
2 0.3784722222222222 0.6762152777777778 0.07361111111111111 0.0920138888888889
2 0.47708333333333336 0.8081597222222222 0.07083333333333333 0.0954861111111111
2 0.15833333333333333 0.6762152777777778 0.07222222222222222 0.11631944444444445
2 0.8701388888888889 0.0390625 0.07083333333333333 0.07465277777777778
2 0.5590277777777778 0.5876736111111112 0.06805555555555555 0.08854166666666667
2 0.7097222222222223 0.7204861111111112 0.07222222222222222 0.10069444444444445
2 0.3368055555555556 0.9079861111111112 0.07361111111111111 0.09027777777777778
2 0.16180555555555556 0.78125 0.06527777777777778 0.08680555555555555
2 0.18125 0.8498263888888888 0.06527777777777778 0.109375
2 0.14027777777777778 0.9149305555555556 0.08611111111111111 0.0798611111111111
2 0.05 0.4053819444444444 0.08055555555555556 0.0920138888888889
0 0.4361111111111111 0.4505208333333333 0.06666666666666667 0.08159722222222222
0 0.1840277777777778 0.9626736111111112 0.07916666666666666 0.06770833333333333
0 0.36041666666666666 0.4930555555555556 0.059722222222222225 0.07291666666666667
1 0.89375 0.6961805555555556 0.05138888888888889 0.059027777777777776
2 0.02361111111111111 0.2751736111111111 0.044444444444444446 0.08854166666666667
2 0.3951388888888889 0.022569444444444444 0.0875 0.041666666666666664
2 0.9798611111111111 0.3003472222222222 0.04027777777777778 0.09722222222222222
0 0.33194444444444443 0.09895833333333333 0.06111111111111111 0.0763888888888889
7 0.2986111111111111 0.1284722222222222 0.03888888888888889 0.059027777777777776
7 0.35138888888888886 0.9765625 0.07222222222222222 0.036458333333333336
