2 0.6090277777777777 0.3237847222222222 0.0763888888888889 0.0954861111111111
2 0.8854166666666666 0.08680555555555555 0.07361111111111111 0.09722222222222222
2 0.9465277777777777 0.6085069444444444 0.08472222222222223 0.1267361111111111
2 0.73125 0.7552083333333334 0.0875 0.0763888888888889
2 0.45416666666666666 0.8758680555555556 0.06388888888888888 0.10243055555555555
2 0.45069444444444445 0.7552083333333334 0.09305555555555556 0.09722222222222222
2 0.12083333333333333 0.9461805555555556 0.07777777777777778 0.1076388888888889
2 0.08472222222222223 0.4253472222222222 0.06666666666666667 0.11458333333333333
2 0.10069444444444445 0.1232638888888889 0.07083333333333333 0.10416666666666667
2 0.3680555555555556 0.3480902777777778 0.08333333333333333 0.109375
2 0.46875 0.3255208333333333 0.07916666666666666 0.08854166666666667
0 0.41875 0.4322916666666667 0.07083333333333333 0.08333333333333333
2 0.17708333333333334 0.7569444444444444 0.08194444444444444 0.10069444444444445
2 0.31875 0.8177083333333334 0.07083333333333333 0.09722222222222222
2 0.7118055555555556 0.9166666666666666 0.06527777777777778 0.1076388888888889
1 0.5409722222222222 0.8098958333333334 0.05138888888888889 0.06076388888888889
0 0.7506944444444444 0.0703125 0.05138888888888889 0.07465277777777778
2 0.017361111111111112 0.4244791666666667 0.03194444444444444 0.08854166666666667
1 0.3888888888888889 0.5920138888888888 0.05277777777777778 0.07291666666666667
1 0.8673611111111111 0.7977430555555556 0.05416666666666667 0.06770833333333333
7 0.16041666666666668 0.042534722222222224 0.04861111111111111 0.050347222222222224
0 0.9305555555555556 0.014756944444444444 0.06111111111111111 0.026041666666666668
