1 0.0763888888888889 0.1762152777777778 0.06111111111111111 0.07118055555555555
1 0.14305555555555555 0.4887152777777778 0.06111111111111111 0.078125
1 0.21944444444444444 0.7595486111111112 0.06388888888888888 0.07465277777777778
1 0.3854166666666667 0.7777777777777778 0.059722222222222225 0.0763888888888889
1 0.6048611111111111 0.3984375 0.05694444444444444 0.07118055555555555
1 0.6631944444444444 0.4288194444444444 0.05416666666666667 0.0625
1 0.79375 0.2838541666666667 0.06527777777777778 0.07118055555555555
1 0.79375 0.4869791666666667 0.05138888888888889 0.0642361111111111
1 0.85625 0.453125 0.0625 0.06597222222222222
1 0.8784722222222222 0.7022569444444444 0.06527777777777778 0.07118055555555555
1 0.9729166666666667 0.484375 0.05416666666666667 0.06944444444444445
