1 0.19583333333333333 0.3263888888888889 0.05277777777777778 0.06944444444444445
1 0.027083333333333334 0.20572916666666666 0.05138888888888889 0.078125
1 0.09097222222222222 0.3064236111111111 0.059722222222222225 0.078125
1 0.059027777777777776 0.4079861111111111 0.05694444444444444 0.08333333333333333
1 0.14444444444444443 0.7725694444444444 0.058333333333333334 0.0798611111111111
1 0.18958333333333333 0.8368055555555556 0.07083333333333333 0.08333333333333333
1 0.4083333333333333 0.7100694444444444 0.058333333333333334 0.0798611111111111
1 0.5340277777777778 0.3914930555555556 0.059722222222222225 0.07465277777777778
1 0.6819444444444445 0.12413194444444445 0.058333333333333334 0.078125
1 0.775 0.4201388888888889 0.05555555555555555 0.08333333333333333
