2 0.07083333333333333 0.11979166666666667 0.07777777777777778 0.11805555555555555
2 0.08611111111111111 0.2986111111111111 0.07222222222222222 0.09722222222222222
2 0.1951388888888889 0.3897569444444444 0.0763888888888889 0.0954861111111111
2 0.06666666666666667 0.4982638888888889 0.07222222222222222 0.10416666666666667
2 0.27847222222222223 0.6423611111111112 0.08194444444444444 0.10069444444444445
2 0.4597222222222222 0.0859375 0.075 0.08854166666666667
2 0.5138888888888888 0.06163194444444445 0.06388888888888888 0.08854166666666667
2 0.8486111111111111 0.23350694444444445 0.06944444444444445 0.0920138888888889
2 0.8861111111111111 0.3637152777777778 0.06944444444444445 0.10243055555555555
2 0.9277777777777778 0.6128472222222222 0.075 0.10069444444444445
2 0.9381944444444444 0.7612847222222222 0.0763888888888889 0.09895833333333333
2 0.8291666666666667 0.8159722222222222 0.07777777777777778 0.09375
2 0.7180555555555556 0.6388888888888888 0.06388888888888888 0.08680555555555555
2 0.47152777777777777 0.4131944444444444 0.07916666666666666 0.08680555555555555
2 0.5465277777777777 0.4288194444444444 0.06805555555555555 0.10416666666666667
2 0.48819444444444443 0.5616319444444444 0.0625 0.0920138888888889
2 0.5465277777777777 0.6154513888888888 0.0763888888888889 0.0954861111111111
2 0.5097222222222222 0.7083333333333334 0.06111111111111111 0.09722222222222222
2 0.4215277777777778 0.7065972222222222 0.06527777777777778 0.10069444444444445
2 0.0798611111111111 0.8914930555555556 0.0875 0.08506944444444445
2 0.021527777777777778 0.9253472222222222 0.04027777777777778 0.09722222222222222
2 0.6201388888888889 0.7994791666666666 0.07361111111111111 0.10243055555555555
2 0.4222222222222222 0.8758680555555556 0.06388888888888888 0.08854166666666667
0 0.7694444444444445 0.03298611111111111 0.075 0.0625
2 0.10069444444444445 0.9765625 0.0763888888888889 0.046875
1 0.9652777777777778 0.984375 0.05 0.027777777777777776
2 0.010416666666666666 0.671875 0.018055555555555554 0.07291666666666667
7 0.5916666666666667 0.07118055555555555 0.044444444444444446 0.05555555555555555
