2 0.16597222222222222 0.041666666666666664 0.07083333333333333 0.0798611111111111
2 0.1451388888888889 0.13975694444444445 0.06805555555555555 0.0954861111111111
2 0.5104166666666666 0.08159722222222222 0.0763888888888889 0.10069444444444445
2 0.7104166666666667 0.042534722222222224 0.06527777777777778 0.078125
2 0.6263888888888889 0.16493055555555555 0.06944444444444445 0.1076388888888889
2 0.6375 0.2725694444444444 0.07777777777777778 0.09722222222222222
2 0.48680555555555555 0.4947916666666667 0.08194444444444444 0.08680555555555555
2 0.8083333333333333 0.6423611111111112 0.07777777777777778 0.12152777777777778
2 0.7229166666666667 0.7725694444444444 0.06527777777777778 0.1076388888888889
2 0.6381944444444444 0.8984375 0.09583333333333334 0.08159722222222222
2 0.5944444444444444 0.7048611111111112 0.07222222222222222 0.09027777777777778
2 0.6361111111111111 0.7994791666666666 0.07777777777777778 0.08854166666666667
2 0.3111111111111111 0.6206597222222222 0.06388888888888888 0.09895833333333333
2 0.07916666666666666 0.6137152777777778 0.06111111111111111 0.08506944444444445
0 0.48541666666666666 0.3888888888888889 0.0625 0.0763888888888889
0 0.96875 0.3732638888888889 0.059722222222222225 0.08333333333333333
0 0.4041666666666667 0.7430555555555556 0.06666666666666667 0.08680555555555555
0 0.6631944444444444 0.6432291666666666 0.08472222222222223 0.10243055555555555
2 0.8715277777777778 0.9652777777777778 0.07361111111111111 0.0625
1 0.275 0.15885416666666666 0.05277777777777778 0.06770833333333333
2 0.38472222222222224 0.5989583333333334 0.075 0.09722222222222222
1 0.40347222222222223 0.9157986111111112 0.04027777777777778 0.06076388888888889
2 0.7479166666666667 0.1579861111111111 0.07083333333333333 0.0763888888888889
2 0.6104166666666667 0.027777777777777776 0.05694444444444444 0.052083333333333336
2 0.5284722222222222 0.4427083333333333 0.0625 0.06944444444444445
7 0.4826388888888889 0.9774305555555556 0.05694444444444444 0.034722222222222224
