1 0.26875 0.1189236111111111 0.0625 0.07465277777777778
1 0.15694444444444444 0.6597222222222222 0.06111111111111111 0.0763888888888889
1 0.24791666666666667 0.8020833333333334 0.05694444444444444 0.07291666666666667
1 0.4777777777777778 0.7760416666666666 0.05555555555555555 0.07291666666666667
1 0.7375 0.7352430555555556 0.05277777777777778 0.0642361111111111
1 0.5888888888888889 0.5572916666666666 0.06111111111111111 0.0763888888888889
1 0.6131944444444445 0.1371527777777778 0.05694444444444444 0.08333333333333333
1 0.3375 0.9618055555555556 0.06388888888888888 0.0625
1 0.35 0.6501736111111112 0.06111111111111111 0.06076388888888889
1 0.3680555555555556 0.7152777777777778 0.05555555555555555 0.06597222222222222
1 0.625 0.23958333333333334 0.06666666666666667 0.07291666666666667
1 0.7590277777777777 0.4010416666666667 0.0625 0.06944444444444445
1 0.7375 0.3298611111111111 0.06111111111111111 0.06944444444444445
1 0.5881944444444445 0.4210069444444444 0.059722222222222225 0.07465277777777778
