1 0.19791666666666666 0.5104166666666666 0.059722222222222225 0.06944444444444445
0 0.4409722222222222 0.5972222222222222 0.06527777777777778 0.10416666666666667
2 0.6951388888888889 0.0842013888888889 0.08194444444444444 0.10243055555555555
2 0.4111111111111111 0.17274305555555555 0.06944444444444445 0.0954861111111111
2 0.44027777777777777 0.7109375 0.07222222222222222 0.10243055555555555
2 0.9291666666666667 0.13975694444444445 0.07222222222222222 0.09895833333333333
0 0.22083333333333333 0.9635416666666666 0.07222222222222222 0.06944444444444445
2 0.7736111111111111 0.8055555555555556 0.07777777777777778 0.09722222222222222
7 0.3958333333333333 0.4166666666666667 0.05277777777777778 0.0625
1 0.5381944444444444 0.3185763888888889 0.059722222222222225 0.07118055555555555
7 0.014583333333333334 0.1970486111111111 0.02638888888888889 0.06076388888888889
1 0.10833333333333334 0.024305555555555556 0.04722222222222222 0.04513888888888889
2 0.04027777777777778 0.025173611111111112 0.06111111111111111 0.046875
2 0.6333333333333333 0.03819444444444445 0.07222222222222222 0.07291666666666667
1 0.8791666666666667 0.1657986111111111 0.05 0.06076388888888889
7 0.3138888888888889 0.013020833333333334 0.044444444444444446 0.022569444444444444
