4 0.05555555555555555 0.059027777777777776 0.10277777777777777 0.11458333333333333
4 0.2152777777777778 0.16666666666666666 0.1111111111111111 0.11458333333333333
4 0.24097222222222223 0.3654513888888889 0.0763888888888889 0.1232638888888889
4 0.45555555555555555 0.11805555555555555 0.10555555555555556 0.1388888888888889
4 0.9416666666666667 0.6006944444444444 0.07222222222222222 0.07291666666666667
4 0.12777777777777777 0.8645833333333334 0.06944444444444445 0.1111111111111111
4 0.8013888888888889 0.7708333333333334 0.05 0.052083333333333336
4 0.9041666666666667 0.4852430555555556 0.03888888888888889 0.050347222222222224
4 0.9805555555555555 0.203125 0.03888888888888889 0.06597222222222222
4 0.3034722222222222 0.03819444444444445 0.0375 0.0625
4 0.6006944444444444 0.9817708333333334 0.034722222222222224 0.036458333333333336
