6 0.19236111111111112 0.07378472222222222 0.05138888888888889 0.10243055555555555
6 0.029166666666666667 0.2899305555555556 0.05555555555555555 0.08333333333333333
6 0.12430555555555556 0.2864583333333333 0.07361111111111111 0.09027777777777778
6 0.21597222222222223 0.2899305555555556 0.09027777777777778 0.11458333333333333
6 0.4444444444444444 0.2795138888888889 0.07777777777777778 0.11805555555555555
6 0.6083333333333333 0.1796875 0.09166666666666666 0.10243055555555555
6 0.8194444444444444 0.2065972222222222 0.075 0.0763888888888889
6 0.5798611111111112 0.5486111111111112 0.10972222222222222 0.09375
6 0.47430555555555554 0.4973958333333333 0.09027777777777778 0.10590277777777778
6 0.3541666666666667 0.5581597222222222 0.08611111111111111 0.0954861111111111
6 0.8270833333333333 0.5008680555555556 0.07083333333333333 0.08506944444444445
6 0.9041666666666667 0.5260416666666666 0.06944444444444445 0.09722222222222222
6 0.975 0.6102430555555556 0.05 0.13368055555555555
6 0.825 0.7664930555555556 0.08333333333333333 0.08159722222222222
6 0.7680555555555556 0.7751736111111112 0.1 0.1440972222222222
6 0.7527777777777778 0.921875 0.10555555555555556 0.1076388888888889
6 0.3326388888888889 0.953125 0.08472222222222223 0.0798611111111111
6 0.2125 0.9548611111111112 0.10833333333333334 0.0798611111111111
6 0.11527777777777778 0.6927083333333334 0.08611111111111111 0.10069444444444445
6 0.035416666666666666 0.6892361111111112 0.06805555555555555 0.08333333333333333
6 0.03958333333333333 0.8159722222222222 0.043055555555555555 0.09722222222222222
6 0.041666666666666664 0.953125 0.05277777777777778 0.08333333333333333
6 0.73125 0.1762152777777778 0.07916666666666666 0.10243055555555555
6 0.5506944444444445 0.11458333333333333 0.12361111111111112 0.18055555555555555
6 0.04236111111111111 0.19618055555555555 0.08194444444444444 0.13541666666666666
6 0.5298611111111111 0.7395833333333334 0.1125 0.125
6 0.7958333333333333 0.0234375 0.05 0.043402777777777776
6 0.5069444444444444 0.8359375 0.12222222222222222 0.13020833333333334
