0 0.2604166666666667 0.5954861111111112 0.07083333333333333 0.08333333333333333
0 0.2972222222222222 0.828125 0.06944444444444445 0.08333333333333333
0 0.825 0.4592013888888889 0.06388888888888888 0.07118055555555555
5 0.8458333333333333 0.6163194444444444 0.03888888888888889 0.04861111111111111
5 0.9416666666666667 0.0685763888888889 0.041666666666666664 0.050347222222222224
5 0.6576388888888889 0.203125 0.03194444444444444 0.041666666666666664
5 0.3548611111111111 0.5928819444444444 0.034722222222222224 0.03993055555555555
1 0.5479166666666667 0.8454861111111112 0.029166666666666667 0.04513888888888889
1 0.5493055555555556 0.8845486111111112 0.02638888888888889 0.03993055555555555
1 0.5284722222222222 0.8576388888888888 0.02638888888888889 0.034722222222222224
1 0.5388888888888889 0.8706597222222222 0.022222222222222223 0.029513888888888888
