1 0.41388888888888886 0.5260416666666666 0.05 0.06944444444444445
1 0.08472222222222223 0.4852430555555556 0.06111111111111111 0.06770833333333333
1 0.05555555555555555 0.5911458333333334 0.06111111111111111 0.06770833333333333
1 0.029166666666666667 0.6692708333333334 0.05277777777777778 0.08159722222222222
1 0.18194444444444444 0.75 0.06666666666666667 0.07291666666666667
1 0.3055555555555556 0.9340277777777778 0.06111111111111111 0.06597222222222222
1 0.41041666666666665 0.8420138888888888 0.059722222222222225 0.0798611111111111
1 0.6027777777777777 0.4704861111111111 0.058333333333333334 0.06597222222222222
1 0.6527777777777778 0.2048611111111111 0.05 0.06944444444444445
1 0.7041666666666667 0.2994791666666667 0.05277777777777778 0.0642361111111111
1 0.7708333333333334 0.4479166666666667 0.06388888888888888 0.07291666666666667
1 0.4583333333333333 0.9305555555555556 0.06111111111111111 0.0625
1 0.39652777777777776 0.9487847222222222 0.059722222222222225 0.07118055555555555
1 0.2965277777777778 0.7786458333333334 0.0625 0.08159722222222222
