1 0.03680555555555556 0.1501736111111111 0.04583333333333333 0.057291666666666664
1 0.25416666666666665 0.046875 0.044444444444444446 0.059027777777777776
1 0.23680555555555555 0.09895833333333333 0.04583333333333333 0.059027777777777776
1 0.40208333333333335 0.03211805555555555 0.04583333333333333 0.06076388888888889
1 0.6743055555555556 0.07118055555555555 0.04583333333333333 0.05555555555555555
1 0.8048611111111111 0.052083333333333336 0.04583333333333333 0.059027777777777776
1 0.8381944444444445 0.021701388888888888 0.04583333333333333 0.03993055555555555
1 0.5631944444444444 0.12065972222222222 0.04583333333333333 0.05381944444444445
1 0.5486111111111112 0.1597222222222222 0.05 0.059027777777777776
1 0.6201388888888889 0.1814236111111111 0.04861111111111111 0.06076388888888889
1 0.49722222222222223 0.21354166666666666 0.044444444444444446 0.05555555555555555
1 0.5756944444444444 0.2743055555555556 0.04583333333333333 0.059027777777777776
1 0.6173611111111111 0.3532986111111111 0.04583333333333333 0.057291666666666664
1 0.6965277777777777 0.3116319444444444 0.043055555555555555 0.057291666666666664
1 0.07013888888888889 0.24739583333333334 0.043055555555555555 0.057291666666666664
1 0.04583333333333333 0.3706597222222222 0.03888888888888889 0.05381944444444445
1 0.034027777777777775 0.5546875 0.04583333333333333 0.057291666666666664
1 0.15 0.5138888888888888 0.03333333333333333 0.041666666666666664
1 0.36180555555555555 0.2248263888888889 0.05138888888888889 0.0642361111111111
1 0.32916666666666666 0.3038194444444444 0.05 0.06597222222222222
1 0.34097222222222223 0.4079861111111111 0.04861111111111111 0.06597222222222222
1 0.37569444444444444 0.4288194444444444 0.05138888888888889 0.059027777777777776
1 0.30069444444444443 0.5295138888888888 0.05138888888888889 0.059027777777777776
1 0.2659722222222222 0.6423611111111112 0.05138888888888889 0.0625
1 0.42777777777777776 0.5451388888888888 0.04722222222222222 0.059027777777777776
1 0.49027777777777776 0.6197916666666666 0.05 0.0625
1 0.5618055555555556 0.4053819444444444 0.04861111111111111 0.057291666666666664
1 0.79375 0.2699652777777778 0.043055555555555555 0.06076388888888889
1 0.8111111111111111 0.3012152777777778 0.04722222222222222 0.057291666666666664
1 0.8583333333333333 0.4453125 0.05 0.0642361111111111
1 0.6638888888888889 0.3888888888888889 0.04722222222222222 0.059027777777777776
1 0.6298611111111111 0.4782986111111111 0.04861111111111111 0.057291666666666664
1 0.5534722222222223 0.5243055555555556 0.05138888888888889 0.0625
1 0.5541666666666667 0.5833333333333334 0.04722222222222222 0.059027777777777776
1 0.058333333333333334 0.6484375 0.041666666666666664 0.05381944444444445
1 0.09861111111111111 0.6597222222222222 0.04722222222222222 0.0625
1 0.03263888888888889 0.7829861111111112 0.043055555555555555 0.05555555555555555
1 0.0763888888888889 0.9539930555555556 0.044444444444444446 0.057291666666666664
1 0.17083333333333334 0.9670138888888888 0.044444444444444446 0.052083333333333336
1 0.3333333333333333 0.7630208333333334 0.04722222222222222 0.06770833333333333
1 0.32222222222222224 0.8958333333333334 0.04722222222222222 0.0625
1 0.3854166666666667 0.8715277777777778 0.04861111111111111 0.06597222222222222
1 0.4284722222222222 0.7942708333333334 0.04583333333333333 0.0642361111111111
1 0.4263888888888889 0.9435763888888888 0.04722222222222222 0.06076388888888889
1 0.5326388888888889 0.7986111111111112 0.04861111111111111 0.059027777777777776
1 0.4965277777777778 0.7369791666666666 0.043055555555555555 0.06076388888888889
1 0.525 0.7074652777777778 0.044444444444444446 0.057291666666666664
1 0.6833333333333333 0.6527777777777778 0.044444444444444446 0.05555555555555555
1 0.7430555555555556 0.515625 0.05 0.06597222222222222
1 0.7229166666666667 0.5659722222222222 0.04583333333333333 0.05555555555555555
1 0.7375 0.6206597222222222 0.04722222222222222 0.0642361111111111
1 0.7763888888888889 0.5668402777777778 0.041666666666666664 0.06076388888888889
1 0.9527777777777777 0.3767361111111111 0.04722222222222222 0.059027777777777776
1 0.91875 0.4079861111111111 0.043055555555555555 0.05555555555555555
1 0.9423611111111111 0.4548611111111111 0.05138888888888889 0.059027777777777776
1 0.9680555555555556 0.5729166666666666 0.04722222222222222 0.059027777777777776
1 0.8965277777777778 0.6006944444444444 0.04583333333333333 0.0625
1 0.8666666666666667 0.6388888888888888 0.041666666666666664 0.05555555555555555
1 0.8090277777777778 0.6692708333333334 0.04583333333333333 0.05381944444444445
1 0.8256944444444444 0.7447916666666666 0.04861111111111111 0.059027777777777776
1 0.9465277777777777 0.6927083333333334 0.04583333333333333 0.059027777777777776
1 0.8645833333333334 0.7751736111111112 0.043055555555555555 0.057291666666666664
1 0.9347222222222222 0.8576388888888888 0.04722222222222222 0.06597222222222222
1 0.8180555555555555 0.9748263888888888 0.044444444444444446 0.03993055555555555
1 0.5006944444444444 0.9791666666666666 0.04027777777777778 0.03819444444444445
7 0.39652777777777776 0.6875 0.04861111111111111 0.06597222222222222
3 0.37777777777777777 0.16666666666666666 0.04722222222222222 0.0625
