2 0.03263888888888889 0.12586805555555555 0.0625 0.0954861111111111
2 0.08958333333333333 0.2925347222222222 0.07083333333333333 0.10590277777777778
2 0.1763888888888889 0.2881944444444444 0.06388888888888888 0.09375
2 0.24444444444444444 0.265625 0.07222222222222222 0.10069444444444445
2 0.3763888888888889 0.2387152777777778 0.07222222222222222 0.0920138888888889
2 0.45694444444444443 0.22743055555555555 0.06666666666666667 0.09722222222222222
2 0.5986111111111111 0.3098958333333333 0.07222222222222222 0.09895833333333333
2 0.7333333333333333 0.4427083333333333 0.06388888888888888 0.09722222222222222
2 0.6986111111111111 0.5685763888888888 0.07777777777777778 0.10590277777777778
2 0.7958333333333333 0.6345486111111112 0.07777777777777778 0.11284722222222222
2 0.5659722222222222 0.6675347222222222 0.0763888888888889 0.08854166666666667
2 0.3277777777777778 0.5130208333333334 0.07222222222222222 0.09895833333333333
2 0.1673611111111111 0.6692708333333334 0.0763888888888889 0.08854166666666667
2 0.07152777777777777 0.6970486111111112 0.06805555555555555 0.078125
2 0.49027777777777776 0.7317708333333334 0.07222222222222222 0.08506944444444445
2 0.6097222222222223 0.7881944444444444 0.07222222222222222 0.09027777777777778
2 0.675 0.8064236111111112 0.06666666666666667 0.0920138888888889
2 0.6951388888888889 0.8854166666666666 0.07361111111111111 0.0763888888888889
2 0.49583333333333335 0.8333333333333334 0.07777777777777778 0.08680555555555555
2 0.5256944444444445 0.8967013888888888 0.07083333333333333 0.0920138888888889
2 0.3173611111111111 0.8871527777777778 0.0763888888888889 0.09375
2 0.17291666666666666 0.9262152777777778 0.08194444444444444 0.10590277777777778
2 0.02847222222222222 0.828125 0.05416666666666667 0.10069444444444445
2 0.925 0.8272569444444444 0.06111111111111111 0.0920138888888889
0 0.9243055555555556 0.2994791666666667 0.0625 0.078125
1 0.29791666666666666 0.7734375 0.04861111111111111 0.06076388888888889
2 0.06458333333333334 0.6232638888888888 0.04583333333333333 0.06944444444444445
2 0.9472222222222222 0.058159722222222224 0.10555555555555556 0.11284722222222222
2 0.1 0.9288194444444444 0.06388888888888888 0.06944444444444445
2 0.5604166666666667 0.9704861111111112 0.04583333333333333 0.052083333333333336
2 0.23194444444444445 0.9765625 0.06111111111111111 0.03993055555555555
0 0.8840277777777777 0.20225694444444445 0.08194444444444444 0.08159722222222222
1 0.6569444444444444 0.07899305555555555 0.06111111111111111 0.07118055555555555
1 0.33541666666666664 0.059027777777777776 0.059722222222222225 0.0763888888888889
0 0.35833333333333334 0.3151041666666667 0.07777777777777778 0.0954861111111111
2 0.10555555555555556 0.025173611111111112 0.05277777777777778 0.046875
