1 0.03333333333333333 0.057291666666666664 0.04722222222222222 0.059027777777777776
1 0.11666666666666667 0.05295138888888889 0.04722222222222222 0.057291666666666664
1 0.15208333333333332 0.08854166666666667 0.043055555555555555 0.05555555555555555
1 0.1840277777777778 0.0720486111111111 0.043055555555555555 0.06076388888888889
1 0.017361111111111112 0.24131944444444445 0.03194444444444444 0.059027777777777776
1 0.059722222222222225 0.2361111111111111 0.044444444444444446 0.05555555555555555
1 0.07361111111111111 0.3125 0.05 0.059027777777777776
1 0.0625 0.4270833333333333 0.05 0.059027777777777776
1 0.25625 0.3359375 0.04861111111111111 0.0642361111111111
1 0.2951388888888889 0.1232638888888889 0.04583333333333333 0.059027777777777776
1 0.37083333333333335 0.2013888888888889 0.05277777777777778 0.06597222222222222
1 0.39375 0.3263888888888889 0.04861111111111111 0.0625
1 0.46041666666666664 0.3289930555555556 0.04861111111111111 0.0642361111111111
1 0.5527777777777778 0.4340277777777778 0.05 0.06597222222222222
1 0.022916666666666665 0.7352430555555556 0.043055555555555555 0.05381944444444445
1 0.021527777777777778 0.7829861111111112 0.04027777777777778 0.059027777777777776
1 0.07152777777777777 0.8098958333333334 0.04861111111111111 0.057291666666666664
1 0.03958333333333333 0.8767361111111112 0.05138888888888889 0.0625
1 0.14722222222222223 0.8090277777777778 0.04722222222222222 0.0625
1 0.1673611111111111 0.6944444444444444 0.05138888888888889 0.06597222222222222
1 0.22013888888888888 0.5434027777777778 0.04583333333333333 0.05555555555555555
1 0.20625 0.6111111111111112 0.04861111111111111 0.06944444444444445
1 0.1875 0.5998263888888888 0.04722222222222222 0.06076388888888889
1 0.3055555555555556 0.5902777777777778 0.05 0.0625
1 0.3451388888888889 0.6432291666666666 0.04583333333333333 0.0642361111111111
1 0.27708333333333335 0.7621527777777778 0.05416666666666667 0.0625
1 0.45208333333333334 0.5546875 0.05138888888888889 0.0642361111111111
1 0.5534722222222223 0.7065972222222222 0.05138888888888889 0.06597222222222222
1 0.5118055555555555 0.8142361111111112 0.05694444444444444 0.06597222222222222
1 0.4527777777777778 0.9305555555555556 0.05555555555555555 0.06944444444444445
1 0.6631944444444444 0.7473958333333334 0.04583333333333333 0.0642361111111111
1 0.6743055555555556 0.5434027777777778 0.05138888888888889 0.06597222222222222
1 0.7104166666666667 0.4401041666666667 0.05138888888888889 0.0642361111111111
1 0.7333333333333333 0.3585069444444444 0.05555555555555555 0.0642361111111111
1 0.8256944444444444 0.25 0.05416666666666667 0.06597222222222222
1 0.8243055555555555 0.1232638888888889 0.05416666666666667 0.0625
1 0.8847222222222222 0.0954861111111111 0.05 0.0625
1 0.8909722222222223 0.2222222222222222 0.05694444444444444 0.06944444444444445
1 0.9722222222222222 0.1328125 0.05555555555555555 0.07118055555555555
1 0.9402777777777778 0.5737847222222222 0.05 0.07118055555555555
1 0.8361111111111111 0.6267361111111112 0.05277777777777778 0.0798611111111111
1 0.7076388888888889 0.7951388888888888 0.05138888888888889 0.06597222222222222
1 0.8472222222222222 0.8463541666666666 0.05277777777777778 0.06770833333333333
1 0.8916666666666667 0.7213541666666666 0.05277777777777778 0.07118055555555555
1 0.9569444444444445 0.6727430555555556 0.05277777777777778 0.078125
1 0.4131944444444444 0.10850694444444445 0.05138888888888889 0.07465277777777778
1 0.5618055555555556 0.9713541666666666 0.05138888888888889 0.043402777777777776
7 0.19236111111111112 0.3888888888888889 0.06805555555555555 0.1076388888888889
1 0.16180555555555556 0.012152777777777778 0.04027777777777778 0.020833333333333332
