0 0.03194444444444444 0.7039930555555556 0.06111111111111111 0.08506944444444445
2 0.44166666666666665 0.6631944444444444 0.075 0.11805555555555555
2 0.6458333333333334 0.7569444444444444 0.06666666666666667 0.09722222222222222
2 0.8784722222222222 0.07118055555555555 0.059722222222222225 0.1111111111111111
2 0.9354166666666667 0.25 0.059722222222222225 0.08680555555555555
2 0.7486111111111111 0.3090277777777778 0.06388888888888888 0.09027777777777778
2 0.42430555555555555 0.1701388888888889 0.07361111111111111 0.09722222222222222
2 0.45555555555555555 0.3446180555555556 0.07222222222222222 0.08506944444444445
2 0.075 0.3289930555555556 0.06388888888888888 0.078125
2 0.5993055555555555 0.6944444444444444 0.05416666666666667 0.0763888888888889
3 0.5638888888888889 0.5642361111111112 0.05 0.06944444444444445
1 0.44375 0.5078125 0.05416666666666667 0.06770833333333333
2 0.8194444444444444 0.46875 0.08333333333333333 0.09722222222222222
1 0.8256944444444444 0.125 0.05138888888888889 0.06597222222222222
1 0.5777777777777777 0.4618055555555556 0.05555555555555555 0.0625
0 0.9791666666666666 0.036458333333333336 0.041666666666666664 0.059027777777777776
0 0.7368055555555556 0.022569444444444444 0.05138888888888889 0.041666666666666664
7 0.029166666666666667 0.6189236111111112 0.05555555555555555 0.10590277777777778
2 0.01875 0.8159722222222222 0.034722222222222224 0.09375
1 0.7263888888888889 0.2152777777777778 0.04722222222222222 0.06597222222222222
