5 0.16458333333333333 0.15364583333333334 0.0375 0.050347222222222224
5 0.9527777777777777 0.08940972222222222 0.04722222222222222 0.05381944444444445
5 0.8569444444444444 0.20572916666666666 0.041666666666666664 0.046875
5 0.24375 0.3689236111111111 0.034722222222222224 0.043402777777777776
5 0.16180555555555556 0.8003472222222222 0.043055555555555555 0.041666666666666664
1 0.025694444444444443 0.4861111111111111 0.03194444444444444 0.03819444444444445
5 0.21666666666666667 0.59375 0.03888888888888889 0.04861111111111111
5 0.8611111111111112 0.9010416666666666 0.030555555555555555 0.04513888888888889
0 0.20069444444444445 0.3967013888888889 0.06805555555555555 0.08506944444444445
0 0.8166666666666667 0.3663194444444444 0.05555555555555555 0.06597222222222222
5 0.56875 0.9835069444444444 0.0375 0.022569444444444444
5 0.4895833333333333 0.9835069444444444 0.03194444444444444 0.026041666666666668
