2 0.48055555555555557 0.5208333333333334 0.06111111111111111 0.08680555555555555
2 0.4791666666666667 0.6024305555555556 0.07222222222222222 0.08333333333333333
2 0.5909722222222222 0.5173611111111112 0.06805555555555555 0.09375
2 0.6833333333333333 0.4548611111111111 0.058333333333333334 0.1076388888888889
2 0.8395833333333333 0.3515625 0.06805555555555555 0.0954861111111111
2 0.07152777777777777 0.3003472222222222 0.05694444444444444 0.0798611111111111
2 0.25763888888888886 0.6206597222222222 0.07083333333333333 0.06770833333333333
2 0.1986111111111111 0.7092013888888888 0.06388888888888888 0.08159722222222222
2 0.15833333333333333 0.8177083333333334 0.06666666666666667 0.08680555555555555
2 0.5694444444444444 0.9149305555555556 0.06944444444444445 0.08333333333333333
2 0.7222222222222222 0.5920138888888888 0.08055555555555556 0.1076388888888889
2 0.9666666666666667 0.6848958333333334 0.06666666666666667 0.09895833333333333
2 0.9319444444444445 0.1970486111111111 0.06111111111111111 0.08506944444444445
2 0.8875 0.14149305555555555 0.058333333333333334 0.08159722222222222
2 0.6326388888888889 0.059895833333333336 0.06527777777777778 0.0954861111111111
2 0.49166666666666664 0.0876736111111111 0.06944444444444445 0.11284722222222222
2 0.29583333333333334 0.11458333333333333 0.075 0.0763888888888889
0 0.8013888888888889 0.7152777777777778 0.06111111111111111 0.08680555555555555
0 0.8256944444444444 0.8185763888888888 0.06527777777777778 0.08506944444444445
0 0.1326388888888889 0.5 0.059722222222222225 0.08680555555555555
0 0.19305555555555556 0.3003472222222222 0.05277777777777778 0.06944444444444445
0 0.22430555555555556 0.2300347222222222 0.05416666666666667 0.078125
0 0.12986111111111112 0.3689236111111111 0.0625 0.08159722222222222
0 0.5631944444444444 0.24913194444444445 0.07083333333333333 0.10590277777777778
2 0.36319444444444443 0.9670138888888888 0.05694444444444444 0.0625
2 0.42916666666666664 0.9670138888888888 0.05555555555555555 0.0625
2 0.9076388888888889 0.043402777777777776 0.09583333333333334 0.08333333333333333
1 0.9791666666666666 0.2838541666666667 0.041666666666666664 0.057291666666666664
1 0.0875 0.7473958333333334 0.04722222222222222 0.06076388888888889
3 0.059722222222222225 0.9513888888888888 0.041666666666666664 0.05555555555555555
2 0.04652777777777778 0.2647569444444444 0.06805555555555555 0.0954861111111111
1 0.31805555555555554 0.2708333333333333 0.041666666666666664 0.04861111111111111
7 0.2513888888888889 0.5208333333333334 0.041666666666666664 0.05555555555555555
7 0.2638888888888889 0.7942708333333334 0.05 0.06076388888888889
2 0.26805555555555555 0.9791666666666666 0.07222222222222222 0.03819444444444445
2 0.04652777777777778 0.017361111111111112 0.07083333333333333 0.03125
7 0.28194444444444444 0.041666666666666664 0.04722222222222222 0.059027777777777776
2 0.5729166666666666 0.6362847222222222 0.07083333333333333 0.0920138888888889
7 0.5944444444444444 0.018229166666666668 0.06666666666666667 0.03298611111111111
2 0.3784722222222222 0.013888888888888888 0.059722222222222225 0.024305555555555556
7 0.3527777777777778 0.21006944444444445 0.041666666666666664 0.052083333333333336
