1 0.11458333333333333 0.4192708333333333 0.0625 0.07118055555555555
1 0.37916666666666665 0.1545138888888889 0.058333333333333334 0.07291666666666667
1 0.1840277777777778 0.6059027777777778 0.0625 0.06944444444444445
1 0.4673611111111111 0.6371527777777778 0.06805555555555555 0.07291666666666667
1 0.5986111111111111 0.5798611111111112 0.058333333333333334 0.0798611111111111
1 0.5430555555555555 0.7847222222222222 0.06666666666666667 0.0798611111111111
1 0.6736111111111112 0.7039930555555556 0.05555555555555555 0.07118055555555555
1 0.9631944444444445 0.5928819444444444 0.05694444444444444 0.07118055555555555
1 0.8909722222222223 0.7621527777777778 0.059722222222222225 0.06597222222222222
1 0.6597222222222222 0.8975694444444444 0.058333333333333334 0.0798611111111111
1 0.81875 0.9453125 0.0625 0.07465277777777778
