6 0.5270833333333333 0.19010416666666666 0.10138888888888889 0.109375
6 0.5326388888888889 0.8072916666666666 0.0875 0.10416666666666667
6 0.06388888888888888 0.5225694444444444 0.09166666666666666 0.11805555555555555
6 0.06666666666666667 0.07725694444444445 0.06388888888888888 0.10590277777777778
6 0.08958333333333333 0.7534722222222222 0.08194444444444444 0.11458333333333333
6 0.03888888888888889 0.7699652777777778 0.075 0.10243055555555555
6 0.0798611111111111 0.9019097222222222 0.059722222222222225 0.1267361111111111
6 0.9736111111111111 0.2890625 0.05277777777777778 0.14756944444444445
6 0.9145833333333333 0.2092013888888889 0.0763888888888889 0.0920138888888889
6 0.13819444444444445 0.9236111111111112 0.04861111111111111 0.12152777777777778
