2 0.08611111111111111 0.09809027777777778 0.075 0.0920138888888889
2 0.22916666666666666 0.1953125 0.075 0.0920138888888889
2 0.4395833333333333 0.12065972222222222 0.07916666666666666 0.09895833333333333
2 0.5916666666666667 0.08854166666666667 0.07777777777777778 0.08680555555555555
2 0.48680555555555555 0.28125 0.07361111111111111 0.1076388888888889
2 0.6118055555555556 0.2986111111111111 0.06805555555555555 0.08680555555555555
2 0.8 0.4939236111111111 0.08611111111111111 0.109375
2 0.7729166666666667 0.6302083333333334 0.06527777777777778 0.09027777777777778
2 0.7590277777777777 0.7447916666666666 0.0763888888888889 0.09722222222222222
2 0.9152777777777777 0.7508680555555556 0.08055555555555556 0.1232638888888889
2 0.9451388888888889 0.8420138888888888 0.07361111111111111 0.125
2 0.35625 0.6779513888888888 0.08472222222222223 0.10243055555555555
2 0.22291666666666668 0.6692708333333334 0.07083333333333333 0.0954861111111111
2 0.1951388888888889 0.7934027777777778 0.07083333333333333 0.08680555555555555
2 0.2951388888888889 0.4418402777777778 0.06805555555555555 0.0954861111111111
2 0.11527777777777778 0.4479166666666667 0.06944444444444445 0.09722222222222222
2 0.1763888888888889 0.4965277777777778 0.075 0.08333333333333333
2 0.11944444444444445 0.5807291666666666 0.075 0.0920138888888889
0 0.9666666666666667 0.3697916666666667 0.06388888888888888 0.1076388888888889
2 0.6111111111111112 0.9635416666666666 0.07777777777777778 0.06597222222222222
2 0.28402777777777777 0.9322916666666666 0.0875 0.08333333333333333
0 0.04513888888888889 0.7022569444444444 0.059722222222222225 0.08159722222222222
0 0.09930555555555555 0.20572916666666666 0.0763888888888889 0.0954861111111111
1 0.48333333333333334 0.4192708333333333 0.05 0.0642361111111111
2 0.2569444444444444 0.9748263888888888 0.09166666666666666 0.03993055555555555
2 0.9645833333333333 0.019097222222222224 0.07083333333333333 0.034722222222222224
1 0.5458333333333333 0.013888888888888888 0.04722222222222222 0.024305555555555556
2 0.8020833333333334 0.013020833333333334 0.059722222222222225 0.022569444444444444
