2 0.10416666666666667 0.2508680555555556 0.08055555555555556 0.109375
2 0.1625 0.78125 0.06388888888888888 0.10416666666666667
2 0.6736111111111112 0.625 0.08055555555555556 0.11458333333333333
2 0.8541666666666666 0.5451388888888888 0.06388888888888888 0.10416666666666667
2 0.9763888888888889 0.7100694444444444 0.04722222222222222 0.08680555555555555
1 0.38055555555555554 0.8342013888888888 0.05 0.06076388888888889
2 0.8152777777777778 0.1519097222222222 0.058333333333333334 0.08854166666666667
2 0.9055555555555556 0.3472222222222222 0.05555555555555555 0.11458333333333333
1 0.9284722222222223 0.5347222222222222 0.05138888888888889 0.06944444444444445
1 0.4513888888888889 0.5520833333333334 0.04722222222222222 0.052083333333333336
2 0.45694444444444443 0.4817708333333333 0.13333333333333333 0.08506944444444445
2 0.5916666666666667 0.96875 0.07222222222222222 0.052083333333333336
