1 0.07708333333333334 0.17274305555555555 0.05694444444444444 0.07118055555555555
1 0.24444444444444444 0.11197916666666667 0.05277777777777778 0.0642361111111111
1 0.22083333333333333 0.23958333333333334 0.05555555555555555 0.06597222222222222
1 0.09722222222222222 0.2604166666666667 0.05277777777777778 0.06597222222222222
1 0.01597222222222222 0.2829861111111111 0.029166666666666667 0.06597222222222222
1 0.17708333333333334 0.3854166666666667 0.04861111111111111 0.0625
1 0.15138888888888888 0.4131944444444444 0.05555555555555555 0.059027777777777776
1 0.5152777777777777 0.13194444444444445 0.04722222222222222 0.059027777777777776
1 0.45902777777777776 0.19791666666666666 0.04861111111111111 0.06944444444444445
1 0.5576388888888889 0.2126736111111111 0.04583333333333333 0.07118055555555555
1 0.3451388888888889 0.2743055555555556 0.05138888888888889 0.0625
1 0.39444444444444443 0.3098958333333333 0.04722222222222222 0.0642361111111111
1 0.36736111111111114 0.3949652777777778 0.04861111111111111 0.06076388888888889
1 0.46041666666666664 0.3967013888888889 0.043055555555555555 0.0642361111111111
1 0.3236111111111111 0.4878472222222222 0.05 0.06944444444444445
1 0.41944444444444445 0.4496527777777778 0.04722222222222222 0.0625
1 0.40694444444444444 0.5190972222222222 0.04722222222222222 0.059027777777777776
1 0.10416666666666667 0.6085069444444444 0.058333333333333334 0.07118055555555555
1 0.18194444444444444 0.6189236111111112 0.05 0.0642361111111111
1 0.058333333333333334 0.7664930555555556 0.058333333333333334 0.07465277777777778
1 0.7284722222222222 0.025173611111111112 0.04583333333333333 0.046875
1 0.7979166666666667 0.06684027777777778 0.04583333333333333 0.0642361111111111
1 0.8770833333333333 0.022569444444444444 0.04583333333333333 0.041666666666666664
1 0.8222222222222222 0.2092013888888889 0.041666666666666664 0.050347222222222224
1 0.8534722222222222 0.2378472222222222 0.04583333333333333 0.059027777777777776
1 0.9784722222222222 0.2699652777777778 0.04027777777777778 0.057291666666666664
1 0.45694444444444443 0.6918402777777778 0.05 0.06076388888888889
1 0.20208333333333334 0.7039930555555556 0.04861111111111111 0.057291666666666664
1 0.21180555555555555 0.75 0.04861111111111111 0.05555555555555555
1 0.20694444444444443 0.8055555555555556 0.05 0.06597222222222222
1 0.23958333333333334 0.8836805555555556 0.05138888888888889 0.06597222222222222
1 0.16666666666666666 0.953125 0.05277777777777778 0.059027777777777776
1 0.28541666666666665 0.9730902777777778 0.043055555555555555 0.05381944444444445
1 0.5083333333333333 0.9071180555555556 0.04722222222222222 0.0642361111111111
1 0.5840277777777778 0.8637152777777778 0.04027777777777778 0.057291666666666664
1 0.44930555555555557 0.9774305555555556 0.05138888888888889 0.034722222222222224
1 0.5798611111111112 0.9722222222222222 0.04583333333333333 0.052083333333333336
1 0.6368055555555555 0.8671875 0.043055555555555555 0.06076388888888889
1 0.6201388888888889 0.5034722222222222 0.04861111111111111 0.06944444444444445
1 0.6597222222222222 0.5008680555555556 0.044444444444444446 0.0642361111111111
1 0.8659722222222223 0.3585069444444444 0.043055555555555555 0.05381944444444445
1 0.8305555555555556 0.4435763888888889 0.04722222222222222 0.057291666666666664
1 0.9104166666666667 0.546875 0.04583333333333333 0.05555555555555555
1 0.8548611111111111 0.5980902777777778 0.04583333333333333 0.06076388888888889
1 0.9659722222222222 0.703125 0.04583333333333333 0.059027777777777776
1 0.9722222222222222 0.7586805555555556 0.05555555555555555 0.06944444444444445
1 0.8118055555555556 0.8958333333333334 0.043055555555555555 0.0625
1 0.7618055555555555 0.9105902777777778 0.043055555555555555 0.05381944444444445
1 0.8631944444444445 0.9809027777777778 0.04027777777777778 0.03125
1 0.26875 0.5616319444444444 0.0625 0.0642361111111111
