6 0.6527777777777778 0.07899305555555555 0.06944444444444445 0.07118055555555555
6 0.8756944444444444 0.0859375 0.07083333333333333 0.06770833333333333
6 0.8847222222222222 0.4939236111111111 0.07222222222222222 0.07465277777777778
6 0.8701388888888889 0.625 0.07916666666666666 0.0763888888888889
6 0.8784722222222222 0.7526041666666666 0.0763888888888889 0.10243055555555555
6 0.6854166666666667 0.7274305555555556 0.05694444444444444 0.0798611111111111
6 0.7027777777777777 0.65625 0.075 0.08333333333333333
6 0.26319444444444445 0.5998263888888888 0.05416666666666667 0.08159722222222222
6 0.3680555555555556 0.3836805555555556 0.08888888888888889 0.0798611111111111
6 0.49166666666666664 0.8923611111111112 0.06388888888888888 0.08333333333333333
6 0.1486111111111111 0.027777777777777776 0.07222222222222222 0.052083333333333336
6 0.4722222222222222 0.049479166666666664 0.05555555555555555 0.057291666666666664
6 0.26180555555555557 0.25 0.0625 0.0798611111111111
6 0.65 0.3550347222222222 0.044444444444444446 0.08159722222222222
6 0.03819444444444445 0.7109375 0.04861111111111111 0.09895833333333333
6 0.030555555555555555 0.2569444444444444 0.058333333333333334 0.15625
6 0.46944444444444444 0.8315972222222222 0.05 0.06597222222222222
6 0.46319444444444446 0.6536458333333334 0.04861111111111111 0.06076388888888889
6 0.6118055555555556 0.1449652777777778 0.07083333333333333 0.07118055555555555
6 0.7319444444444444 0.2282986111111111 0.05 0.06770833333333333
6 0.5208333333333334 0.03211805555555555 0.06388888888888888 0.06076388888888889
