2 0.06736111111111111 0.2881944444444444 0.07361111111111111 0.09375
2 0.6708333333333333 0.5060763888888888 0.07777777777777778 0.09895833333333333
2 0.7291666666666666 0.4296875 0.08333333333333333 0.09895833333333333
2 0.7680555555555556 0.203125 0.07222222222222222 0.1076388888888889
2 0.8201388888888889 0.057291666666666664 0.0763888888888889 0.10416666666666667
2 0.96875 0.0546875 0.0625 0.10590277777777778
2 0.7958333333333333 0.3446180555555556 0.07222222222222222 0.08854166666666667
2 0.8284722222222223 0.7491319444444444 0.0763888888888889 0.09895833333333333
2 0.7951388888888888 0.8428819444444444 0.0763888888888889 0.10590277777777778
2 0.9583333333333334 0.9097222222222222 0.06944444444444445 0.1076388888888889
2 0.5048611111111111 0.6961805555555556 0.0763888888888889 0.0798611111111111
2 0.41597222222222224 0.6857638888888888 0.09861111111111111 0.09722222222222222
2 0.17777777777777778 0.7612847222222222 0.07222222222222222 0.08854166666666667
2 0.6131944444444445 0.9557291666666666 0.06527777777777778 0.08506944444444445
2 0.30625 0.8489583333333334 0.06527777777777778 0.09375
2 0.6513888888888889 0.7118055555555556 0.06388888888888888 0.09027777777777778
0 0.2111111111111111 0.8802083333333334 0.06111111111111111 0.09375
0 0.4847222222222222 0.0876736111111111 0.06944444444444445 0.08159722222222222
0 0.7888888888888889 0.6267361111111112 0.06666666666666667 0.09027777777777778
1 0.3888888888888889 0.5520833333333334 0.044444444444444446 0.059027777777777776
0 0.50625 0.96875 0.059722222222222225 0.05555555555555555
7 0.4027777777777778 0.15625 0.04722222222222222 0.05555555555555555
7 0.6604166666666667 0.017361111111111112 0.0625 0.03125
3 0.0125 0.9522569444444444 0.022222222222222223 0.078125
