2 0.3486111111111111 0.044270833333333336 0.06666666666666667 0.08506944444444445
2 0.07013888888888889 0.15711805555555555 0.07361111111111111 0.078125
2 0.08333333333333333 0.4331597222222222 0.06944444444444445 0.11631944444444445
2 0.4013888888888889 0.7083333333333334 0.07222222222222222 0.08333333333333333
2 0.9277777777777778 0.3854166666666667 0.06388888888888888 0.08333333333333333
2 0.9625 0.4782986111111111 0.075 0.11284722222222222
2 0.83125 0.59375 0.0625 0.0763888888888889
2 0.5041666666666667 0.7942708333333334 0.06944444444444445 0.0954861111111111
2 0.7541666666666667 0.06944444444444445 0.06944444444444445 0.08333333333333333
2 0.7861111111111111 0.14322916666666666 0.08888888888888889 0.09895833333333333
2 0.5340277777777778 0.16666666666666666 0.07361111111111111 0.09027777777777778
2 0.03263888888888889 0.625 0.0625 0.0763888888888889
2 0.06805555555555555 0.6901041666666666 0.07222222222222222 0.0920138888888889
2 0.43819444444444444 0.6111111111111112 0.0763888888888889 0.08333333333333333
2 0.4777777777777778 0.3220486111111111 0.08333333333333333 0.08854166666666667
2 0.5125 0.06684027777777778 0.06944444444444445 0.07465277777777778
0 0.13680555555555557 0.7291666666666666 0.059722222222222225 0.07291666666666667
0 0.6138888888888889 0.7708333333333334 0.06388888888888888 0.08333333333333333
2 0.9013888888888889 0.7057291666666666 0.06944444444444445 0.09895833333333333
0 0.6680555555555555 0.4661458333333333 0.058333333333333334 0.07118055555555555
0 0.6180555555555556 0.3498263888888889 0.06666666666666667 0.08159722222222222
2 0.11319444444444444 0.9305555555555556 0.06527777777777778 0.0798611111111111
2 0.56875 0.4774305555555556 0.05694444444444444 0.0763888888888889
2 0.7916666666666666 0.4574652777777778 0.06388888888888888 0.06770833333333333
1 0.4486111111111111 0.20572916666666666 0.041666666666666664 0.050347222222222224
1 0.39444444444444443 0.5052083333333334 0.05 0.052083333333333336
0 0.7763888888888889 0.8585069444444444 0.05555555555555555 0.08506944444444445
2 0.9145833333333333 0.7977430555555556 0.06527777777777778 0.09895833333333333
1 0.8701388888888889 0.4192708333333333 0.043055555555555555 0.06076388888888889
2 0.4791666666666667 0.4539930555555556 0.07777777777777778 0.08159722222222222
1 0.5354166666666667 0.4444444444444444 0.05138888888888889 0.06597222222222222
1 0.15555555555555556 0.8055555555555556 0.04722222222222222 0.052083333333333336
2 0.9854166666666667 0.9435763888888888 0.029166666666666667 0.08854166666666667
0 0.3784722222222222 0.9409722222222222 0.06805555555555555 0.08333333333333333
7 0.6069444444444444 0.4427083333333333 0.04722222222222222 0.0625
7 0.4375 0.8671875 0.06944444444444445 0.08159722222222222
