5 0.5652777777777778 0.2248263888888889 0.03888888888888889 0.05381944444444445
5 0.2652777777777778 0.4045138888888889 0.03333333333333333 0.04513888888888889
0 0.6444444444444445 0.9227430555555556 0.06388888888888888 0.08506944444444445
0 0.2125 0.71875 0.05555555555555555 0.06944444444444445
5 0.30277777777777776 0.17708333333333334 0.041666666666666664 0.04513888888888889
5 0.05694444444444444 0.7829861111111112 0.025 0.03819444444444445
5 0.39375 0.28125 0.04027777777777778 0.04513888888888889
7 0.29305555555555557 0.8663194444444444 0.06111111111111111 0.0798611111111111
5 0.7861111111111111 0.3732638888888889 0.041666666666666664 0.052083333333333336
5 0.4111111111111111 0.3038194444444444 0.03333333333333333 0.04513888888888889
5 0.3020833333333333 0.2092013888888889 0.029166666666666667 0.03298611111111111
5 0.041666666666666664 0.7890625 0.025 0.03298611111111111
5 0.2763888888888889 0.8567708333333334 0.030555555555555555 0.03993055555555555
5 0.8111111111111111 0.5572916666666666 0.03611111111111111 0.041666666666666664
