2 0.06388888888888888 0.2682291666666667 0.07777777777777778 0.078125
2 0.025694444444444443 0.4079861111111111 0.04861111111111111 0.09375
2 0.36527777777777776 0.2864583333333333 0.08611111111111111 0.09375
2 0.41180555555555554 0.1875 0.07361111111111111 0.0798611111111111
2 0.8305555555555556 0.05555555555555555 0.075 0.08680555555555555
1 0.5625 0.4991319444444444 0.05277777777777778 0.07118055555555555
0 0.14722222222222223 0.1345486111111111 0.07222222222222222 0.0920138888888889
2 0.36319444444444443 0.1293402777777778 0.06527777777777778 0.08506944444444445
0 0.4111111111111111 0.8012152777777778 0.06944444444444445 0.0920138888888889
1 0.6625 0.1371527777777778 0.05277777777777778 0.059027777777777776
2 0.34930555555555554 0.9739583333333334 0.07361111111111111 0.04861111111111111
2 0.12013888888888889 0.017361111111111112 0.06527777777777778 0.03125
2 0.3576388888888889 0.019965277777777776 0.05138888888888889 0.036458333333333336
0 0.43194444444444446 0.09461805555555555 0.05 0.06770833333333333
7 0.36875 0.4539930555555556 0.04861111111111111 0.057291666666666664
0 0.44027777777777777 0.1328125 0.044444444444444446 0.05381944444444445
7 0.21944444444444444 0.08940972222222222 0.07777777777777778 0.11631944444444445
2 0.9902777777777778 0.4696180555555556 0.019444444444444445 0.06770833333333333
