6 0.7090277777777778 0.8263888888888888 0.07083333333333333 0.059027777777777776
6 0.575 0.20399305555555555 0.06944444444444445 0.08506944444444445
6 0.16805555555555557 0.3350694444444444 0.07777777777777778 0.07291666666666667
6 0.11527777777777778 0.03298611111111111 0.05555555555555555 0.0625
6 0.024305555555555556 0.4053819444444444 0.04583333333333333 0.08159722222222222
6 0.19652777777777777 0.7743055555555556 0.09583333333333334 0.10069444444444445
6 0.49027777777777776 0.9366319444444444 0.08055555555555556 0.08159722222222222
6 0.8069444444444445 0.4722222222222222 0.075 0.09375
6 0.5006944444444444 0.78125 0.06805555555555555 0.1076388888888889
6 0.0125 0.5564236111111112 0.022222222222222223 0.06076388888888889
