1 0.02847222222222222 0.10503472222222222 0.04861111111111111 0.057291666666666664
1 0.1111111111111111 0.0998263888888889 0.05277777777777778 0.057291666666666664
1 0.05416666666666667 0.1675347222222222 0.05 0.057291666666666664
1 0.12013888888888889 0.21614583333333334 0.05694444444444444 0.06770833333333333
1 0.29097222222222224 0.035590277777777776 0.05694444444444444 0.0642361111111111
1 0.3263888888888889 0.15885416666666666 0.05277777777777778 0.057291666666666664
1 0.46041666666666664 0.0876736111111111 0.05694444444444444 0.0642361111111111
1 0.4152777777777778 0.28125 0.05277777777777778 0.0625
1 0.33194444444444443 0.3081597222222222 0.058333333333333334 0.06770833333333333
1 0.27291666666666664 0.3220486111111111 0.059722222222222225 0.06770833333333333
1 0.03263888888888889 0.4322916666666667 0.04861111111111111 0.0625
1 0.39791666666666664 0.4140625 0.05416666666666667 0.06770833333333333
1 0.28541666666666665 0.3810763888888889 0.05138888888888889 0.06770833333333333
1 0.6763888888888889 0.21961805555555555 0.05 0.06770833333333333
1 0.7763888888888889 0.019965277777777776 0.05 0.036458333333333336
1 0.8388888888888889 0.19444444444444445 0.05 0.06944444444444445
1 0.9479166666666666 0.23524305555555555 0.05416666666666667 0.0642361111111111
1 0.8680555555555556 0.3003472222222222 0.05555555555555555 0.06944444444444445
1 0.9618055555555556 0.3576388888888889 0.05694444444444444 0.0625
1 0.3402777777777778 0.5529513888888888 0.05277777777777778 0.0642361111111111
1 0.07569444444444444 0.6796875 0.05416666666666667 0.0642361111111111
1 0.05694444444444444 0.8194444444444444 0.05555555555555555 0.06597222222222222
1 0.12916666666666668 0.8107638888888888 0.05277777777777778 0.0625
1 0.2375 0.7821180555555556 0.05277777777777778 0.06770833333333333
1 0.19444444444444445 0.6432291666666666 0.044444444444444446 0.0642361111111111
1 0.23680555555555555 0.6475694444444444 0.04861111111111111 0.0625
1 0.2826388888888889 0.6675347222222222 0.04861111111111111 0.06076388888888889
1 0.33055555555555555 0.7170138888888888 0.04722222222222222 0.05555555555555555
1 0.35833333333333334 0.7586805555555556 0.04722222222222222 0.05555555555555555
1 0.3333333333333333 0.828125 0.044444444444444446 0.059027777777777776
1 0.21736111111111112 0.9105902777777778 0.04861111111111111 0.057291666666666664
1 0.15138888888888888 0.9800347222222222 0.05 0.036458333333333336
1 0.43125 0.5911458333333334 0.05416666666666667 0.06770833333333333
1 0.5777777777777777 0.5911458333333334 0.05555555555555555 0.06770833333333333
1 0.42916666666666664 0.6961805555555556 0.044444444444444446 0.059027777777777776
1 0.4083333333333333 0.7274305555555556 0.04722222222222222 0.059027777777777776
1 0.5173611111111112 0.7621527777777778 0.04861111111111111 0.0625
1 0.40625 0.8697916666666666 0.05138888888888889 0.059027777777777776
1 0.4444444444444444 0.8602430555555556 0.044444444444444446 0.057291666666666664
1 0.6402777777777777 0.5208333333333334 0.044444444444444446 0.059027777777777776
1 0.6784722222222223 0.5190972222222222 0.05138888888888889 0.06597222222222222
1 0.6694444444444444 0.6918402777777778 0.05277777777777778 0.0642361111111111
1 0.6576388888888889 0.7552083333333334 0.05416666666666667 0.059027777777777776
1 0.5819444444444445 0.796875 0.05277777777777778 0.06597222222222222
1 0.5506944444444445 0.8307291666666666 0.05416666666666667 0.0642361111111111
1 0.5715277777777777 0.9175347222222222 0.04861111111111111 0.0642361111111111
1 0.8020833333333334 0.5381944444444444 0.04861111111111111 0.06597222222222222
1 0.7701388888888889 0.6414930555555556 0.05416666666666667 0.07118055555555555
1 0.8972222222222223 0.4991319444444444 0.05277777777777778 0.07118055555555555
1 0.9395833333333333 0.5329861111111112 0.04861111111111111 0.06597222222222222
1 0.8979166666666667 0.5755208333333334 0.05416666666666667 0.0642361111111111
1 0.9819444444444444 0.4678819444444444 0.03611111111111111 0.06076388888888889
3 0.9722222222222222 0.5946180555555556 0.05277777777777778 0.06770833333333333
1 0.8958333333333334 0.7465277777777778 0.05 0.0625
1 0.8375 0.7465277777777778 0.04722222222222222 0.06597222222222222
1 0.7972222222222223 0.7413194444444444 0.05 0.06597222222222222
1 0.8826388888888889 0.8506944444444444 0.05416666666666667 0.06944444444444445
1 0.9402777777777778 0.8975694444444444 0.05277777777777778 0.0625
1 0.8548611111111111 0.9470486111111112 0.04583333333333333 0.06076388888888889
1 0.7527777777777778 0.9357638888888888 0.058333333333333334 0.0625
7 0.015277777777777777 0.8055555555555556 0.027777777777777776 0.059027777777777776
