6 0.027777777777777776 0.265625 0.05277777777777778 0.10069444444444445
6 0.18680555555555556 0.296875 0.07916666666666666 0.09375
6 0.33958333333333335 0.3802083333333333 0.06805555555555555 0.1076388888888889
6 0.40208333333333335 0.22135416666666666 0.0763888888888889 0.08506944444444445
6 0.6263888888888889 0.0720486111111111 0.08611111111111111 0.0642361111111111
6 0.6361111111111111 0.3055555555555556 0.08333333333333333 0.09722222222222222
6 0.6354166666666666 0.4409722222222222 0.10694444444444444 0.0798611111111111
6 0.7645833333333333 0.4791666666666667 0.07361111111111111 0.11458333333333333
6 0.41458333333333336 0.5833333333333334 0.0763888888888889 0.10069444444444445
6 0.2791666666666667 0.5763888888888888 0.058333333333333334 0.07291666666666667
6 0.29930555555555555 0.7048611111111112 0.08194444444444444 0.08333333333333333
6 0.18472222222222223 0.5633680555555556 0.09444444444444444 0.07465277777777778
7 0.05138888888888889 0.4279513888888889 0.03333333333333333 0.057291666666666664
7 0.9284722222222223 0.6276041666666666 0.07361111111111111 0.10590277777777778
7 0.9590277777777778 0.3272569444444444 0.08194444444444444 0.18229166666666666
6 0.9861111111111112 0.5164930555555556 0.027777777777777776 0.07465277777777778
6 0.5694444444444444 0.6362847222222222 0.03888888888888889 0.09895833333333333
6 0.17083333333333334 0.11979166666666667 0.05277777777777778 0.08333333333333333
6 0.9534722222222223 0.12760416666666666 0.05138888888888889 0.10590277777777778
7 0.011111111111111112 0.7664930555555556 0.019444444444444445 0.07465277777777778
