1 0.06319444444444444 0.18489583333333334 0.05416666666666667 0.07465277777777778
2 0.1638888888888889 0.13541666666666666 0.07222222222222222 0.09722222222222222
2 0.2 0.2734375 0.08611111111111111 0.09895833333333333
2 0.46111111111111114 0.3125 0.06666666666666667 0.0798611111111111
2 0.4666666666666667 0.04513888888888889 0.06666666666666667 0.08680555555555555
2 0.6194444444444445 0.12586805555555555 0.075 0.10590277777777778
2 0.6743055555555556 0.2803819444444444 0.07916666666666666 0.08854166666666667
2 0.8027777777777778 0.03298611111111111 0.06388888888888888 0.0625
2 0.9743055555555555 0.06770833333333333 0.05138888888888889 0.09722222222222222
2 0.9409722222222222 0.4513888888888889 0.07361111111111111 0.11458333333333333
2 0.7034722222222223 0.6536458333333334 0.06527777777777778 0.08854166666666667
2 0.4736111111111111 0.4973958333333333 0.06944444444444445 0.0954861111111111
2 0.6256944444444444 0.7803819444444444 0.05138888888888889 0.06076388888888889
2 0.575 0.7890625 0.06111111111111111 0.0920138888888889
2 0.4375 0.8767361111111112 0.06666666666666667 0.10069444444444445
2 0.5111111111111111 0.9071180555555556 0.06388888888888888 0.0954861111111111
2 0.5520833333333334 0.9557291666666666 0.07361111111111111 0.08854166666666667
2 0.10694444444444444 0.671875 0.06666666666666667 0.08333333333333333
1 0.29375 0.9479166666666666 0.05138888888888889 0.0625
1 0.6347222222222222 0.026041666666666668 0.04722222222222222 0.04861111111111111
7 0.015277777777777777 0.9635416666666666 0.027777777777777776 0.07291666666666667
7 0.9861111111111112 0.7630208333333334 0.027777777777777776 0.06076388888888889
7 0.9895833333333334 0.3255208333333333 0.020833333333333332 0.07118055555555555
7 0.6083333333333333 0.6953125 0.04722222222222222 0.05381944444444445
