1 0.06875 0.19618055555555555 0.04583333333333333 0.05555555555555555
1 0.024305555555555556 0.4270833333333333 0.043055555555555555 0.06944444444444445
1 0.1125 0.4678819444444444 0.04722222222222222 0.0642361111111111
1 0.3076388888888889 0.058159722222222224 0.04583333333333333 0.06076388888888889
1 0.27361111111111114 0.11458333333333333 0.03888888888888889 0.04861111111111111
1 0.3284722222222222 0.12152777777777778 0.043055555555555555 0.05555555555555555
1 0.38125 0.22743055555555555 0.04583333333333333 0.0625
1 0.20555555555555555 0.3012152777777778 0.044444444444444446 0.057291666666666664
1 0.2111111111111111 0.4296875 0.04722222222222222 0.057291666666666664
1 0.1486111111111111 0.5954861111111112 0.044444444444444446 0.059027777777777776
1 0.08263888888888889 0.5598958333333334 0.043055555555555555 0.06076388888888889
1 0.10208333333333333 0.5998263888888888 0.04027777777777778 0.06076388888888889
1 0.09166666666666666 0.7664930555555556 0.04722222222222222 0.057291666666666664
1 0.24097222222222223 0.4930555555555556 0.043055555555555555 0.059027777777777776
1 0.27152777777777776 0.5755208333333334 0.04583333333333333 0.057291666666666664
1 0.28541666666666665 0.6553819444444444 0.05416666666666667 0.06770833333333333
1 0.35138888888888886 0.5659722222222222 0.04722222222222222 0.0625
1 0.41388888888888886 0.59375 0.05 0.059027777777777776
1 0.48680555555555555 0.6041666666666666 0.04583333333333333 0.05555555555555555
1 0.3090277777777778 0.9166666666666666 0.04583333333333333 0.0625
1 0.11458333333333333 0.9583333333333334 0.04583333333333333 0.059027777777777776
1 0.014583333333333334 0.7265625 0.02638888888888889 0.05381944444444445
1 0.36041666666666666 0.06684027777777778 0.043055555555555555 0.0642361111111111
1 0.40902777777777777 0.058159722222222224 0.043055555555555555 0.06076388888888889
1 0.4618055555555556 0.07899305555555555 0.0375 0.057291666666666664
1 0.5388888888888889 0.019965277777777776 0.04722222222222222 0.036458333333333336
1 0.49722222222222223 0.08333333333333333 0.03333333333333333 0.059027777777777776
1 0.5847222222222223 0.09288194444444445 0.04722222222222222 0.06076388888888889
1 0.6201388888888889 0.05642361111111111 0.04861111111111111 0.0642361111111111
1 0.7166666666666667 0.03125 0.05555555555555555 0.059027777777777776
1 0.7236111111111111 0.11805555555555555 0.04722222222222222 0.0625
1 0.5819444444444445 0.1597222222222222 0.044444444444444446 0.059027777777777776
1 0.5076388888888889 0.2934027777777778 0.04027777777777778 0.0625
1 0.4708333333333333 0.2986111111111111 0.041666666666666664 0.059027777777777776
1 0.47291666666666665 0.3402777777777778 0.05138888888888889 0.059027777777777776
1 0.5236111111111111 0.3776041666666667 0.04722222222222222 0.06076388888888889
1 0.56875 0.3628472222222222 0.04027777777777778 0.059027777777777776
1 0.63125 0.4288194444444444 0.04583333333333333 0.059027777777777776
1 0.7375 0.3168402777777778 0.03888888888888889 0.057291666666666664
1 0.7631944444444444 0.2526041666666667 0.04583333333333333 0.06076388888888889
1 0.9006944444444445 0.20833333333333334 0.04861111111111111 0.06944444444444445
1 0.9118055555555555 0.3324652777777778 0.05138888888888889 0.0642361111111111
1 0.49583333333333335 0.4774305555555556 0.044444444444444446 0.05555555555555555
1 0.6555555555555556 0.5303819444444444 0.04722222222222222 0.057291666666666664
1 0.6659722222222222 0.5685763888888888 0.04583333333333333 0.057291666666666664
1 0.5895833333333333 0.7335069444444444 0.04583333333333333 0.06076388888888889
1 0.5666666666666667 0.7864583333333334 0.04722222222222222 0.06597222222222222
1 0.6729166666666667 0.6388888888888888 0.05694444444444444 0.06944444444444445
1 0.7840277777777778 0.6085069444444444 0.04583333333333333 0.057291666666666664
1 0.8298611111111112 0.5355902777777778 0.05138888888888889 0.07118055555555555
1 0.9256944444444445 0.453125 0.05138888888888889 0.06597222222222222
1 0.9194444444444444 0.5911458333333334 0.05555555555555555 0.06770833333333333
1 0.9486111111111111 0.6579861111111112 0.04722222222222222 0.06597222222222222
1 0.6833333333333333 0.71875 0.05277777777777778 0.06944444444444445
1 0.7791666666666667 0.6831597222222222 0.05 0.06770833333333333
1 0.8215277777777777 0.7309027777777778 0.05138888888888889 0.06597222222222222
1 0.8722222222222222 0.7065972222222222 0.05 0.06597222222222222
1 0.9229166666666667 0.7447916666666666 0.05138888888888889 0.06597222222222222
1 0.7069444444444445 0.8758680555555556 0.05555555555555555 0.06770833333333333
1 0.7347222222222223 0.9227430555555556 0.05 0.06076388888888889
1 0.9680555555555556 0.9583333333333334 0.04722222222222222 0.06944444444444445
3 0.3506944444444444 0.4184027777777778 0.04861111111111111 0.0763888888888889
1 0.0125 0.6840277777777778 0.022222222222222223 0.05555555555555555
1 0.05694444444444444 0.9817708333333334 0.04722222222222222 0.03298611111111111
1 0.9888888888888889 0.7751736111111112 0.022222222222222223 0.06076388888888889
3 0.2590277777777778 0.1657986111111111 0.04861111111111111 0.0642361111111111
