1 0.28888888888888886 0.026041666666666668 0.044444444444444446 0.04861111111111111
1 0.27708333333333335 0.3428819444444444 0.04583333333333333 0.05381944444444445
1 0.1875 0.4010416666666667 0.041666666666666664 0.059027777777777776
1 0.22361111111111112 0.3940972222222222 0.041666666666666664 0.059027777777777776
1 0.26180555555555557 0.5026041666666666 0.04583333333333333 0.057291666666666664
1 0.3736111111111111 0.4774305555555556 0.044444444444444446 0.05555555555555555
1 0.35138888888888886 0.5434027777777778 0.041666666666666664 0.05555555555555555
1 0.4131944444444444 0.6050347222222222 0.04861111111111111 0.06076388888888889
1 0.5416666666666666 0.2439236111111111 0.04722222222222222 0.06076388888888889
1 0.7784722222222222 0.1701388888888889 0.04027777777777778 0.05555555555555555
1 0.7722222222222223 0.3940972222222222 0.04722222222222222 0.059027777777777776
1 0.5819444444444445 0.6510416666666666 0.044444444444444446 0.04861111111111111
1 0.625 0.7352430555555556 0.04722222222222222 0.05381944444444445
1 0.44305555555555554 0.8897569444444444 0.04722222222222222 0.057291666666666664
1 0.21597222222222223 0.7916666666666666 0.04583333333333333 0.05555555555555555
1 0.6479166666666667 0.5538194444444444 0.04027777777777778 0.06597222222222222
1 0.9361111111111111 0.2630208333333333 0.041666666666666664 0.057291666666666664
1 0.08819444444444445 0.6875 0.043055555555555555 0.05555555555555555
1 0.021527777777777778 0.6987847222222222 0.04027777777777778 0.057291666666666664
1 0.06666666666666667 0.7803819444444444 0.044444444444444446 0.050347222222222224
1 0.06805555555555555 0.7335069444444444 0.041666666666666664 0.050347222222222224
1 0.31875 0.8741319444444444 0.043055555555555555 0.05381944444444445
1 0.8847222222222222 0.8706597222222222 0.04722222222222222 0.06076388888888889
1 0.8409722222222222 0.4470486111111111 0.04027777777777778 0.05381944444444445
1 0.85625 0.4982638888888889 0.04583333333333333 0.059027777777777776
1 0.8666666666666667 0.6059027777777778 0.044444444444444446 0.04861111111111111
1 0.8673611111111111 0.6493055555555556 0.04583333333333333 0.04861111111111111
1 0.94375 0.6996527777777778 0.043055555555555555 0.05555555555555555
1 0.9048611111111111 0.7395833333333334 0.043055555555555555 0.059027777777777776
1 0.9826388888888888 0.7725694444444444 0.034722222222222224 0.0625
1 0.7034722222222223 0.5789930555555556 0.04583333333333333 0.06076388888888889
1 0.5902777777777778 0.2795138888888889 0.04722222222222222 0.0625
1 0.9604166666666667 0.3585069444444444 0.043055555555555555 0.05381944444444445
1 0.9375 0.3177083333333333 0.041666666666666664 0.052083333333333336
1 0.4361111111111111 0.9670138888888888 0.044444444444444446 0.05555555555555555
1 0.01597222222222222 0.9270833333333334 0.029166666666666667 0.05555555555555555
1 0.024305555555555556 0.9782986111111112 0.04583333333333333 0.03993055555555555
1 0.825 0.125 0.044444444444444446 0.05555555555555555
3 0.5916666666666667 0.3880208333333333 0.044444444444444446 0.0642361111111111
3 0.5319444444444444 0.6848958333333334 0.05277777777777778 0.0642361111111111
3 0.54375 0.9435763888888888 0.05694444444444444 0.07118055555555555
3 0.016666666666666666 0.4739583333333333 0.030555555555555555 0.0763888888888889
3 0.09375 0.5894097222222222 0.04583333333333333 0.06076388888888889
3 0.014583333333333334 0.11458333333333333 0.02638888888888889 0.06597222222222222
1 0.5583333333333333 0.013020833333333334 0.044444444444444446 0.022569444444444444
1 0.24791666666666667 0.9852430555555556 0.043055555555555555 0.026041666666666668
1 0.3625 0.984375 0.041666666666666664 0.024305555555555556
3 0.3333333333333333 0.9201388888888888 0.05 0.06944444444444445
