1 0.14027777777777778 0.029513888888888888 0.04722222222222222 0.05555555555555555
1 0.1673611111111111 0.1831597222222222 0.043055555555555555 0.06076388888888889
1 0.28125 0.4592013888888889 0.05416666666666667 0.06770833333333333
1 0.049305555555555554 0.8098958333333334 0.04861111111111111 0.07118055555555555
1 0.36527777777777776 0.5989583333333334 0.05 0.06944444444444445
1 0.49236111111111114 0.7907986111111112 0.05416666666666667 0.06770833333333333
1 0.6229166666666667 0.6597222222222222 0.04861111111111111 0.06944444444444445
1 0.7930555555555555 0.8090277777777778 0.05555555555555555 0.06597222222222222
1 0.5354166666666667 0.2508680555555556 0.05416666666666667 0.07118055555555555
1 0.6298611111111111 0.3663194444444444 0.05416666666666667 0.06944444444444445
1 0.7854166666666667 0.3984375 0.05416666666666667 0.0642361111111111
1 0.7263888888888889 0.2265625 0.05277777777777778 0.0642361111111111
1 0.7854166666666667 0.09809027777777778 0.05416666666666667 0.06770833333333333
