2 0.12291666666666666 0.10590277777777778 0.06805555555555555 0.10416666666666667
2 0.2590277777777778 0.09114583333333333 0.07916666666666666 0.0954861111111111
2 0.37430555555555556 0.17881944444444445 0.07083333333333333 0.09027777777777778
2 0.29097222222222224 0.234375 0.06527777777777778 0.1111111111111111
2 0.5055555555555555 0.033854166666666664 0.07777777777777778 0.0642361111111111
2 0.9361111111111111 0.2065972222222222 0.075 0.09027777777777778
2 0.6409722222222223 0.5355902777777778 0.06527777777777778 0.11631944444444445
2 0.8194444444444444 0.5842013888888888 0.06388888888888888 0.10243055555555555
2 0.9743055555555555 0.5338541666666666 0.05138888888888889 0.09895833333333333
2 0.3861111111111111 0.8255208333333334 0.075 0.09895833333333333
2 0.10138888888888889 0.7222222222222222 0.07222222222222222 0.11805555555555555
2 0.03888888888888889 0.9513888888888888 0.075 0.09722222222222222
0 0.5847222222222223 0.28125 0.058333333333333334 0.0798611111111111
0 0.8680555555555556 0.027777777777777776 0.058333333333333334 0.052083333333333336
2 0.019444444444444445 0.4053819444444444 0.03611111111111111 0.07465277777777778
2 0.020833333333333332 0.4809027777777778 0.03888888888888889 0.0798611111111111
0 0.30486111111111114 0.8758680555555556 0.05694444444444444 0.08159722222222222
0 0.5034722222222222 0.9262152777777778 0.07361111111111111 0.0920138888888889
2 0.6840277777777778 0.3932291666666667 0.05138888888888889 0.07465277777777778
2 0.6479166666666667 0.3532986111111111 0.059722222222222225 0.078125
2 0.9208333333333333 0.042534722222222224 0.06666666666666667 0.08159722222222222
2 0.9826388888888888 0.11197916666666667 0.034722222222222224 0.0920138888888889
2 0.5006944444444444 0.13541666666666666 0.10416666666666667 0.125
7 0.9673611111111111 0.8671875 0.06527777777777778 0.11284722222222222
