0 0.35 0.2361111111111111 0.06388888888888888 0.09027777777777778
0 0.2611111111111111 0.1467013888888889 0.05277777777777778 0.0642361111111111
2 0.49930555555555556 0.8012152777777778 0.07083333333333333 0.08854166666666667
2 0.40902777777777777 0.8185763888888888 0.07361111111111111 0.09895833333333333
2 0.24027777777777778 0.8671875 0.08888888888888889 0.078125
2 0.03263888888888889 0.5434027777777778 0.0625 0.10069444444444445
2 0.39375 0.5755208333333334 0.08194444444444444 0.09895833333333333
2 0.5944444444444444 0.22135416666666666 0.08055555555555556 0.08506944444444445
2 0.9402777777777778 0.2421875 0.06944444444444445 0.0954861111111111
2 0.7576388888888889 0.6215277777777778 0.07361111111111111 0.08680555555555555
2 0.5236111111111111 0.9322916666666666 0.06666666666666667 0.08333333333333333
2 0.19375 0.2821180555555556 0.08194444444444444 0.0920138888888889
2 0.2611111111111111 0.028645833333333332 0.07777777777777778 0.05381944444444445
2 0.30069444444444443 0.3090277777777778 0.08472222222222223 0.09375
2 0.8333333333333334 0.8862847222222222 0.07222222222222222 0.10243055555555555
2 0.09097222222222222 0.1440972222222222 0.0625 0.0798611111111111
0 0.28888888888888886 0.4800347222222222 0.06111111111111111 0.08159722222222222
2 0.7319444444444444 0.5329861111111112 0.06666666666666667 0.0798611111111111
2 0.8048611111111111 0.4913194444444444 0.05694444444444444 0.0798611111111111
2 0.6875 0.7395833333333334 0.06666666666666667 0.09027777777777778
1 0.18263888888888888 0.7916666666666666 0.04027777777777778 0.052083333333333336
1 0.2951388888888889 0.8020833333333334 0.04027777777777778 0.05555555555555555
2 0.015277777777777777 0.4609375 0.027777777777777776 0.07118055555555555
2 0.7381944444444445 0.3446180555555556 0.05694444444444444 0.07465277777777778
2 0.7055555555555556 0.3819444444444444 0.05555555555555555 0.0763888888888889
1 0.47708333333333336 0.03993055555555555 0.05416666666666667 0.05555555555555555
7 0.11180555555555556 0.9652777777777778 0.09583333333333334 0.06597222222222222
7 0.3659722222222222 0.020833333333333332 0.0375 0.03819444444444445
7 0.4215277777777778 0.014756944444444444 0.05694444444444444 0.026041666666666668
