2 0.1375 0.14149305555555555 0.07222222222222222 0.08159722222222222
2 0.16180555555555556 0.28125 0.06527777777777778 0.1111111111111111
2 0.4791666666666667 0.6015625 0.06666666666666667 0.0954861111111111
2 0.7819444444444444 0.3246527777777778 0.06111111111111111 0.08680555555555555
2 0.14166666666666666 0.7907986111111112 0.075 0.0954861111111111
0 0.18055555555555555 0.9626736111111112 0.06111111111111111 0.07118055555555555
0 0.5541666666666667 0.4019097222222222 0.06944444444444445 0.08506944444444445
2 0.04513888888888889 0.4461805555555556 0.07083333333333333 0.10069444444444445
2 0.8604166666666667 0.9166666666666666 0.06805555555555555 0.09027777777777778
1 0.0763888888888889 0.22916666666666666 0.044444444444444446 0.05555555555555555
2 0.53125 0.2578125 0.07083333333333333 0.08506944444444445
1 0.9173611111111111 0.4835069444444444 0.043055555555555555 0.050347222222222224
2 0.6520833333333333 0.9739583333333334 0.07083333333333333 0.03819444444444445
