2 0.19652777777777777 0.026041666666666668 0.059722222222222225 0.04861111111111111
2 0.2604166666666667 0.027777777777777776 0.06527777777777778 0.052083333333333336
2 0.47847222222222224 0.2595486111111111 0.07083333333333333 0.08854166666666667
2 0.4465277777777778 0.3515625 0.06805555555555555 0.0920138888888889
2 0.18194444444444444 0.7890625 0.06666666666666667 0.10243055555555555
2 0.06180555555555556 0.5147569444444444 0.06805555555555555 0.0920138888888889
2 0.7493055555555556 0.5859375 0.06805555555555555 0.10590277777777778
2 0.9395833333333333 0.4522569444444444 0.06805555555555555 0.08159722222222222
2 0.9076388888888889 0.06770833333333333 0.07083333333333333 0.09027777777777778
2 0.9423611111111111 0.6588541666666666 0.07361111111111111 0.0920138888888889
3 0.3055555555555556 0.21875 0.05277777777777778 0.06597222222222222
3 0.6236111111111111 0.34375 0.04722222222222222 0.06597222222222222
0 0.06597222222222222 0.8151041666666666 0.059722222222222225 0.07465277777777778
1 0.9208333333333333 0.5798611111111112 0.05555555555555555 0.07291666666666667
1 0.5791666666666667 0.09027777777777778 0.06111111111111111 0.07291666666666667
3 0.09097222222222222 0.027777777777777776 0.05416666666666667 0.052083333333333336
1 0.14791666666666667 0.8645833333333334 0.05694444444444444 0.06944444444444445
1 0.30416666666666664 0.8619791666666666 0.05555555555555555 0.06076388888888889
3 0.9104166666666667 0.7196180555555556 0.04861111111111111 0.057291666666666664
2 0.68125 0.2925347222222222 0.09027777777777778 0.08506944444444445
2 0.018055555555555554 0.22569444444444445 0.03333333333333333 0.125
2 0.23333333333333334 0.9800347222222222 0.06944444444444445 0.03993055555555555
2 0.6784722222222223 0.3645833333333333 0.07916666666666666 0.0798611111111111
