2 0.14305555555555555 0.1328125 0.08055555555555556 0.10590277777777778
2 0.4215277777777778 0.09722222222222222 0.059722222222222225 0.10069444444444445
2 0.45625 0.3072916666666667 0.06527777777777778 0.09722222222222222
2 0.6736111111111112 0.5286458333333334 0.06388888888888888 0.0954861111111111
2 0.7 0.5954861111111112 0.06944444444444445 0.10069444444444445
2 0.8090277777777778 0.7039930555555556 0.0763888888888889 0.11631944444444445
2 0.7326388888888888 0.7109375 0.0763888888888889 0.10243055555555555
2 0.7243055555555555 0.8828125 0.06805555555555555 0.0920138888888889
2 0.5576388888888889 0.7942708333333334 0.06805555555555555 0.0954861111111111
2 0.6111111111111112 0.640625 0.08333333333333333 0.10069444444444445
2 0.39444444444444443 0.7265625 0.08611111111111111 0.08854166666666667
2 0.2763888888888889 0.4861111111111111 0.06666666666666667 0.09375
2 0.05 0.4192708333333333 0.06944444444444445 0.0954861111111111
2 0.29930555555555555 0.9522569444444444 0.08472222222222223 0.08506944444444445
2 0.6138888888888889 0.9583333333333334 0.06388888888888888 0.07291666666666667
2 0.7020833333333333 0.03211805555555555 0.08194444444444444 0.06076388888888889
2 0.07291666666666667 0.0859375 0.07361111111111111 0.10243055555555555
0 0.5076388888888889 0.2421875 0.07083333333333333 0.0954861111111111
0 0.12222222222222222 0.3524305555555556 0.06388888888888888 0.08680555555555555
0 0.47430555555555554 0.6171875 0.059722222222222225 0.08506944444444445
0 0.6805555555555556 0.3715277777777778 0.06111111111111111 0.08333333333333333
1 0.7583333333333333 0.20833333333333334 0.04722222222222222 0.059027777777777776
1 0.7291666666666666 0.4470486111111111 0.05277777777777778 0.06770833333333333
1 0.5784722222222223 0.5121527777777778 0.04583333333333333 0.059027777777777776
1 0.5298611111111111 0.6380208333333334 0.043055555555555555 0.057291666666666664
2 0.53125 0.15625 0.059722222222222225 0.08680555555555555
1 0.5208333333333334 0.5043402777777778 0.05555555555555555 0.0642361111111111
7 0.4701388888888889 0.7595486111111112 0.0625 0.08854166666666667
2 0.021527777777777778 0.04774305555555555 0.04027777777777778 0.07118055555555555
7 0.37222222222222223 0.9835069444444444 0.05555555555555555 0.03298611111111111
2 0.013888888888888888 0.3671875 0.025 0.0954861111111111
7 0.39791666666666664 0.009548611111111112 0.0763888888888889 0.015625
