2 0.02638888888888889 0.1189236111111111 0.05 0.0954861111111111
2 0.1361111111111111 0.1154513888888889 0.07222222222222222 0.0920138888888889
2 0.07013888888888889 0.265625 0.06805555555555555 0.09722222222222222
2 0.2951388888888889 0.10503472222222222 0.07361111111111111 0.10243055555555555
2 0.3416666666666667 0.04079861111111111 0.07777777777777778 0.078125
2 0.8333333333333334 0.3385416666666667 0.06666666666666667 0.10069444444444445
2 0.9569444444444445 0.21788194444444445 0.08055555555555556 0.109375
2 0.11319444444444444 0.5902777777777778 0.07083333333333333 0.09375
2 0.7444444444444445 0.7048611111111112 0.07777777777777778 0.10069444444444445
2 0.8597222222222223 0.6857638888888888 0.075 0.10069444444444445
2 0.47638888888888886 0.24305555555555555 0.07777777777777778 0.10069444444444445
0 0.19652777777777777 0.4184027777777778 0.06527777777777778 0.08680555555555555
1 0.6881944444444444 0.5164930555555556 0.04861111111111111 0.06076388888888889
2 0.020833333333333332 0.4427083333333333 0.03888888888888889 0.09027777777777778
1 0.6381944444444444 0.1996527777777778 0.04583333333333333 0.059027777777777776
2 0.6180555555555556 0.9001736111111112 0.06111111111111111 0.07465277777777778
2 0.7083333333333334 0.4036458333333333 0.058333333333333334 0.078125
2 0.6722222222222223 0.1779513888888889 0.05555555555555555 0.06770833333333333
7 0.19236111111111112 0.6918402777777778 0.05416666666666667 0.06076388888888889
