1 0.019444444444444445 0.12065972222222222 0.03611111111111111 0.0642361111111111
1 0.1326388888888889 0.07465277777777778 0.04861111111111111 0.0625
1 0.24722222222222223 0.026041666666666668 0.04722222222222222 0.04861111111111111
1 0.36319444444444443 0.1605902777777778 0.04861111111111111 0.057291666666666664
1 0.5180555555555556 0.06597222222222222 0.04722222222222222 0.05555555555555555
1 0.47708333333333336 0.23958333333333334 0.04583333333333333 0.06597222222222222
1 0.43333333333333335 0.3272569444444444 0.04722222222222222 0.0642361111111111
1 0.38819444444444445 0.21875 0.04583333333333333 0.05555555555555555
1 0.5222222222222223 0.2265625 0.041666666666666664 0.06076388888888889
1 0.6638888888888889 0.17708333333333334 0.04722222222222222 0.0625
1 0.8076388888888889 0.2769097222222222 0.043055555555555555 0.0642361111111111
1 0.6798611111111111 0.3932291666666667 0.0375 0.06076388888888889
1 0.5791666666666667 0.4444444444444444 0.044444444444444446 0.059027777777777776
1 0.2513888888888889 0.4157986111111111 0.04722222222222222 0.06076388888888889
1 0.20902777777777778 0.453125 0.043055555555555555 0.059027777777777776
1 0.2986111111111111 0.4826388888888889 0.044444444444444446 0.05555555555555555
1 0.19444444444444445 0.5460069444444444 0.04722222222222222 0.057291666666666664
1 0.2701388888888889 0.6432291666666666 0.04583333333333333 0.057291666666666664
1 0.18888888888888888 0.7144097222222222 0.05 0.06770833333333333
1 0.09166666666666666 0.8402777777777778 0.05277777777777778 0.059027777777777776
1 0.22152777777777777 0.8975694444444444 0.043055555555555555 0.0625
1 0.34444444444444444 0.7847222222222222 0.044444444444444446 0.0625
1 0.49583333333333335 0.609375 0.044444444444444446 0.0625
1 0.7909722222222222 0.4635416666666667 0.043055555555555555 0.059027777777777776
1 0.9375 0.3142361111111111 0.04722222222222222 0.059027777777777776
1 0.8520833333333333 0.2951388888888889 0.043055555555555555 0.059027777777777776
1 0.8319444444444445 0.3324652777777778 0.03888888888888889 0.0642361111111111
1 0.9868055555555556 0.4027777777777778 0.02638888888888889 0.06944444444444445
1 0.875 0.1015625 0.06111111111111111 0.07118055555555555
1 0.4201388888888889 0.07465277777777778 0.06527777777777778 0.0798611111111111
1 0.041666666666666664 0.5616319444444444 0.041666666666666664 0.050347222222222224
1 0.03125 0.6119791666666666 0.043055555555555555 0.050347222222222224
1 0.45069444444444445 0.8107638888888888 0.04583333333333333 0.059027777777777776
1 0.3277777777777778 0.921875 0.04722222222222222 0.05555555555555555
1 0.36875 0.9774305555555556 0.04861111111111111 0.041666666666666664
1 0.46111111111111114 0.8802083333333334 0.04722222222222222 0.0625
1 0.5326388888888889 0.7526041666666666 0.043055555555555555 0.06076388888888889
1 0.6236111111111111 0.8255208333333334 0.044444444444444446 0.0642361111111111
1 0.7416666666666667 0.7213541666666666 0.041666666666666664 0.06770833333333333
1 0.8291666666666667 0.7196180555555556 0.044444444444444446 0.06770833333333333
1 0.8618055555555556 0.8003472222222222 0.04861111111111111 0.059027777777777776
1 0.9513888888888888 0.8255208333333334 0.044444444444444446 0.057291666666666664
1 0.8270833333333333 0.9357638888888888 0.04861111111111111 0.0625
1 0.6708333333333333 0.9435763888888888 0.044444444444444446 0.057291666666666664
1 0.6319444444444444 0.9765625 0.04722222222222222 0.03298611111111111
1 0.5548611111111111 0.9236111111111112 0.0375 0.05555555555555555
1 0.5236111111111111 0.9192708333333334 0.04722222222222222 0.05381944444444445
1 0.5923611111111111 0.53125 0.04583333333333333 0.059027777777777776
1 0.575 0.5737847222222222 0.044444444444444446 0.06076388888888889
1 0.9513888888888888 0.5364583333333334 0.044444444444444446 0.0625
1 0.9215277777777777 0.5850694444444444 0.043055555555555555 0.059027777777777776
1 0.975 0.6310763888888888 0.05 0.057291666666666664
3 0.3840277777777778 0.6927083333333334 0.04861111111111111 0.06944444444444445
1 0.034027777777777775 0.016493055555555556 0.04861111111111111 0.029513888888888888
7 0.15486111111111112 0.625 0.043055555555555555 0.059027777777777776
