1 0.04513888888888889 0.028645833333333332 0.04861111111111111 0.05381944444444445
1 0.4236111111111111 0.05381944444444445 0.044444444444444446 0.059027777777777776
1 0.4395833333333333 0.15625 0.05694444444444444 0.0625
1 0.7826388888888889 0.06163194444444445 0.05138888888888889 0.0642361111111111
1 0.1111111111111111 0.2152777777777778 0.05555555555555555 0.059027777777777776
1 0.24375 0.2152777777777778 0.05138888888888889 0.0625
1 0.3159722222222222 0.14149305555555555 0.04861111111111111 0.057291666666666664
1 0.3055555555555556 0.1892361111111111 0.05 0.059027777777777776
1 0.3875 0.3012152777777778 0.044444444444444446 0.0642361111111111
1 0.31875 0.3637152777777778 0.04583333333333333 0.057291666666666664
1 0.5180555555555556 0.3932291666666667 0.044444444444444446 0.06076388888888889
1 0.8409722222222222 0.3298611111111111 0.04583333333333333 0.059027777777777776
1 0.8805555555555555 0.19444444444444445 0.041666666666666664 0.059027777777777776
1 0.93125 0.08506944444444445 0.04583333333333333 0.059027777777777776
1 0.9652777777777778 0.1310763888888889 0.044444444444444446 0.057291666666666664
1 0.9458333333333333 0.17708333333333334 0.05 0.0625
1 0.96875 0.2248263888888889 0.04583333333333333 0.06076388888888889
1 0.8229166666666666 0.5078125 0.05138888888888889 0.0642361111111111
1 0.4375 0.4939236111111111 0.044444444444444446 0.057291666666666664
1 0.4625 0.5538194444444444 0.044444444444444446 0.052083333333333336
1 0.5569444444444445 0.5954861111111112 0.044444444444444446 0.059027777777777776
1 0.6340277777777777 0.6050347222222222 0.04583333333333333 0.06076388888888889
1 0.7340277777777777 0.6293402777777778 0.04583333333333333 0.06076388888888889
1 0.8708333333333333 0.6171875 0.044444444444444446 0.06076388888888889
1 0.9069444444444444 0.6102430555555556 0.03888888888888889 0.0642361111111111
1 0.38680555555555557 0.671875 0.04583333333333333 0.0625
1 0.3173611111111111 0.7734375 0.04861111111111111 0.06076388888888889
1 0.20416666666666666 0.6623263888888888 0.04722222222222222 0.0642361111111111
1 0.10138888888888889 0.6302083333333334 0.044444444444444446 0.05555555555555555
1 0.12222222222222222 0.6684027777777778 0.044444444444444446 0.052083333333333336
1 0.1909722222222222 0.8897569444444444 0.04861111111111111 0.0642361111111111
1 0.052083333333333336 0.8411458333333334 0.04027777777777778 0.057291666666666664
1 0.07291666666666667 0.9140625 0.04027777777777778 0.050347222222222224
1 0.08680555555555555 0.9557291666666666 0.04583333333333333 0.057291666666666664
1 0.5229166666666667 0.7934027777777778 0.05138888888888889 0.0625
1 0.5645833333333333 0.8758680555555556 0.04027777777777778 0.06076388888888889
1 0.5493055555555556 0.9331597222222222 0.043055555555555555 0.0642361111111111
1 0.9097222222222222 0.8237847222222222 0.044444444444444446 0.06076388888888889
1 0.8020833333333334 0.96875 0.04583333333333333 0.052083333333333336
1 0.5993055555555555 0.6597222222222222 0.043055555555555555 0.059027777777777776
1 0.6083333333333333 0.703125 0.044444444444444446 0.059027777777777776
1 0.7347222222222223 0.0234375 0.041666666666666664 0.043402777777777776
1 0.9888888888888889 0.3914930555555556 0.022222222222222223 0.0642361111111111
1 0.4597222222222222 0.9817708333333334 0.05 0.036458333333333336
1 0.009722222222222222 0.9704861111111112 0.016666666666666666 0.052083333333333336
