1 0.1076388888888889 0.4149305555555556 0.07083333333333333 0.0763888888888889
1 0.40347222222222223 0.4435763888888889 0.07361111111111111 0.08159722222222222
1 0.4125 0.2092013888888889 0.06388888888888888 0.07118055555555555
1 0.5777777777777777 0.546875 0.07222222222222222 0.07291666666666667
1 0.5361111111111111 0.22916666666666666 0.075 0.08333333333333333
1 0.7888888888888889 0.6701388888888888 0.08055555555555556 0.08680555555555555
1 0.3729166666666667 0.8949652777777778 0.0763888888888889 0.08506944444444445
1 0.61875 0.7734375 0.059722222222222225 0.07118055555555555
1 0.29375 0.625 0.07361111111111111 0.06597222222222222
1 0.5625 0.4253472222222222 0.075 0.09375
1 0.6784722222222223 0.0685763888888889 0.06527777777777778 0.0642361111111111
1 0.11875 0.04600694444444445 0.07916666666666666 0.06076388888888889
