2 0.07361111111111111 0.07552083333333333 0.08055555555555556 0.08506944444444445
2 0.1986111111111111 0.3741319444444444 0.06944444444444445 0.08854166666666667
2 0.11944444444444445 0.8237847222222222 0.07222222222222222 0.0954861111111111
2 0.5895833333333333 0.6935763888888888 0.0625 0.09895833333333333
2 0.6923611111111111 0.5824652777777778 0.059722222222222225 0.08506944444444445
2 0.8402777777777778 0.5668402777777778 0.06944444444444445 0.10590277777777778
2 0.9583333333333334 0.5642361111111112 0.07777777777777778 0.10069444444444445
2 0.8506944444444444 0.6631944444444444 0.06527777777777778 0.0763888888888889
2 0.8180555555555555 0.7300347222222222 0.07222222222222222 0.078125
2 0.6215277777777778 0.4340277777777778 0.06805555555555555 0.11805555555555555
2 0.4625 0.09375 0.06944444444444445 0.09375
2 0.5861111111111111 0.3298611111111111 0.07222222222222222 0.09027777777777778
2 0.625 0.5590277777777778 0.06666666666666667 0.10069444444444445
2 0.8333333333333334 0.9201388888888888 0.07222222222222222 0.10416666666666667
2 0.45069444444444445 0.9513888888888888 0.0763888888888889 0.08333333333333333
0 0.08194444444444444 0.1640625 0.05555555555555555 0.06770833333333333
0 0.04861111111111111 0.9305555555555556 0.06111111111111111 0.0798611111111111
0 0.7798611111111111 0.3055555555555556 0.06527777777777778 0.09375
2 0.7743055555555556 0.06510416666666667 0.059722222222222225 0.07465277777777778
2 0.7131944444444445 0.0876736111111111 0.0763888888888889 0.08506944444444445
2 0.9833333333333333 0.3888888888888889 0.03333333333333333 0.0763888888888889
2 0.9527777777777777 0.7517361111111112 0.04722222222222222 0.06597222222222222
2 0.9256944444444445 0.9765625 0.07083333333333333 0.046875
2 0.12361111111111112 0.2638888888888889 0.08055555555555556 0.08333333333333333
2 0.5326388888888889 0.15364583333333334 0.06527777777777778 0.078125
1 0.4076388888888889 0.5824652777777778 0.05138888888888889 0.06770833333333333
2 0.05138888888888889 0.6953125 0.06666666666666667 0.078125
2 0.09166666666666666 0.7309027777777778 0.058333333333333334 0.0798611111111111
7 0.10208333333333333 0.3046875 0.059722222222222225 0.07465277777777778
2 0.7993055555555556 0.9696180555555556 0.05416666666666667 0.05381944444444445
7 0.2923611111111111 0.7126736111111112 0.059722222222222225 0.07465277777777778
7 0.7013888888888888 0.9756944444444444 0.06111111111111111 0.04861111111111111
7 0.40208333333333335 0.019965277777777776 0.07916666666666666 0.036458333333333336
2 0.9326388888888889 0.015625 0.06527777777777778 0.027777777777777776
