1 0.6236111111111111 0.4644097222222222 0.075 0.078125
1 0.5777777777777777 0.8559027777777778 0.06944444444444445 0.0798611111111111
1 0.38333333333333336 0.8107638888888888 0.07222222222222222 0.08333333333333333
1 0.13055555555555556 0.3732638888888889 0.08333333333333333 0.07291666666666667
1 0.16875 0.5763888888888888 0.0763888888888889 0.1076388888888889
1 0.24930555555555556 0.7447916666666666 0.07916666666666666 0.0798611111111111
1 0.2826388888888889 0.24131944444444445 0.12638888888888888 0.09722222222222222
1 0.8208333333333333 0.3967013888888889 0.075 0.078125
1 0.35 0.5607638888888888 0.06111111111111111 0.06944444444444445
1 0.4618055555555556 0.4791666666666667 0.0625 0.08680555555555555
1 0.3013888888888889 0.8307291666666666 0.07222222222222222 0.07118055555555555
