1 0.0625 0.5121527777777778 0.06111111111111111 0.0763888888888889
1 0.21597222222222223 0.7222222222222222 0.06805555555555555 0.07291666666666667
1 0.24583333333333332 0.9114583333333334 0.06388888888888888 0.06597222222222222
1 0.7055555555555556 0.6397569444444444 0.06944444444444445 0.078125
1 0.6611111111111111 0.8741319444444444 0.07222222222222222 0.078125
1 0.45694444444444443 0.2630208333333333 0.075 0.07465277777777778
1 0.5979166666666667 0.3081597222222222 0.07083333333333333 0.078125
1 0.7736111111111111 0.6901041666666666 0.058333333333333334 0.07118055555555555
1 0.47708333333333336 0.6553819444444444 0.06527777777777778 0.08506944444444445
1 0.7638888888888888 0.1440972222222222 0.06388888888888888 0.0798611111111111
1 0.6951388888888889 0.059027777777777776 0.0625 0.06597222222222222
