2 0.059722222222222225 0.07118055555555555 0.10277777777777777 0.1076388888888889
2 0.1111111111111111 0.2760416666666667 0.06388888888888888 0.09375
2 0.06666666666666667 0.3940972222222222 0.07222222222222222 0.09722222222222222
2 0.4618055555555556 0.2404513888888889 0.07083333333333333 0.08854166666666667
2 0.6506944444444445 0.2743055555555556 0.07361111111111111 0.1076388888888889
2 0.61875 0.14930555555555555 0.09583333333333334 0.11458333333333333
0 0.8541666666666666 0.08333333333333333 0.06666666666666667 0.09027777777777778
2 0.8486111111111111 0.3654513888888889 0.06944444444444445 0.0954861111111111
2 0.9513888888888888 0.5399305555555556 0.06666666666666667 0.09722222222222222
2 0.55 0.5546875 0.07777777777777778 0.08506944444444445
2 0.6333333333333333 0.4782986111111111 0.08888888888888889 0.08159722222222222
2 0.4583333333333333 0.65625 0.06944444444444445 0.08680555555555555
2 0.16527777777777777 0.8498263888888888 0.07777777777777778 0.10243055555555555
2 0.043055555555555555 0.9609375 0.06388888888888888 0.0642361111111111
2 0.5208333333333334 0.9635416666666666 0.08055555555555556 0.05555555555555555
2 0.8479166666666667 0.9071180555555556 0.06805555555555555 0.078125
2 0.9131944444444444 0.90625 0.0625 0.08333333333333333
2 0.46041666666666664 0.3671875 0.06527777777777778 0.07118055555555555
0 0.3576388888888889 0.7777777777777778 0.059722222222222225 0.09375
0 0.18888888888888888 0.6076388888888888 0.06944444444444445 0.0798611111111111
7 0.10416666666666667 0.4652777777777778 0.07222222222222222 0.09027777777777778
7 0.3770833333333333 0.6605902777777778 0.05694444444444444 0.06770833333333333
7 0.2902777777777778 0.8897569444444444 0.05555555555555555 0.06076388888888889
2 0.016666666666666666 0.6970486111111112 0.030555555555555555 0.07465277777777778
7 0.019444444444444445 0.3003472222222222 0.03611111111111111 0.08333333333333333
