2 0.34791666666666665 0.14149305555555555 0.07361111111111111 0.08159722222222222
2 0.4111111111111111 0.11458333333333333 0.07777777777777778 0.09722222222222222
2 0.49583333333333335 0.28125 0.06944444444444445 0.10069444444444445
2 0.7097222222222223 0.0642361111111111 0.08055555555555556 0.09027777777777778
2 0.8152777777777778 0.3793402777777778 0.06944444444444445 0.0954861111111111
2 0.7395833333333334 0.4427083333333333 0.06805555555555555 0.1076388888888889
2 0.8152777777777778 0.5269097222222222 0.06944444444444445 0.08854166666666667
2 0.4756944444444444 0.7135416666666666 0.06527777777777778 0.10416666666666667
2 0.034027777777777775 0.8203125 0.06527777777777778 0.10590277777777778
2 0.24722222222222223 0.5815972222222222 0.06944444444444445 0.0798611111111111
2 0.11319444444444444 0.9592013888888888 0.07361111111111111 0.06770833333333333
0 0.28680555555555554 0.23958333333333334 0.07361111111111111 0.08680555555555555
0 0.20347222222222222 0.1519097222222222 0.0625 0.08854166666666667
0 0.08888888888888889 0.09375 0.06388888888888888 0.08333333333333333
0 0.14722222222222223 0.3524305555555556 0.06666666666666667 0.0763888888888889
0 0.0763888888888889 0.4262152777777778 0.06944444444444445 0.078125
0 0.2125 0.8072916666666666 0.06388888888888888 0.0798611111111111
0 0.15555555555555556 0.9288194444444444 0.058333333333333334 0.08333333333333333
0 0.5715277777777777 0.057291666666666664 0.05694444444444444 0.0798611111111111
0 0.8729166666666667 0.9756944444444444 0.059722222222222225 0.041666666666666664
2 0.6263888888888889 0.9791666666666666 0.06111111111111111 0.03819444444444445
2 0.7541666666666667 0.019097222222222224 0.06666666666666667 0.034722222222222224
7 0.4409722222222222 0.40625 0.04861111111111111 0.059027777777777776
