4 0.25625 0.06684027777777778 0.1597222222222222 0.0954861111111111
4 0.5333333333333333 0.3489583333333333 0.03611111111111111 0.0798611111111111
4 0.6472222222222223 0.4045138888888889 0.05 0.0763888888888889
4 0.9104166666666667 0.17100694444444445 0.09583333333333334 0.109375
4 0.9756944444444444 0.7526041666666666 0.04861111111111111 0.050347222222222224
4 0.6111111111111112 0.05381944444444445 0.03888888888888889 0.04513888888888889
4 0.5944444444444444 0.4097222222222222 0.044444444444444446 0.052083333333333336
4 0.7520833333333333 0.4236111111111111 0.034722222222222224 0.04861111111111111
4 0.9131944444444444 0.3515625 0.04027777777777778 0.03993055555555555
4 0.1527777777777778 0.7760416666666666 0.04722222222222222 0.052083333333333336
4 0.8631944444444445 0.8315972222222222 0.14583333333333334 0.1423611111111111
