1 0.2986111111111111 0.03993055555555555 0.05555555555555555 0.06944444444444445
1 0.6756944444444445 0.04861111111111111 0.05694444444444444 0.06944444444444445
1 0.68125 0.6788194444444444 0.059722222222222225 0.0763888888888889
1 0.2777777777777778 0.8637152777777778 0.041666666666666664 0.06076388888888889
0 0.6152777777777778 0.8324652777777778 0.07222222222222222 0.09895833333333333
0 0.1763888888888889 0.859375 0.06944444444444445 0.08333333333333333
0 0.23333333333333334 0.8515625 0.06944444444444445 0.0954861111111111
2 0.6618055555555555 0.4470486111111111 0.13194444444444445 0.11631944444444445
7 0.7368055555555556 0.4991319444444444 0.08194444444444444 0.109375
7 0.09513888888888888 0.7821180555555556 0.05416666666666667 0.06770833333333333
7 0.030555555555555555 0.052083333333333336 0.058333333333333334 0.10069444444444445
