2 0.18055555555555555 0.028645833333333332 0.075 0.05381944444444445
2 0.5048611111111111 0.1154513888888889 0.06805555555555555 0.08506944444444445
2 0.8208333333333333 0.18229166666666666 0.06388888888888888 0.09027777777777778
2 0.9729166666666667 0.041666666666666664 0.05416666666666667 0.0798611111111111
2 0.875 0.04861111111111111 0.06666666666666667 0.0798611111111111
2 0.3020833333333333 0.3828125 0.0875 0.08159722222222222
2 0.44375 0.4053819444444444 0.08194444444444444 0.08506944444444445
2 0.4638888888888889 0.4913194444444444 0.06111111111111111 0.10416666666666667
2 0.5423611111111111 0.5321180555555556 0.07916666666666666 0.07465277777777778
2 0.35625 0.6935763888888888 0.0763888888888889 0.10243055555555555
2 0.3194444444444444 0.8350694444444444 0.07222222222222222 0.09027777777777778
3 0.13194444444444445 0.3741319444444444 0.05 0.0642361111111111
3 0.16527777777777777 0.4904513888888889 0.04722222222222222 0.057291666666666664
3 0.7180555555555556 0.5989583333333334 0.05277777777777778 0.059027777777777776
0 0.5006944444444444 0.6684027777777778 0.05416666666666667 0.07291666666666667
1 0.6541666666666667 0.8802083333333334 0.041666666666666664 0.05555555555555555
7 0.8201388888888889 0.026909722222222224 0.09861111111111111 0.050347222222222224
1 0.6694444444444444 0.9809027777777778 0.05277777777777778 0.03819444444444445
2 0.23958333333333334 0.7430555555555556 0.07916666666666666 0.125
7 0.8159722222222222 0.59375 0.04583333333333333 0.059027777777777776
7 0.8861111111111111 0.7829861111111112 0.044444444444444446 0.0625
7 0.08680555555555555 0.5477430555555556 0.05416666666666667 0.05381944444444445
7 0.84375 0.2534722222222222 0.04583333333333333 0.0625
