0 0.07708333333333334 0.13194444444444445 0.09027777777777778 0.11805555555555555
2 0.14444444444444443 0.2630208333333333 0.07777777777777778 0.109375
2 0.10902777777777778 0.4869791666666667 0.08472222222222223 0.11284722222222222
2 0.3486111111111111 0.3489583333333333 0.06666666666666667 0.1076388888888889
2 0.49236111111111114 0.6328125 0.06805555555555555 0.11631944444444445
2 0.6034722222222222 0.3975694444444444 0.07361111111111111 0.09722222222222222
0 0.9152777777777777 0.049479166666666664 0.08055555555555556 0.0954861111111111
0 0.24097222222222223 0.16145833333333334 0.06805555555555555 0.09027777777777778
2 0.3402777777777778 0.8706597222222222 0.08055555555555556 0.10243055555555555
2 0.41597222222222224 0.9487847222222222 0.08472222222222223 0.0954861111111111
2 0.17152777777777778 0.8732638888888888 0.08194444444444444 0.09375
0 0.22708333333333333 0.8967013888888888 0.05694444444444444 0.08506944444444445
7 0.8909722222222223 0.8298611111111112 0.06527777777777778 0.08333333333333333
2 0.5534722222222223 0.8220486111111112 0.06805555555555555 0.0954861111111111
1 0.8458333333333333 0.0546875 0.05555555555555555 0.06770833333333333
7 0.28055555555555556 0.0703125 0.05277777777777778 0.0642361111111111
7 0.3194444444444444 0.3984375 0.058333333333333334 0.06076388888888889
7 0.014583333333333334 0.7960069444444444 0.02638888888888889 0.0642361111111111
2 0.013194444444444444 0.3897569444444444 0.02361111111111111 0.08854166666666667
