2 0.19375 0.06944444444444445 0.06527777777777778 0.09722222222222222
2 0.43333333333333335 0.3342013888888889 0.07222222222222222 0.08854166666666667
2 0.24375 0.5425347222222222 0.06805555555555555 0.0920138888888889
2 0.4548611111111111 0.7769097222222222 0.07361111111111111 0.0954861111111111
2 0.9368055555555556 0.5460069444444444 0.07916666666666666 0.0954861111111111
2 0.8340277777777778 0.8697916666666666 0.08194444444444444 0.09375
2 0.06527777777777778 0.6545138888888888 0.08055555555555556 0.0798611111111111
2 0.07013888888888889 0.5520833333333334 0.07361111111111111 0.09375
2 0.15416666666666667 0.5225694444444444 0.08333333333333333 0.10069444444444445
2 0.28402777777777777 0.8376736111111112 0.06527777777777778 0.0954861111111111
2 0.34930555555555554 0.23177083333333334 0.06805555555555555 0.0954861111111111
2 0.14652777777777778 0.7395833333333334 0.07916666666666666 0.07291666666666667
2 0.08472222222222223 0.9592013888888888 0.06388888888888888 0.06770833333333333
2 0.022222222222222223 0.7821180555555556 0.041666666666666664 0.08506944444444445
2 0.75625 0.4401041666666667 0.06805555555555555 0.078125
2 0.9173611111111111 0.9453125 0.06527777777777778 0.0920138888888889
2 0.7388888888888889 0.2751736111111111 0.075 0.078125
0 0.5638888888888889 0.5876736111111112 0.058333333333333334 0.078125
0 0.25833333333333336 0.4461805555555556 0.058333333333333334 0.06944444444444445
0 0.6222222222222222 0.11979166666666667 0.06111111111111111 0.0763888888888889
2 0.7277777777777777 0.3411458333333333 0.08611111111111111 0.07118055555555555
2 0.08819444444444445 0.06076388888888889 0.06805555555555555 0.08333333333333333
2 0.49236111111111114 0.3897569444444444 0.0625 0.08854166666666667
1 0.3236111111111111 0.8888888888888888 0.041666666666666664 0.052083333333333336
1 0.3145833333333333 0.9348958333333334 0.04027777777777778 0.05381944444444445
1 0.5493055555555556 0.4592013888888889 0.04027777777777778 0.050347222222222224
1 0.7638888888888888 0.109375 0.03333333333333333 0.052083333333333336
0 0.6006944444444444 0.7057291666666666 0.05138888888888889 0.06770833333333333
2 0.6409722222222223 0.9574652777777778 0.06805555555555555 0.06770833333333333
2 0.020833333333333332 0.025173611111111112 0.03888888888888889 0.046875
0 0.6777777777777778 0.03993055555555555 0.05277777777777778 0.06944444444444445
7 0.6944444444444444 0.014756944444444444 0.05555555555555555 0.026041666666666668
3 0.37569444444444444 0.3854166666666667 0.04861111111111111 0.059027777777777776
0 0.14027777777777778 0.020833333333333332 0.05277777777777778 0.03819444444444445
