0 0.6402777777777777 0.2595486111111111 0.058333333333333334 0.08159722222222222
7 0.6263888888888889 0.9296875 0.06944444444444445 0.11979166666666667
5 0.7340277777777777 0.6284722222222222 0.043055555555555555 0.052083333333333336
5 0.4951388888888889 0.4401041666666667 0.034722222222222224 0.03993055555555555
5 0.4284722222222222 0.6171875 0.034722222222222224 0.03993055555555555
5 0.34444444444444444 0.2326388888888889 0.03333333333333333 0.03819444444444445
5 0.3486111111111111 0.7022569444444444 0.03333333333333333 0.03993055555555555
5 0.7291666666666666 0.6006944444444444 0.027777777777777776 0.034722222222222224
5 0.3527777777777778 0.6796875 0.025 0.029513888888888888
5 0.3680555555555556 0.6892361111111112 0.030555555555555555 0.041666666666666664
