1 0.22291666666666668 0.042534722222222224 0.06527777777777778 0.07118055555555555
1 0.1951388888888889 0.19618055555555555 0.05694444444444444 0.0798611111111111
1 0.05 0.4010416666666667 0.06111111111111111 0.08333333333333333
1 0.5347222222222222 0.033854166666666664 0.06111111111111111 0.0642361111111111
1 0.5201388888888889 0.4635416666666667 0.04583333333333333 0.0625
1 0.7034722222222223 0.4270833333333333 0.05138888888888889 0.0763888888888889
1 0.8444444444444444 0.4053819444444444 0.06111111111111111 0.08854166666666667
1 0.6597222222222222 0.5651041666666666 0.05 0.06770833333333333
1 0.8840277777777777 0.6006944444444444 0.05416666666666667 0.07291666666666667
1 0.09444444444444444 0.7916666666666666 0.05555555555555555 0.0763888888888889
1 0.40625 0.9175347222222222 0.06527777777777778 0.07465277777777778
1 0.9222222222222223 0.8767361111111112 0.05277777777777778 0.06597222222222222
1 0.9791666666666666 0.6762152777777778 0.041666666666666664 0.07118055555555555
1 0.975 0.8064236111111112 0.05 0.06770833333333333
