1 0.15555555555555556 0.1371527777777778 0.05555555555555555 0.06597222222222222
1 0.26944444444444443 0.03298611111111111 0.05277777777777778 0.0625
1 0.5680555555555555 0.1284722222222222 0.05 0.06597222222222222
1 0.8527777777777777 0.07378472222222222 0.05277777777777778 0.06770833333333333
1 0.24513888888888888 0.3003472222222222 0.05416666666666667 0.0763888888888889
1 0.5694444444444444 0.3342013888888889 0.05277777777777778 0.07118055555555555
1 0.20555555555555555 0.4965277777777778 0.04722222222222222 0.06597222222222222
1 0.6229166666666667 0.6770833333333334 0.04583333333333333 0.06597222222222222
1 0.5256944444444445 0.9305555555555556 0.05416666666666667 0.06944444444444445
1 0.7375 0.7413194444444444 0.06111111111111111 0.06944444444444445
