2 0.20208333333333334 0.033854166666666664 0.0763888888888889 0.0642361111111111
2 0.19583333333333333 0.2092013888888889 0.075 0.11979166666666667
2 0.3215277777777778 0.3541666666666667 0.07361111111111111 0.09722222222222222
2 0.05 0.2630208333333333 0.07777777777777778 0.08506944444444445
2 0.10486111111111111 0.2960069444444444 0.07916666666666666 0.109375
2 0.18472222222222223 0.3923611111111111 0.06944444444444445 0.09375
2 0.12430555555555556 0.6371527777777778 0.07361111111111111 0.10069444444444445
2 0.12916666666666668 0.7682291666666666 0.07777777777777778 0.08159722222222222
2 0.2361111111111111 0.5807291666666666 0.075 0.0920138888888889
2 0.2659722222222222 0.8229166666666666 0.07361111111111111 0.1284722222222222
2 0.4666666666666667 0.7578125 0.07222222222222222 0.09895833333333333
2 0.47638888888888886 0.9253472222222222 0.075 0.10416666666666667
2 0.5784722222222223 0.8029513888888888 0.06805555555555555 0.10243055555555555
2 0.28055555555555556 0.4817708333333333 0.07777777777777778 0.08506944444444445
2 0.8118055555555556 0.6623263888888888 0.0875 0.10243055555555555
2 0.6798611111111111 0.057291666666666664 0.0763888888888889 0.09722222222222222
2 0.7784722222222222 0.06336805555555555 0.0763888888888889 0.08854166666666667
2 0.9701388888888889 0.2595486111111111 0.059722222222222225 0.10590277777777778
2 0.7743055555555556 0.4036458333333333 0.06805555555555555 0.09895833333333333
2 0.08125 0.9583333333333334 0.07361111111111111 0.0763888888888889
2 0.5284722222222222 0.9036458333333334 0.05416666666666667 0.08854166666666667
0 0.9486111111111111 0.6640625 0.06388888888888888 0.08159722222222222
1 0.6375 0.4322916666666667 0.041666666666666664 0.052083333333333336
1 0.28194444444444444 0.5295138888888888 0.03888888888888889 0.04513888888888889
2 0.2548611111111111 0.6753472222222222 0.059722222222222225 0.0798611111111111
1 0.7270833333333333 0.5260416666666666 0.043055555555555555 0.059027777777777776
2 0.7118055555555556 0.3776041666666667 0.0625 0.08159722222222222
2 0.0798611111111111 0.021701388888888888 0.06527777777777778 0.03993055555555555
0 0.7805555555555556 0.8689236111111112 0.07222222222222222 0.08854166666666667
1 0.35 0.11284722222222222 0.05 0.0625
7 0.6006944444444444 0.9088541666666666 0.0375 0.046875
