6 0.8409722222222222 0.3307291666666667 0.09027777777777778 0.09895833333333333
6 0.7770833333333333 0.5894097222222222 0.059722222222222225 0.050347222222222224
6 0.9659722222222222 0.7873263888888888 0.06805555555555555 0.0954861111111111
6 0.5125 0.7309027777777778 0.08333333333333333 0.0763888888888889
6 0.42569444444444443 0.052083333333333336 0.06527777777777778 0.10069444444444445
6 0.1840277777777778 0.2465277777777778 0.05138888888888889 0.10069444444444445
6 0.26944444444444443 0.8428819444444444 0.058333333333333334 0.10590277777777778
6 0.5611111111111111 0.4392361111111111 0.08333333333333333 0.10416666666666667
6 0.3125 0.1753472222222222 0.06111111111111111 0.0763888888888889
6 0.11041666666666666 0.2630208333333333 0.04027777777777778 0.08506944444444445
6 0.9340277777777778 0.024305555555555556 0.0763888888888889 0.04513888888888889
