2 0.6055555555555555 0.4244791666666667 0.07777777777777778 0.0920138888888889
2 0.4895833333333333 0.5269097222222222 0.06527777777777778 0.07118055555555555
2 0.6868055555555556 0.6432291666666666 0.06527777777777778 0.0954861111111111
2 0.8972222222222223 0.8315972222222222 0.06944444444444445 0.09722222222222222
2 0.5645833333333333 0.7907986111111112 0.06527777777777778 0.10243055555555555
2 0.26319444444444445 0.8020833333333334 0.06527777777777778 0.10416666666666667
2 0.3368055555555556 0.9487847222222222 0.06527777777777778 0.0954861111111111
2 0.4618055555555556 0.9652777777777778 0.07916666666666666 0.0625
2 0.4666666666666667 0.09461805555555555 0.06944444444444445 0.08506944444444445
2 0.29583333333333334 0.3706597222222222 0.08055555555555556 0.0954861111111111
2 0.7298611111111111 0.2673611111111111 0.07361111111111111 0.09375
2 0.5173611111111112 0.1953125 0.06527777777777778 0.10590277777777778
2 0.6145833333333334 0.1388888888888889 0.07361111111111111 0.09375
2 0.8798611111111111 0.3298611111111111 0.07361111111111111 0.09375
2 0.9458333333333333 0.3550347222222222 0.075 0.08854166666666667
2 0.06319444444444444 0.5008680555555556 0.0625 0.08159722222222222
2 0.017361111111111112 0.19791666666666666 0.03194444444444444 0.1076388888888889
2 0.9791666666666666 0.4600694444444444 0.041666666666666664 0.08680555555555555
2 0.8340277777777778 0.4522569444444444 0.0625 0.0920138888888889
2 0.03888888888888889 0.059895833333333336 0.06111111111111111 0.078125
7 0.26180555555555557 0.4461805555555556 0.05138888888888889 0.0625
2 0.9798611111111111 0.5503472222222222 0.04027777777777778 0.08333333333333333
7 0.46111111111111114 0.019965277777777776 0.03333333333333333 0.036458333333333336
2 0.9215277777777777 0.016493055555555556 0.04861111111111111 0.029513888888888888
