1 0.07777777777777778 0.5659722222222222 0.058333333333333334 0.06944444444444445
1 0.14375 0.734375 0.0625 0.06597222222222222
1 0.13125 0.8342013888888888 0.05694444444444444 0.06770833333333333
1 0.08333333333333333 0.10069444444444445 0.06111111111111111 0.08680555555555555
1 0.23819444444444443 0.1970486111111111 0.0625 0.06770833333333333
1 0.20069444444444445 0.2916666666666667 0.05138888888888889 0.07291666666666667
1 0.30625 0.3263888888888889 0.059722222222222225 0.0625
1 0.325 0.07465277777777778 0.058333333333333334 0.07291666666666667
1 0.6201388888888889 0.034722222222222224 0.0625 0.06597222222222222
1 0.7090277777777778 0.2690972222222222 0.059722222222222225 0.07291666666666667
1 0.5486111111111112 0.2751736111111111 0.06111111111111111 0.07465277777777778
1 0.6493055555555556 0.6649305555555556 0.05416666666666667 0.0798611111111111
1 0.4048611111111111 0.8203125 0.06527777777777778 0.07465277777777778
1 0.48819444444444443 0.9305555555555556 0.06527777777777778 0.07291666666666667
1 0.6791666666666667 0.8263888888888888 0.06944444444444445 0.08333333333333333
1 0.46597222222222223 0.2925347222222222 0.059722222222222225 0.06770833333333333
1 0.9534722222222223 0.7690972222222222 0.05694444444444444 0.07291666666666667
