4 0.09930555555555555 0.296875 0.06527777777777778 0.1111111111111111
4 0.44513888888888886 0.5980902777777778 0.11805555555555555 0.1753472222222222
4 0.13958333333333334 0.5494791666666666 0.05694444444444444 0.10590277777777778
4 0.029166666666666667 0.6484375 0.05555555555555555 0.10243055555555555
4 0.10416666666666667 0.9574652777777778 0.06944444444444445 0.08506944444444445
4 0.2923611111111111 0.9739583333333334 0.07083333333333333 0.04861111111111111
4 0.25833333333333336 0.7378472222222222 0.05 0.0763888888888889
4 0.3034722222222222 0.11979166666666667 0.07916666666666666 0.07291666666666667
4 0.7631944444444444 0.34375 0.04861111111111111 0.0798611111111111
4 0.8361111111111111 0.5954861111111112 0.05555555555555555 0.059027777777777776
