4 0.475 0.5434027777777778 0.06666666666666667 0.06597222222222222
4 0.47638888888888886 0.6736111111111112 0.11666666666666667 0.06944444444444445
4 0.7375 0.6866319444444444 0.05555555555555555 0.0920138888888889
4 0.8722222222222222 0.5069444444444444 0.058333333333333334 0.0763888888888889
4 0.9368055555555556 0.5868055555555556 0.08472222222222223 0.0625
4 0.14305555555555555 0.4895833333333333 0.041666666666666664 0.0625
4 0.8256944444444444 0.8289930555555556 0.04027777777777778 0.05381944444444445
4 0.32083333333333336 0.3967013888888889 0.04722222222222222 0.05381944444444445
4 0.31527777777777777 0.9748263888888888 0.05277777777777778 0.043402777777777776
4 0.9659722222222222 0.7612847222222222 0.06805555555555555 0.10243055555555555
4 0.9909722222222223 0.5824652777777778 0.018055555555555554 0.05381944444444445
