1 0.30694444444444446 0.4505208333333333 0.05555555555555555 0.06770833333333333
1 0.4236111111111111 0.08159722222222222 0.06111111111111111 0.0763888888888889
1 0.42430555555555555 0.20572916666666666 0.059722222222222225 0.078125
1 0.6666666666666666 0.1875 0.058333333333333334 0.06944444444444445
1 0.5236111111111111 0.3411458333333333 0.06388888888888888 0.06770833333333333
1 0.4930555555555556 0.4704861111111111 0.06666666666666667 0.0763888888888889
1 0.6909722222222222 0.3350694444444444 0.05694444444444444 0.07291666666666667
1 0.6444444444444445 0.4921875 0.058333333333333334 0.0642361111111111
1 0.725 0.5954861111111112 0.05555555555555555 0.07291666666666667
1 0.8145833333333333 0.4053819444444444 0.05694444444444444 0.07118055555555555
1 0.9451388888888889 0.1597222222222222 0.06527777777777778 0.07291666666666667
1 0.4423611111111111 0.8090277777777778 0.05416666666666667 0.0625
1 0.4618055555555556 0.9210069444444444 0.0625 0.07465277777777778
1 0.7722222222222223 0.8689236111111112 0.058333333333333334 0.07118055555555555
