1 0.16319444444444445 0.21961805555555555 0.06805555555555555 0.06770833333333333
1 0.18125 0.3125 0.07083333333333333 0.07291666666666667
1 0.4423611111111111 0.2543402777777778 0.07916666666666666 0.08854166666666667
1 0.3972222222222222 0.515625 0.06388888888888888 0.0763888888888889
1 0.5173611111111112 0.703125 0.07083333333333333 0.07291666666666667
1 0.6527777777777778 0.08159722222222222 0.06388888888888888 0.0763888888888889
1 0.15763888888888888 0.8967013888888888 0.0625 0.07118055555555555
1 0.8972222222222223 0.7543402777777778 0.06388888888888888 0.078125
1 0.8430555555555556 0.8394097222222222 0.06666666666666667 0.06770833333333333
1 0.7861111111111111 0.453125 0.06666666666666667 0.06597222222222222
