1 0.016666666666666666 0.07118055555555555 0.030555555555555555 0.04513888888888889
1 0.034722222222222224 0.10677083333333333 0.04722222222222222 0.05381944444444445
1 0.034722222222222224 0.4253472222222222 0.04722222222222222 0.059027777777777776
1 0.11180555555555556 0.2760416666666667 0.04861111111111111 0.059027777777777776
1 0.15486111111111112 0.2404513888888889 0.04861111111111111 0.06076388888888889
1 0.2298611111111111 0.050347222222222224 0.04583333333333333 0.0625
1 0.35208333333333336 0.044270833333333336 0.04861111111111111 0.06076388888888889
1 0.2638888888888889 0.09114583333333333 0.05 0.06076388888888889
1 0.22847222222222222 0.2734375 0.04861111111111111 0.0642361111111111
1 0.01875 0.4982638888888889 0.034722222222222224 0.059027777777777776
1 0.10138888888888889 0.6267361111111112 0.041666666666666664 0.059027777777777776
1 0.2013888888888889 0.3732638888888889 0.05 0.0625
1 0.3173611111111111 0.2795138888888889 0.04861111111111111 0.059027777777777776
1 0.29583333333333334 0.3446180555555556 0.05277777777777778 0.0642361111111111
1 0.28958333333333336 0.4001736111111111 0.04861111111111111 0.06076388888888889
1 0.5166666666666667 0.09375 0.05555555555555555 0.0625
1 0.5097222222222222 0.23350694444444445 0.05277777777777778 0.06076388888888889
1 0.7354166666666667 0.033854166666666664 0.05416666666666667 0.0642361111111111
1 0.26875 0.5989583333333334 0.04583333333333333 0.059027777777777776
1 0.23402777777777778 0.640625 0.04861111111111111 0.0625
1 0.18055555555555555 0.6944444444444444 0.05277777777777778 0.0625
1 0.34097222222222223 0.6692708333333334 0.043055555555555555 0.057291666666666664
1 0.24444444444444444 0.8255208333333334 0.044444444444444446 0.0642361111111111
1 0.6194444444444445 0.390625 0.05555555555555555 0.06597222222222222
1 0.8583333333333333 0.06163194444444445 0.04722222222222222 0.0642361111111111
1 0.8180555555555555 0.0998263888888889 0.05277777777777778 0.0642361111111111
1 0.8027777777777778 0.2934027777777778 0.05277777777777778 0.06597222222222222
1 0.9444444444444444 0.13194444444444445 0.05277777777777778 0.06597222222222222
1 0.9548611111111112 0.21875 0.05138888888888889 0.06944444444444445
1 0.8513888888888889 0.4765625 0.05277777777777778 0.07118055555555555
1 0.48194444444444445 0.5868055555555556 0.04722222222222222 0.0625
1 0.4888888888888889 0.6545138888888888 0.044444444444444446 0.059027777777777776
1 0.4444444444444444 0.7248263888888888 0.044444444444444446 0.06770833333333333
1 0.6472222222222223 0.4887152777777778 0.04722222222222222 0.0642361111111111
1 0.7541666666666667 0.5243055555555556 0.04722222222222222 0.06944444444444445
1 0.6701388888888888 0.5364583333333334 0.04583333333333333 0.059027777777777776
1 0.6423611111111112 0.9045138888888888 0.04861111111111111 0.06944444444444445
1 0.9826388888888888 0.3845486111111111 0.034722222222222224 0.06076388888888889
1 0.9409722222222222 0.4496527777777778 0.04861111111111111 0.059027777777777776
1 0.9243055555555556 0.5277777777777778 0.05416666666666667 0.06944444444444445
1 0.8479166666666667 0.6111111111111112 0.05416666666666667 0.0625
1 0.8402777777777778 0.7126736111111112 0.05277777777777778 0.06076388888888889
1 0.7722222222222223 0.8081597222222222 0.04722222222222222 0.06076388888888889
1 0.8131944444444444 0.8489583333333334 0.05416666666666667 0.06597222222222222
1 0.9409722222222222 0.8237847222222222 0.04861111111111111 0.06076388888888889
1 0.98125 0.7413194444444444 0.0375 0.06944444444444445
1 0.9375 0.9401041666666666 0.05277777777777778 0.0642361111111111
1 0.37569444444444444 0.8524305555555556 0.043055555555555555 0.05555555555555555
1 0.37916666666666665 0.7673611111111112 0.03888888888888889 0.04861111111111111
1 0.3680555555555556 0.8081597222222222 0.03888888888888889 0.05381944444444445
1 0.3951388888888889 0.7916666666666666 0.043055555555555555 0.059027777777777776
1 0.5868055555555556 0.9739583333333334 0.05138888888888889 0.04513888888888889
1 0.13819444444444445 0.9809027777777778 0.04861111111111111 0.03819444444444445
