1 0.11944444444444445 0.2951388888888889 0.05555555555555555 0.06944444444444445
1 0.2013888888888889 0.08940972222222222 0.05 0.06770833333333333
1 0.375 0.12239583333333333 0.058333333333333334 0.06770833333333333
1 0.5986111111111111 0.5581597222222222 0.05555555555555555 0.06770833333333333
1 0.23402777777777778 0.6032986111111112 0.05138888888888889 0.07118055555555555
1 0.4618055555555556 0.8289930555555556 0.04583333333333333 0.0642361111111111
1 0.7270833333333333 0.4522569444444444 0.05138888888888889 0.0642361111111111
1 0.13958333333333334 0.7873263888888888 0.05138888888888889 0.0642361111111111
1 0.08680555555555555 0.8689236111111112 0.059722222222222225 0.07118055555555555
1 0.49027777777777776 0.03298611111111111 0.04722222222222222 0.0625
