1 0.10555555555555556 0.017361111111111112 0.041666666666666664 0.03125
1 0.05555555555555555 0.05381944444444445 0.05277777777777778 0.0625
1 0.2673611111111111 0.06076388888888889 0.05694444444444444 0.08680555555555555
1 0.44930555555555557 0.018229166666666668 0.043055555555555555 0.03298611111111111
1 0.5083333333333333 0.1875 0.041666666666666664 0.052083333333333336
1 0.5770833333333333 0.1918402777777778 0.0375 0.05381944444444445
1 0.2763888888888889 0.2612847222222222 0.044444444444444446 0.0642361111111111
1 0.11041666666666666 0.3680555555555556 0.04583333333333333 0.059027777777777776
1 0.15069444444444444 0.4895833333333333 0.05138888888888889 0.06597222222222222
1 0.32430555555555557 0.3342013888888889 0.04583333333333333 0.06076388888888889
1 0.3263888888888889 0.4270833333333333 0.044444444444444446 0.059027777777777776
1 0.3326388888888889 0.2604166666666667 0.043055555555555555 0.05555555555555555
1 0.3645833333333333 0.2569444444444444 0.0375 0.05555555555555555
1 0.4326388888888889 0.4470486111111111 0.04027777777777778 0.06076388888888889
1 0.3597222222222222 0.5182291666666666 0.03611111111111111 0.050347222222222224
1 0.08680555555555555 0.7465277777777778 0.04861111111111111 0.06597222222222222
1 0.09722222222222222 0.8654513888888888 0.05 0.06076388888888889
1 0.1361111111111111 0.7838541666666666 0.05 0.0642361111111111
1 0.29305555555555557 0.7144097222222222 0.041666666666666664 0.06076388888888889
1 0.4097222222222222 0.7239583333333334 0.041666666666666664 0.059027777777777776
1 0.3784722222222222 0.5876736111111112 0.043055555555555555 0.05381944444444445
1 0.5076388888888889 0.5729166666666666 0.04027777777777778 0.052083333333333336
1 0.45555555555555555 0.6614583333333334 0.041666666666666664 0.059027777777777776
1 0.5958333333333333 0.5364583333333334 0.041666666666666664 0.059027777777777776
1 0.7041666666666667 0.4383680555555556 0.044444444444444446 0.0642361111111111
1 0.5395833333333333 0.0234375 0.043055555555555555 0.043402777777777776
1 0.6847222222222222 0.026909722222222224 0.05 0.050347222222222224
1 0.5763888888888888 0.057291666666666664 0.044444444444444446 0.05555555555555555
1 0.6243055555555556 0.10243055555555555 0.04583333333333333 0.0625
1 0.7777777777777778 0.21180555555555555 0.044444444444444446 0.06597222222222222
1 0.8777777777777778 0.1423611111111111 0.044444444444444446 0.059027777777777776
1 0.9847222222222223 0.09809027777777778 0.030555555555555555 0.06076388888888889
1 0.8506944444444444 0.21354166666666666 0.04027777777777778 0.0625
1 0.8027777777777778 0.3064236111111111 0.041666666666666664 0.06076388888888889
1 0.8958333333333334 0.3211805555555556 0.05 0.0625
1 0.9819444444444444 0.3081597222222222 0.03333333333333333 0.06076388888888889
1 0.9201388888888888 0.3932291666666667 0.04583333333333333 0.06076388888888889
1 0.8569444444444444 0.4800347222222222 0.044444444444444446 0.06770833333333333
1 0.6930555555555555 0.5078125 0.03888888888888889 0.057291666666666664
1 0.64375 0.6440972222222222 0.043055555555555555 0.059027777777777776
1 0.74375 0.6345486111111112 0.04027777777777778 0.057291666666666664
1 0.7840277777777778 0.5954861111111112 0.04861111111111111 0.0625
1 0.8930555555555556 0.5963541666666666 0.044444444444444446 0.057291666666666664
1 0.9423611111111111 0.5824652777777778 0.043055555555555555 0.0642361111111111
1 0.8 0.7092013888888888 0.044444444444444446 0.057291666666666664
1 0.6770833333333334 0.6631944444444444 0.04583333333333333 0.0625
1 0.7263888888888889 0.7986111111111112 0.04722222222222222 0.06597222222222222
1 0.8145833333333333 0.8125 0.04027777777777778 0.059027777777777776
1 0.6263888888888889 0.8081597222222222 0.05 0.06076388888888889
1 0.85 0.7560763888888888 0.04722222222222222 0.0642361111111111
1 0.9506944444444444 0.9140625 0.04583333333333333 0.0642361111111111
1 0.9868055555555556 0.8949652777777778 0.02638888888888889 0.0642361111111111
1 0.6263888888888889 0.9722222222222222 0.04722222222222222 0.04513888888888889
1 0.475 0.9262152777777778 0.044444444444444446 0.06076388888888889
1 0.5222222222222223 0.9644097222222222 0.05 0.050347222222222224
3 0.39652777777777776 0.9461805555555556 0.043055555555555555 0.059027777777777776
1 0.013888888888888888 0.3220486111111111 0.025 0.0642361111111111
