2 0.14722222222222223 0.3402777777777778 0.07777777777777778 0.08680555555555555
2 0.5159722222222223 0.4166666666666667 0.06805555555555555 0.0798611111111111
2 0.7027777777777777 0.2777777777777778 0.07222222222222222 0.08680555555555555
2 0.6215277777777778 0.3385416666666667 0.07916666666666666 0.12152777777777778
2 0.81875 0.4157986111111111 0.06527777777777778 0.11284722222222222
2 0.6909722222222222 0.8142361111111112 0.05694444444444444 0.07291666666666667
2 0.9069444444444444 0.9609375 0.07222222222222222 0.06770833333333333
2 0.6826388888888889 0.96875 0.06805555555555555 0.05555555555555555
2 0.12569444444444444 0.7552083333333334 0.07361111111111111 0.0798611111111111
2 0.08263888888888889 0.5217013888888888 0.06527777777777778 0.08506944444444445
2 0.7236111111111111 0.7291666666666666 0.06111111111111111 0.0798611111111111
0 0.03819444444444445 0.9678819444444444 0.05416666666666667 0.057291666666666664
2 0.5680555555555555 0.65625 0.075 0.09375
2 0.8715277777777778 0.6354166666666666 0.07361111111111111 0.0763888888888889
2 0.30625 0.3038194444444444 0.0625 0.08680555555555555
2 0.8215277777777777 0.022569444444444444 0.0763888888888889 0.041666666666666664
2 0.5493055555555556 0.9678819444444444 0.06527777777777778 0.050347222222222224
2 0.5041666666666667 0.6475694444444444 0.06944444444444445 0.08680555555555555
0 0.6645833333333333 0.4982638888888889 0.06527777777777778 0.0798611111111111
1 0.8263888888888888 0.5876736111111112 0.041666666666666664 0.057291666666666664
0 0.6541666666666667 0.035590277777777776 0.07222222222222222 0.06770833333333333
0 0.9826388888888888 0.052083333333333336 0.034722222222222224 0.0798611111111111
7 0.6048611111111111 0.017361111111111112 0.0625 0.03125
