2 0.6493055555555556 0.3081597222222222 0.0763888888888889 0.0954861111111111
2 0.8375 0.2795138888888889 0.06388888888888888 0.13194444444444445
2 0.8270833333333333 0.5043402777777778 0.07083333333333333 0.09895833333333333
2 0.9201388888888888 0.4053819444444444 0.0763888888888889 0.08506944444444445
2 0.9125 0.5390625 0.075 0.09895833333333333
2 0.7055555555555556 0.5416666666666666 0.07777777777777778 0.10416666666666667
2 0.6243055555555556 0.5 0.06805555555555555 0.0798611111111111
2 0.5861111111111111 0.7482638888888888 0.07222222222222222 0.08333333333333333
2 0.31319444444444444 0.6050347222222222 0.06527777777777778 0.08159722222222222
2 0.12708333333333333 0.5321180555555556 0.0763888888888889 0.08159722222222222
2 0.3729166666666667 0.04513888888888889 0.06805555555555555 0.08680555555555555
2 0.7930555555555555 0.1111111111111111 0.06944444444444445 0.0763888888888889
2 0.8548611111111111 0.7560763888888888 0.059722222222222225 0.08854166666666667
2 0.39305555555555555 0.5199652777777778 0.08611111111111111 0.08159722222222222
2 0.3770833333333333 0.6467013888888888 0.06805555555555555 0.0920138888888889
2 0.44513888888888886 0.6623263888888888 0.059722222222222225 0.08159722222222222
2 0.38472222222222224 0.1423611111111111 0.05555555555555555 0.08680555555555555
2 0.6277777777777778 0.0842013888888889 0.06944444444444445 0.08159722222222222
0 0.8972222222222223 0.2890625 0.05555555555555555 0.08159722222222222
2 0.9430555555555555 0.10850694444444445 0.07777777777777778 0.07118055555555555
2 0.4354166666666667 0.3810763888888889 0.06805555555555555 0.08854166666666667
0 0.22569444444444445 0.08246527777777778 0.06527777777777778 0.07465277777777778
2 0.1597222222222222 0.8871527777777778 0.075 0.09027777777777778
0 0.6444444444444445 0.6345486111111112 0.058333333333333334 0.08159722222222222
2 0.28680555555555554 0.3211805555555556 0.07361111111111111 0.09722222222222222
