1 0.029861111111111113 0.028645833333333332 0.04027777777777778 0.05381944444444445
1 0.19027777777777777 0.026909722222222224 0.04722222222222222 0.050347222222222224
1 0.3527777777777778 0.036458333333333336 0.044444444444444446 0.0625
1 0.4340277777777778 0.08072916666666667 0.04861111111111111 0.057291666666666664
1 0.525 0.024305555555555556 0.04722222222222222 0.04513888888888889
1 0.10138888888888889 0.0920138888888889 0.044444444444444446 0.052083333333333336
1 0.10416666666666667 0.15885416666666666 0.041666666666666664 0.05381944444444445
1 0.03958333333333333 0.2734375 0.04583333333333333 0.06770833333333333
1 0.3076388888888889 0.19010416666666666 0.04583333333333333 0.06076388888888889
1 0.25763888888888886 0.3107638888888889 0.04583333333333333 0.05555555555555555
1 0.4284722222222222 0.1440972222222222 0.04583333333333333 0.052083333333333336
1 0.4875 0.18836805555555555 0.044444444444444446 0.06076388888888889
1 0.6 0.09027777777777778 0.044444444444444446 0.0625
1 0.6513888888888889 0.06076388888888889 0.04722222222222222 0.052083333333333336
1 0.8104166666666667 0.15538194444444445 0.05138888888888889 0.06770833333333333
1 0.43125 0.2786458333333333 0.04583333333333333 0.05381944444444445
1 0.4131944444444444 0.3489583333333333 0.05138888888888889 0.05555555555555555
1 0.28402777777777777 0.3819444444444444 0.04583333333333333 0.059027777777777776
1 0.1638888888888889 0.4592013888888889 0.04722222222222222 0.06076388888888889
1 0.3034722222222222 0.5095486111111112 0.04583333333333333 0.05381944444444445
1 0.5270833333333333 0.2300347222222222 0.043055555555555555 0.06076388888888889
1 0.58125 0.2248263888888889 0.04027777777777778 0.057291666666666664
1 0.625 0.16493055555555555 0.041666666666666664 0.05555555555555555
1 0.6680555555555555 0.2222222222222222 0.04722222222222222 0.0625
1 0.7729166666666667 0.3020833333333333 0.05138888888888889 0.059027777777777776
1 0.6173611111111111 0.3125 0.043055555555555555 0.0625
1 0.7430555555555556 0.4296875 0.044444444444444446 0.057291666666666664
1 0.6472222222222223 0.3967013888888889 0.044444444444444446 0.057291666666666664
1 0.41597222222222224 0.4887152777777778 0.04027777777777778 0.05381944444444445
1 0.09861111111111111 0.6154513888888888 0.04722222222222222 0.0642361111111111
1 0.29791666666666666 0.5815972222222222 0.043055555555555555 0.05555555555555555
1 0.2708333333333333 0.5876736111111112 0.041666666666666664 0.057291666666666664
1 0.32708333333333334 0.6770833333333334 0.043055555555555555 0.0625
1 0.4013888888888889 0.6840277777777778 0.044444444444444446 0.0625
1 0.4875 0.5164930555555556 0.05 0.06770833333333333
1 0.5152777777777777 0.5998263888888888 0.044444444444444446 0.06076388888888889
1 0.6138888888888889 0.6684027777777778 0.044444444444444446 0.05555555555555555
1 0.6902777777777778 0.6171875 0.04722222222222222 0.06076388888888889
1 0.7527777777777778 0.5347222222222222 0.044444444444444446 0.059027777777777776
1 0.8472222222222222 0.5928819444444444 0.04722222222222222 0.0642361111111111
1 0.7826388888888889 0.3776041666666667 0.04861111111111111 0.06076388888888889
1 0.9625 0.6128472222222222 0.05 0.0625
1 0.9229166666666667 0.7144097222222222 0.04583333333333333 0.0642361111111111
1 0.8583333333333333 0.8776041666666666 0.05 0.06770833333333333
1 0.7638888888888888 0.7291666666666666 0.04722222222222222 0.059027777777777776
1 0.5854166666666667 0.8272569444444444 0.04583333333333333 0.057291666666666664
1 0.7479166666666667 0.7734375 0.04027777777777778 0.057291666666666664
1 0.2763888888888889 0.6883680555555556 0.044444444444444446 0.05381944444444445
1 0.26805555555555555 0.7274305555555556 0.044444444444444446 0.05555555555555555
1 0.32013888888888886 0.8142361111111112 0.04861111111111111 0.0625
1 0.3638888888888889 0.828125 0.044444444444444446 0.052083333333333336
1 0.3284722222222222 0.9435763888888888 0.04583333333333333 0.057291666666666664
1 0.29097222222222224 0.9765625 0.05138888888888889 0.03993055555555555
1 0.0125 0.8168402777777778 0.022222222222222223 0.06076388888888889
1 0.8152777777777778 0.9722222222222222 0.05555555555555555 0.04513888888888889
1 0.6319444444444444 0.5477430555555556 0.044444444444444446 0.05381944444444445
1 0.6465277777777778 0.5607638888888888 0.043055555555555555 0.04861111111111111
1 0.014583333333333334 0.2248263888888889 0.02638888888888889 0.06076388888888889
3 0.08125 0.1293402777777778 0.04861111111111111 0.057291666666666664
1 0.013194444444444444 0.09375 0.02361111111111111 0.0625
1 0.9916666666666667 0.8567708333333334 0.016666666666666666 0.05381944444444445
