5 0.8652777777777778 0.7803819444444444 0.030555555555555555 0.036458333333333336
5 0.5819444444444445 0.7013888888888888 0.041666666666666664 0.05555555555555555
5 0.1638888888888889 0.8993055555555556 0.04722222222222222 0.059027777777777776
0 0.04722222222222222 0.5928819444444444 0.07222222222222222 0.08506944444444445
5 0.8534722222222222 0.3394097222222222 0.034722222222222224 0.046875
7 0.8604166666666667 0.3932291666666667 0.0625 0.078125
7 0.9375 0.7265625 0.04722222222222222 0.06076388888888889
7 0.6576388888888889 0.3298611111111111 0.043055555555555555 0.06597222222222222
7 0.46875 0.4618055555555556 0.09861111111111111 0.07291666666666667
0 0.8993055555555556 0.8229166666666666 0.06805555555555555 0.08680555555555555
