1 0.052083333333333336 0.7057291666666666 0.05694444444444444 0.07118055555555555
1 0.04861111111111111 0.7925347222222222 0.05277777777777778 0.07465277777777778
1 0.5423611111111111 0.5807291666666666 0.05694444444444444 0.07118055555555555
1 0.8833333333333333 0.7890625 0.05277777777777778 0.06770833333333333
1 0.9229166666666667 0.3472222222222222 0.04583333333333333 0.06597222222222222
1 0.95 0.042534722222222224 0.05277777777777778 0.06076388888888889
1 0.49722222222222223 0.2144097222222222 0.05 0.06770833333333333
0 0.7479166666666667 0.08854166666666667 0.07083333333333333 0.09027777777777778
0 0.5930555555555556 0.2855902777777778 0.06944444444444445 0.0920138888888889
7 0.9090277777777778 0.7213541666666666 0.05138888888888889 0.0642361111111111
1 0.9902777777777778 0.0954861111111111 0.019444444444444445 0.06597222222222222
