5 0.2847222222222222 0.3046875 0.03888888888888889 0.043402777777777776
5 0.24375 0.8715277777777778 0.034722222222222224 0.04513888888888889
5 0.4513888888888889 0.8940972222222222 0.030555555555555555 0.04513888888888889
0 0.3909722222222222 0.2881944444444444 0.06805555555555555 0.0763888888888889
6 0.24513888888888888 0.14583333333333334 0.2652777777777778 0.2881944444444444
7 0.26180555555555557 0.20833333333333334 0.04027777777777778 0.04861111111111111
5 0.2722222222222222 0.3237847222222222 0.03888888888888889 0.03993055555555555
0 0.01875 0.2204861111111111 0.034722222222222224 0.1111111111111111
7 0.9284722222222223 0.8116319444444444 0.09027777777777778 0.1232638888888889
5 0.4638888888888889 0.9010416666666666 0.030555555555555555 0.034722222222222224
