1 0.3472222222222222 0.15364583333333334 0.05277777777777778 0.0642361111111111
1 0.2743055555555556 0.3003472222222222 0.059722222222222225 0.06597222222222222
1 0.3597222222222222 0.4045138888888889 0.05277777777777778 0.06944444444444445
1 0.5055555555555555 0.3940972222222222 0.05555555555555555 0.059027777777777776
1 0.65 0.16666666666666666 0.05555555555555555 0.06944444444444445
1 0.7263888888888889 0.2855902777777778 0.05 0.0642361111111111
1 0.9368055555555556 0.10243055555555555 0.04861111111111111 0.0763888888888889
1 0.9402777777777778 0.4201388888888889 0.058333333333333334 0.0763888888888889
1 0.2652777777777778 0.6788194444444444 0.05277777777777778 0.06944444444444445
1 0.48819444444444443 0.8125 0.059722222222222225 0.06944444444444445
1 0.7041666666666667 0.8567708333333334 0.05277777777777778 0.07465277777777778
1 0.9715277777777778 0.6145833333333334 0.04583333333333333 0.06597222222222222
