1 0.24791666666666667 0.23524305555555555 0.06527777777777778 0.08159722222222222
1 0.06597222222222222 0.4496527777777778 0.0625 0.08680555555555555
1 0.29305555555555557 0.3480902777777778 0.058333333333333334 0.07465277777777778
1 0.37083333333333335 0.2699652777777778 0.058333333333333334 0.078125
1 0.44375 0.4548611111111111 0.059722222222222225 0.0798611111111111
1 0.2611111111111111 0.8767361111111112 0.06111111111111111 0.07291666666666667
1 0.7701388888888889 0.921875 0.06527777777777778 0.08680555555555555
1 0.5645833333333333 0.4835069444444444 0.059722222222222225 0.078125
1 0.6527777777777778 0.4548611111111111 0.058333333333333334 0.0798611111111111
1 0.7833333333333333 0.6206597222222222 0.06666666666666667 0.078125
1 0.89375 0.6171875 0.07083333333333333 0.08159722222222222
1 0.18958333333333333 0.71875 0.07916666666666666 0.125
