0 0.4736111111111111 0.3637152777777778 0.05277777777777778 0.08854166666666667
0 0.2972222222222222 0.4149305555555556 0.06944444444444445 0.0763888888888889
0 0.10902777777777778 0.9548611111111112 0.059722222222222225 0.07291666666666667
0 0.6534722222222222 0.8315972222222222 0.04583333333333333 0.06944444444444445
0 0.2152777777777778 0.34375 0.06111111111111111 0.09375
0 0.4076388888888889 0.1736111111111111 0.06527777777777778 0.08680555555555555
2 0.3993055555555556 0.3611111111111111 0.0763888888888889 0.11458333333333333
2 0.24097222222222223 0.4895833333333333 0.0625 0.08680555555555555
2 0.6208333333333333 0.6397569444444444 0.06944444444444445 0.0954861111111111
2 0.8479166666666667 0.5494791666666666 0.06805555555555555 0.11631944444444445
2 0.8111111111111111 0.7178819444444444 0.075 0.08854166666666667
2 0.9256944444444445 0.734375 0.06805555555555555 0.09027777777777778
2 0.8055555555555556 0.3680555555555556 0.08611111111111111 0.10069444444444445
2 0.8277777777777777 0.2942708333333333 0.07222222222222222 0.0954861111111111
0 0.44375 0.4904513888888889 0.07361111111111111 0.08506944444444445
0 0.6861111111111111 0.5946180555555556 0.06111111111111111 0.0920138888888889
0 0.9201388888888888 0.2326388888888889 0.06805555555555555 0.08333333333333333
2 0.98125 0.16319444444444445 0.0375 0.10069444444444445
2 0.15763888888888888 0.7855902777777778 0.07361111111111111 0.08506944444444445
2 0.07361111111111111 0.7916666666666666 0.058333333333333334 0.09027777777777778
2 0.5701388888888889 0.9227430555555556 0.0625 0.08854166666666667
0 0.26666666666666666 0.5381944444444444 0.05 0.06944444444444445
2 0.5506944444444445 0.04079861111111111 0.0625 0.078125
1 0.34305555555555556 0.5269097222222222 0.03888888888888889 0.046875
2 0.5458333333333333 0.7578125 0.08333333333333333 0.140625
0 0.5944444444444444 0.033854166666666664 0.058333333333333334 0.0642361111111111
1 0.8333333333333334 0.026909722222222224 0.05277777777777778 0.050347222222222224
2 0.9847222222222223 0.4513888888888889 0.030555555555555555 0.09375
2 0.26875 0.9722222222222222 0.08472222222222223 0.05555555555555555
7 0.9569444444444445 0.3411458333333333 0.07222222222222222 0.13020833333333334
7 0.9875 0.5850694444444444 0.025 0.04861111111111111
