2 0.07152777777777777 0.0720486111111111 0.09583333333333334 0.0920138888888889
2 0.18541666666666667 0.3628472222222222 0.0875 0.10069444444444445
2 0.3263888888888889 0.4105902777777778 0.08611111111111111 0.109375
2 0.39166666666666666 0.4539930555555556 0.06111111111111111 0.0920138888888889
2 0.5506944444444445 0.5173611111111112 0.0763888888888889 0.0798611111111111
2 0.41180555555555554 0.3203125 0.07083333333333333 0.09895833333333333
2 0.5611111111111111 0.1345486111111111 0.075 0.08854166666666667
2 0.6451388888888889 0.1371527777777778 0.07361111111111111 0.09027777777777778
2 0.8784722222222222 0.3854166666666667 0.07083333333333333 0.11458333333333333
2 0.8958333333333334 0.5217013888888888 0.07222222222222222 0.0954861111111111
2 0.7909722222222222 0.578125 0.09027777777777778 0.10416666666666667
2 0.7034722222222223 0.6814236111111112 0.07361111111111111 0.10243055555555555
2 0.6034722222222222 0.6041666666666666 0.07083333333333333 0.09027777777777778
2 0.4826388888888889 0.6631944444444444 0.07916666666666666 0.10416666666666667
2 0.5333333333333333 0.75 0.075 0.09375
2 0.03333333333333333 0.5434027777777778 0.06388888888888888 0.0798611111111111
2 0.025 0.6310763888888888 0.04722222222222222 0.08854166666666667
2 0.05763888888888889 0.7039930555555556 0.08472222222222223 0.08506944444444445
2 0.2972222222222222 0.8402777777777778 0.09722222222222222 0.09375
2 0.34375 0.9548611111111112 0.09027777777777778 0.0763888888888889
2 0.8222222222222222 0.9635416666666666 0.09166666666666666 0.06597222222222222
2 0.9291666666666667 0.9479166666666666 0.07222222222222222 0.09722222222222222
0 0.4013888888888889 0.1171875 0.06666666666666667 0.08159722222222222
0 0.18680555555555556 0.24479166666666666 0.059722222222222225 0.0798611111111111
0 0.052083333333333336 0.2638888888888889 0.07083333333333333 0.08333333333333333
0 0.46597222222222223 0.3854166666666667 0.059722222222222225 0.07291666666666667
0 0.40208333333333335 0.7248263888888888 0.06527777777777778 0.08506944444444445
0 0.8201388888888889 0.2647569444444444 0.0763888888888889 0.0954861111111111
1 0.1125 0.7803819444444444 0.044444444444444446 0.06076388888888889
1 0.9354166666666667 0.3854166666666667 0.04583333333333333 0.059027777777777776
0 0.44027777777777777 0.2569444444444444 0.058333333333333334 0.07291666666666667
2 0.9833333333333333 0.2743055555555556 0.03333333333333333 0.0798611111111111
1 0.6854166666666667 0.9722222222222222 0.06805555555555555 0.04513888888888889
7 0.30277777777777776 0.9253472222222222 0.06944444444444445 0.0798611111111111
