6 0.044444444444444446 0.2074652777777778 0.08611111111111111 0.14756944444444445
6 0.05347222222222222 0.7612847222222222 0.07083333333333333 0.11284722222222222
6 0.1076388888888889 0.8506944444444444 0.05694444444444444 0.09027777777777778
6 0.07708333333333334 0.9513888888888888 0.0763888888888889 0.09722222222222222
6 0.6763888888888889 0.07118055555555555 0.09166666666666666 0.10069444444444445
6 0.9541666666666667 0.04861111111111111 0.08888888888888889 0.09375
6 0.9055555555555556 0.8168402777777778 0.07777777777777778 0.0920138888888889
6 0.8680555555555556 0.7074652777777778 0.09166666666666666 0.0954861111111111
6 0.4131944444444444 0.08506944444444445 0.08194444444444444 0.09027777777777778
6 0.6993055555555555 0.6423611111111112 0.05416666666666667 0.08680555555555555
6 0.2722222222222222 0.1440972222222222 0.06944444444444445 0.13541666666666666
6 0.32708333333333334 0.1970486111111111 0.09305555555555556 0.0920138888888889
6 0.21875 0.4930555555555556 0.0763888888888889 0.08680555555555555
6 0.5923611111111111 0.3654513888888889 0.07361111111111111 0.09895833333333333
6 0.7826388888888889 0.3810763888888889 0.06805555555555555 0.109375
6 0.7333333333333333 0.5564236111111112 0.08055555555555556 0.0642361111111111
6 0.7194444444444444 0.6953125 0.08888888888888889 0.11631944444444445
