2 0.3020833333333333 0.0876736111111111 0.08194444444444444 0.0954861111111111
2 0.059722222222222225 0.16927083333333334 0.07777777777777778 0.0920138888888889
2 0.07013888888888889 0.4348958333333333 0.07083333333333333 0.1232638888888889
2 0.40208333333333335 0.4548611111111111 0.08194444444444444 0.09027777777777778
2 0.14652777777777778 0.3003472222222222 0.07361111111111111 0.09375
2 0.06180555555555556 0.8454861111111112 0.07083333333333333 0.1076388888888889
2 0.15694444444444444 0.9496527777777778 0.08611111111111111 0.09375
2 0.6993055555555555 0.7769097222222222 0.06805555555555555 0.10243055555555555
2 0.7465277777777778 0.53125 0.07916666666666666 0.10069444444444445
2 0.8402777777777778 0.4470486111111111 0.08055555555555556 0.09895833333333333
2 0.8444444444444444 0.1684027777777778 0.09166666666666666 0.09722222222222222
2 0.7388888888888889 0.18489583333333334 0.08333333333333333 0.109375
2 0.7979166666666667 0.3159722222222222 0.0763888888888889 0.10069444444444445
2 0.5159722222222223 0.5026041666666666 0.08472222222222223 0.11284722222222222
2 0.6708333333333333 0.6006944444444444 0.07222222222222222 0.10416666666666667
2 0.24861111111111112 0.14149305555555555 0.06944444444444445 0.08506944444444445
2 0.6631944444444444 0.21354166666666666 0.0625 0.09027777777777778
0 0.675 0.9366319444444444 0.058333333333333334 0.0920138888888889
0 0.5805555555555556 0.8394097222222222 0.06666666666666667 0.07465277777777778
2 0.5131944444444444 0.3975694444444444 0.08194444444444444 0.09027777777777778
0 0.30972222222222223 0.2378472222222222 0.06388888888888888 0.09722222222222222
0 0.5326388888888889 0.019965277777777776 0.05694444444444444 0.036458333333333336
1 0.014583333333333334 0.08940972222222222 0.02638888888888889 0.0642361111111111
1 0.7256944444444444 0.9314236111111112 0.04583333333333333 0.06076388888888889
