2 0.05277777777777778 0.19270833333333334 0.075 0.09375
2 0.2673611111111111 0.3802083333333333 0.07083333333333333 0.10416666666666667
2 0.3236111111111111 0.2282986111111111 0.06944444444444445 0.09895833333333333
2 0.3486111111111111 0.1076388888888889 0.06944444444444445 0.09027777777777778
2 0.5638888888888889 0.5972222222222222 0.06944444444444445 0.09722222222222222
2 0.39166666666666666 0.6145833333333334 0.07222222222222222 0.11805555555555555
2 0.2534722222222222 0.6362847222222222 0.07083333333333333 0.08506944444444445
2 0.12013888888888889 0.5572916666666666 0.06527777777777778 0.08680555555555555
2 0.39375 0.8055555555555556 0.06805555555555555 0.08680555555555555
2 0.8694444444444445 0.6345486111111112 0.06944444444444445 0.0920138888888889
2 0.9333333333333333 0.4548611111111111 0.09166666666666666 0.11805555555555555
2 0.9645833333333333 0.2717013888888889 0.06805555555555555 0.09895833333333333
2 0.9569444444444445 0.1779513888888889 0.07777777777777778 0.07465277777777778
2 0.9736111111111111 0.09809027777777778 0.05277777777777778 0.08506944444444445
2 0.7909722222222222 0.041666666666666664 0.07361111111111111 0.06944444444444445
2 0.89375 0.8472222222222222 0.07083333333333333 0.09722222222222222
2 0.14652777777777778 0.9305555555555556 0.0875 0.1111111111111111
2 0.4576388888888889 0.9019097222222222 0.07361111111111111 0.10590277777777778
2 0.13055555555555556 0.6631944444444444 0.06944444444444445 0.08680555555555555
2 0.05138888888888889 0.6701388888888888 0.058333333333333334 0.08333333333333333
0 0.06666666666666667 0.7612847222222222 0.06111111111111111 0.08854166666666667
0 0.7173611111111111 0.71875 0.06805555555555555 0.0798611111111111
2 0.36875 0.3315972222222222 0.06805555555555555 0.08680555555555555
2 0.3861111111111111 0.0234375 0.06388888888888888 0.043402777777777776
2 0.9840277777777777 0.6901041666666666 0.03194444444444444 0.08854166666666667
1 0.6694444444444444 0.5173611111111112 0.044444444444444446 0.06597222222222222
2 0.8354166666666667 0.2309027777777778 0.07083333333333333 0.0763888888888889
7 0.6993055555555555 0.5052083333333334 0.04027777777777778 0.052083333333333336
2 0.014583333333333334 0.035590277777777776 0.02638888888888889 0.06770833333333333
2 0.049305555555555554 0.019965277777777776 0.05694444444444444 0.036458333333333336
2 0.013888888888888888 0.3914930555555556 0.025 0.078125
7 0.22361111111111112 0.9409722222222222 0.05277777777777778 0.06944444444444445
7 0.18055555555555555 0.017361111111111112 0.058333333333333334 0.03125
1 0.6993055555555555 0.9817708333333334 0.04583333333333333 0.036458333333333336
2 0.010416666666666666 0.8854166666666666 0.018055555555555554 0.0625
