2 0.3298611111111111 0.03732638888888889 0.06805555555555555 0.07118055555555555
2 0.24027777777777778 0.3246527777777778 0.06111111111111111 0.09027777777777778
2 0.18194444444444444 0.5121527777777778 0.075 0.1111111111111111
2 0.3541666666666667 0.7144097222222222 0.06666666666666667 0.10243055555555555
2 0.1763888888888889 0.8055555555555556 0.06944444444444445 0.10416666666666667
2 0.044444444444444446 0.6831597222222222 0.08611111111111111 0.10243055555555555
2 0.45069444444444445 0.671875 0.0625 0.09722222222222222
2 0.7645833333333333 0.2682291666666667 0.07361111111111111 0.0954861111111111
2 0.9069444444444444 0.2604166666666667 0.075 0.09722222222222222
2 0.9666666666666667 0.8376736111111112 0.06666666666666667 0.10590277777777778
2 0.9722222222222222 0.058159722222222224 0.05555555555555555 0.0920138888888889
0 0.39305555555555555 0.4053819444444444 0.06388888888888888 0.08854166666666667
0 0.5354166666666667 0.8072916666666666 0.059722222222222225 0.08333333333333333
0 0.44583333333333336 0.9279513888888888 0.058333333333333334 0.0920138888888889
0 0.7020833333333333 0.019965277777777776 0.0625 0.036458333333333336
