1 0.7243055555555555 0.2508680555555556 0.05694444444444444 0.06770833333333333
1 0.45555555555555555 0.3689236111111111 0.05 0.0642361111111111
1 0.8458333333333333 0.9739583333333334 0.041666666666666664 0.04513888888888889
2 0.44375 0.8177083333333334 0.09583333333333334 0.10416666666666667
2 0.75 0.7855902777777778 0.06388888888888888 0.0920138888888889
2 0.7368055555555556 0.8263888888888888 0.0625 0.08680555555555555
2 0.9229166666666667 0.9097222222222222 0.08472222222222223 0.1388888888888889
2 0.9604166666666667 0.5 0.06805555555555555 0.11805555555555555
2 0.7048611111111112 0.4079861111111111 0.07916666666666666 0.1076388888888889
2 0.22708333333333333 0.8168402777777778 0.07916666666666666 0.0954861111111111
2 0.041666666666666664 0.7135416666666666 0.07777777777777778 0.09027777777777778
2 0.04027777777777778 0.234375 0.06666666666666667 0.08680555555555555
2 0.025 0.5989583333333334 0.04722222222222222 0.08680555555555555
0 0.05625 0.3307291666666667 0.0763888888888889 0.10243055555555555
2 0.5201388888888889 0.09635416666666667 0.08194444444444444 0.08159722222222222
7 0.3972222222222222 0.3359375 0.07777777777777778 0.0920138888888889
7 0.12777777777777777 0.6163194444444444 0.05 0.05555555555555555
2 0.37777777777777777 0.4921875 0.06388888888888888 0.0920138888888889
2 0.4027777777777778 0.5390625 0.07222222222222222 0.08506944444444445
2 0.42569444444444443 0.5043402777777778 0.05416666666666667 0.08159722222222222
2 0.45416666666666666 0.5121527777777778 0.04722222222222222 0.07291666666666667
