2 0.2013888888888889 0.042534722222222224 0.07222222222222222 0.08159722222222222
2 0.022916666666666665 0.17100694444444445 0.043055555555555555 0.0920138888888889
2 0.06666666666666667 0.2934027777777778 0.08055555555555556 0.09375
2 0.035416666666666666 0.4036458333333333 0.06805555555555555 0.109375
2 0.21458333333333332 0.6918402777777778 0.07916666666666666 0.10243055555555555
2 0.5048611111111111 0.7482638888888888 0.07361111111111111 0.10416666666666667
2 0.79375 0.7855902777777778 0.07083333333333333 0.0954861111111111
2 0.7347222222222223 0.8958333333333334 0.07222222222222222 0.10416666666666667
2 0.7493055555555556 0.3923611111111111 0.07361111111111111 0.10069444444444445
2 0.5243055555555556 0.059027777777777776 0.07083333333333333 0.08680555555555555
2 0.31805555555555554 0.3029513888888889 0.06111111111111111 0.09895833333333333
2 0.3284722222222222 0.3958333333333333 0.06527777777777778 0.08680555555555555
2 0.10277777777777777 0.953125 0.075 0.0763888888888889
2 0.5458333333333333 0.9244791666666666 0.08333333333333333 0.0954861111111111
2 0.6340277777777777 0.84375 0.07083333333333333 0.08680555555555555
0 0.2604166666666667 0.5998263888888888 0.059722222222222225 0.08854166666666667
0 0.3645833333333333 0.7925347222222222 0.059722222222222225 0.0920138888888889
0 0.26458333333333334 0.3012152777777778 0.0625 0.08159722222222222
0 0.8083333333333333 0.078125 0.07222222222222222 0.09027777777777778
2 0.4979166666666667 0.8463541666666666 0.059722222222222225 0.0920138888888889
2 0.7944444444444444 0.9670138888888888 0.06111111111111111 0.05555555555555555
2 0.8444444444444444 0.3993055555555556 0.07777777777777778 0.09375
2 0.83125 0.3211805555555556 0.059722222222222225 0.0763888888888889
2 0.6631944444444444 0.1605902777777778 0.07083333333333333 0.0920138888888889
1 0.7506944444444444 0.6267361111111112 0.04861111111111111 0.06944444444444445
3 0.4326388888888889 0.8828125 0.059722222222222225 0.07465277777777778
1 0.009722222222222222 0.7769097222222222 0.016666666666666666 0.057291666666666664
