2 0.8819444444444444 0.1970486111111111 0.07777777777777778 0.10243055555555555
2 0.8243055555555555 0.3671875 0.07083333333333333 0.10590277777777778
2 0.8319444444444445 0.5885416666666666 0.075 0.09722222222222222
2 0.6097222222222223 0.7934027777777778 0.06666666666666667 0.10069444444444445
2 0.6340277777777777 0.9583333333333334 0.05694444444444444 0.07291666666666667
2 0.24375 0.8324652777777778 0.06527777777777778 0.08159722222222222
2 0.08958333333333333 0.8064236111111112 0.07916666666666666 0.109375
2 0.3784722222222222 0.4123263888888889 0.05694444444444444 0.0920138888888889
2 0.5888888888888889 0.4652777777777778 0.07777777777777778 0.09027777777777778
2 0.19791666666666666 0.9401041666666666 0.07361111111111111 0.109375
0 0.6145833333333334 0.3142361111111111 0.0763888888888889 0.08680555555555555
0 0.5506944444444445 0.3845486111111111 0.07083333333333333 0.0920138888888889
0 0.5055555555555555 0.4670138888888889 0.06388888888888888 0.0763888888888889
0 0.8131944444444444 0.8151041666666666 0.0625 0.08159722222222222
2 0.9486111111111111 0.7508680555555556 0.075 0.08506944444444445
2 0.7444444444444445 0.9435763888888888 0.06388888888888888 0.09895833333333333
2 0.75 0.78125 0.06944444444444445 0.08680555555555555
1 0.2263888888888889 0.2855902777777778 0.05 0.06770833333333333
1 0.4423611111111111 0.4470486111111111 0.04861111111111111 0.057291666666666664
1 0.4548611111111111 0.4982638888888889 0.04583333333333333 0.059027777777777776
2 0.5743055555555555 0.9678819444444444 0.06527777777777778 0.057291666666666664
1 0.04652777777777778 0.3498263888888889 0.05416666666666667 0.06076388888888889
2 0.034027777777777775 0.3940972222222222 0.05416666666666667 0.0625
2 0.8298611111111112 0.015625 0.07361111111111111 0.027777777777777776
