1 0.19305555555555556 0.3376736111111111 0.06111111111111111 0.07465277777777778
1 0.13819444444444445 0.5503472222222222 0.06805555555555555 0.0798611111111111
1 0.18611111111111112 0.7300347222222222 0.06944444444444445 0.078125
1 0.3548611111111111 0.4270833333333333 0.0625 0.08333333333333333
1 0.6555555555555556 0.75 0.06111111111111111 0.0798611111111111
1 0.8569444444444444 0.6927083333333334 0.05555555555555555 0.0798611111111111
1 0.7104166666666667 0.4565972222222222 0.06527777777777778 0.08333333333333333
1 0.5583333333333333 0.4383680555555556 0.05555555555555555 0.07118055555555555
1 0.5486111111111112 0.2621527777777778 0.06388888888888888 0.06944444444444445
1 0.6104166666666667 0.5303819444444444 0.05416666666666667 0.06770833333333333
1 0.45069444444444445 0.4088541666666667 0.059722222222222225 0.0642361111111111
1 0.6229166666666667 0.4019097222222222 0.05694444444444444 0.0642361111111111
1 0.02847222222222222 0.3012152777777778 0.05138888888888889 0.08506944444444445
