2 0.7680555555555556 0.3359375 0.06388888888888888 0.08506944444444445
2 0.9694444444444444 0.3133680555555556 0.06111111111111111 0.10590277777777778
2 0.8645833333333334 0.07378472222222222 0.07916666666666666 0.10590277777777778
2 0.7159722222222222 0.12152777777777778 0.06527777777777778 0.08680555555555555
2 0.5763888888888888 0.05555555555555555 0.07222222222222222 0.08333333333333333
2 0.6326388888888889 0.019965277777777776 0.08194444444444444 0.036458333333333336
2 0.13402777777777777 0.051215277777777776 0.06527777777777778 0.08159722222222222
2 0.2902777777777778 0.2734375 0.08888888888888889 0.0954861111111111
2 0.39444444444444443 0.4565972222222222 0.08333333333333333 0.1076388888888889
2 0.4701388888888889 0.3880208333333333 0.07916666666666666 0.09895833333333333
2 0.43194444444444446 0.24739583333333334 0.09444444444444444 0.08854166666666667
2 0.6951388888888889 0.6276041666666666 0.07361111111111111 0.10243055555555555
2 0.45694444444444443 0.84375 0.08611111111111111 0.09375
2 0.08402777777777778 0.8420138888888888 0.10416666666666667 0.08680555555555555
2 0.1597222222222222 0.4809027777777778 0.06111111111111111 0.09027777777777778
2 0.10486111111111111 0.4166666666666667 0.06527777777777778 0.09375
2 0.06597222222222222 0.4826388888888889 0.06527777777777778 0.08680555555555555
2 0.4965277777777778 0.04774305555555555 0.06805555555555555 0.0920138888888889
2 0.6847222222222222 0.7699652777777778 0.058333333333333334 0.0920138888888889
2 0.7395833333333334 0.8055555555555556 0.07083333333333333 0.09722222222222222
0 0.14444444444444443 0.7578125 0.06666666666666667 0.08506944444444445
1 0.7847222222222222 0.828125 0.04722222222222222 0.0625
2 0.6347222222222222 0.9722222222222222 0.09166666666666666 0.04513888888888889
2 0.025 0.9166666666666666 0.04722222222222222 0.09375
2 0.017361111111111112 0.5772569444444444 0.03194444444444444 0.09895833333333333
7 0.02847222222222222 0.6414930555555556 0.043055555555555555 0.06076388888888889
