1 0.025694444444444443 0.2517361111111111 0.04583333333333333 0.05555555555555555
1 0.06527777777777778 0.359375 0.04722222222222222 0.0625
1 0.025694444444444443 0.5477430555555556 0.04583333333333333 0.06076388888888889
1 0.11944444444444445 0.6432291666666666 0.041666666666666664 0.05381944444444445
1 0.05694444444444444 0.9392361111111112 0.04722222222222222 0.05555555555555555
1 0.11458333333333333 0.6857638888888888 0.0375 0.04861111111111111
1 0.12152777777777778 0.7387152777777778 0.04027777777777778 0.05381944444444445
1 0.1798611111111111 0.8072916666666666 0.04027777777777778 0.05555555555555555
1 0.21180555555555555 0.8376736111111112 0.043055555555555555 0.05381944444444445
1 0.1909722222222222 0.9539930555555556 0.05138888888888889 0.0642361111111111
1 0.2604166666666667 0.13194444444444445 0.04027777777777778 0.05555555555555555
1 0.22152777777777777 0.18836805555555555 0.04027777777777778 0.057291666666666664
1 0.30486111111111114 0.3611111111111111 0.043055555555555555 0.059027777777777776
1 0.31805555555555554 0.4973958333333333 0.044444444444444446 0.057291666666666664
1 0.33194444444444443 0.7291666666666666 0.03888888888888889 0.059027777777777776
1 0.4354166666666667 0.4244791666666667 0.04027777777777778 0.05381944444444445
1 0.5291666666666667 0.4548611111111111 0.041666666666666664 0.059027777777777776
1 0.6243055555555556 0.5329861111111112 0.0375 0.0625
1 0.5340277777777778 0.7100694444444444 0.04583333333333333 0.059027777777777776
1 0.5125 0.7899305555555556 0.04722222222222222 0.059027777777777776
1 0.40555555555555556 0.9088541666666666 0.044444444444444446 0.06076388888888889
1 0.5916666666666667 0.8038194444444444 0.041666666666666664 0.05555555555555555
1 0.59375 0.8559027777777778 0.04583333333333333 0.059027777777777776
1 0.7243055555555555 0.6171875 0.04583333333333333 0.06076388888888889
1 0.8513888888888889 0.6163194444444444 0.05 0.0625
1 0.94375 0.6085069444444444 0.04583333333333333 0.0642361111111111
1 0.7048611111111112 0.8003472222222222 0.04583333333333333 0.0625
1 0.7319444444444444 0.9175347222222222 0.04722222222222222 0.057291666666666664
1 0.6777777777777778 0.9557291666666666 0.04722222222222222 0.057291666666666664
1 0.60625 0.9609375 0.043055555555555555 0.057291666666666664
1 0.9472222222222222 0.6866319444444444 0.05 0.06076388888888889
1 0.6909722222222222 0.03298611111111111 0.043055555555555555 0.0625
1 0.49166666666666664 0.08333333333333333 0.041666666666666664 0.059027777777777776
1 0.79375 0.08159722222222222 0.04583333333333333 0.059027777777777776
1 0.9527777777777777 0.1449652777777778 0.041666666666666664 0.06076388888888889
1 0.8819444444444444 0.1753472222222222 0.044444444444444446 0.0625
1 0.8104166666666667 0.1970486111111111 0.04861111111111111 0.06076388888888889
1 0.6763888888888889 0.2717013888888889 0.04722222222222222 0.06076388888888889
1 0.9777777777777777 0.3602430555555556 0.044444444444444446 0.06770833333333333
1 0.8923611111111112 0.4097222222222222 0.04583333333333333 0.05555555555555555
1 0.8791666666666667 0.4817708333333333 0.04722222222222222 0.06076388888888889
1 0.9395833333333333 0.4809027777777778 0.04861111111111111 0.059027777777777776
1 0.36666666666666664 0.1440972222222222 0.05277777777777778 0.06944444444444445
7 0.32013888888888886 0.23350694444444445 0.04861111111111111 0.05381944444444445
7 0.40069444444444446 0.1970486111111111 0.059722222222222225 0.078125
7 0.5173611111111112 0.04079861111111111 0.05138888888888889 0.06770833333333333
3 0.6465277777777778 0.328125 0.04583333333333333 0.059027777777777776
3 0.6743055555555556 0.7239583333333334 0.04583333333333333 0.05555555555555555
3 0.3729166666666667 0.0546875 0.04861111111111111 0.07465277777777778
3 0.2152777777777778 0.13541666666666666 0.04722222222222222 0.05555555555555555
1 0.011111111111111112 0.0720486111111111 0.019444444444444445 0.0642361111111111
1 0.02361111111111111 0.014756944444444444 0.044444444444444446 0.026041666666666668
