2 0.7604166666666666 0.04600694444444445 0.06527777777777778 0.08854166666666667
2 0.8305555555555556 0.07899305555555555 0.06666666666666667 0.0954861111111111
2 0.98125 0.453125 0.0375 0.08680555555555555
2 0.95 0.8628472222222222 0.06944444444444445 0.09027777777777778
2 0.6631944444444444 0.8871527777777778 0.07916666666666666 0.08680555555555555
2 0.5680555555555555 0.9375 0.08611111111111111 0.0798611111111111
2 0.5722222222222222 0.5920138888888888 0.06944444444444445 0.09722222222222222
2 0.16666666666666666 0.03125 0.075 0.059027777777777776
2 0.059722222222222225 0.3394097222222222 0.06111111111111111 0.078125
2 0.3194444444444444 0.18489583333333334 0.06944444444444445 0.08506944444444445
2 0.39791666666666664 0.20572916666666666 0.06527777777777778 0.08506944444444445
2 0.3145833333333333 0.5399305555555556 0.06805555555555555 0.09722222222222222
2 0.23680555555555555 0.4661458333333333 0.07361111111111111 0.09895833333333333
2 0.03888888888888889 0.6579861111111112 0.06388888888888888 0.09722222222222222
2 0.10902777777777778 0.7699652777777778 0.07361111111111111 0.10243055555555555
2 0.04236111111111111 0.7855902777777778 0.07916666666666666 0.07118055555555555
2 0.04027777777777778 0.8958333333333334 0.06944444444444445 0.07291666666666667
2 0.2902777777777778 0.9019097222222222 0.08611111111111111 0.10590277777777778
2 0.3798611111111111 0.9392361111111112 0.07361111111111111 0.09722222222222222
0 0.018055555555555554 0.0920138888888889 0.03333333333333333 0.07291666666666667
0 0.1 0.5243055555555556 0.058333333333333334 0.0763888888888889
1 0.5833333333333334 0.4010416666666667 0.041666666666666664 0.04861111111111111
1 0.5777777777777777 0.3454861111111111 0.03888888888888889 0.052083333333333336
1 0.31319444444444444 0.2829861111111111 0.043055555555555555 0.052083333333333336
1 0.29305555555555557 0.3229166666666667 0.04722222222222222 0.04513888888888889
2 0.7159722222222222 0.2795138888888889 0.0625 0.09375
2 0.16041666666666668 0.4618055555555556 0.09305555555555556 0.12152777777777778
1 0.1673611111111111 0.09635416666666667 0.0375 0.050347222222222224
2 0.49027777777777776 0.2065972222222222 0.06666666666666667 0.0763888888888889
1 0.041666666666666664 0.23524305555555555 0.04722222222222222 0.0642361111111111
0 0.049305555555555554 0.029513888888888888 0.06527777777777778 0.05555555555555555
0 0.5583333333333333 0.018229166666666668 0.058333333333333334 0.03298611111111111
7 0.9173611111111111 0.015625 0.06805555555555555 0.027777777777777776
