1 0.022916666666666665 0.3706597222222222 0.043055555555555555 0.06770833333333333
1 0.04861111111111111 0.2152777777777778 0.05 0.06597222222222222
1 0.014583333333333334 0.6319444444444444 0.02638888888888889 0.06597222222222222
1 0.04236111111111111 0.8567708333333334 0.043055555555555555 0.05381944444444445
1 0.11805555555555555 0.11024305555555555 0.041666666666666664 0.05381944444444445
1 0.15486111111111112 0.1284722222222222 0.043055555555555555 0.05555555555555555
1 0.3090277777777778 0.13975694444444445 0.043055555555555555 0.06076388888888889
1 0.32916666666666666 0.21788194444444445 0.044444444444444446 0.057291666666666664
1 0.38333333333333336 0.2699652777777778 0.03611111111111111 0.057291666666666664
1 0.4986111111111111 0.2387152777777778 0.041666666666666664 0.057291666666666664
1 0.5159722222222223 0.3029513888888889 0.04027777777777778 0.06076388888888889
1 0.8208333333333333 0.13802083333333334 0.044444444444444446 0.057291666666666664
1 0.9597222222222223 0.17447916666666666 0.03888888888888889 0.057291666666666664
1 0.8541666666666666 0.2994791666666667 0.03888888888888889 0.057291666666666664
1 0.44305555555555554 0.3420138888888889 0.041666666666666664 0.05555555555555555
1 0.42430555555555555 0.4184027777777778 0.04027777777777778 0.05555555555555555
1 0.22291666666666668 0.4496527777777778 0.04583333333333333 0.059027777777777776
1 0.22569444444444445 0.5512152777777778 0.04027777777777778 0.050347222222222224
1 0.25833333333333336 0.6232638888888888 0.03611111111111111 0.052083333333333336
1 0.23055555555555557 0.6371527777777778 0.03888888888888889 0.052083333333333336
1 0.20833333333333334 0.7621527777777778 0.03888888888888889 0.059027777777777776
1 0.5548611111111111 0.4236111111111111 0.04027777777777778 0.052083333333333336
1 0.5340277777777778 0.4921875 0.04583333333333333 0.057291666666666664
1 0.5763888888888888 0.5460069444444444 0.044444444444444446 0.0642361111111111
1 0.6958333333333333 0.4670138888888889 0.041666666666666664 0.05555555555555555
1 0.7277777777777777 0.0798611111111111 0.041666666666666664 0.04861111111111111
3 0.7965277777777777 0.0390625 0.05416666666666667 0.07465277777777778
1 0.7055555555555556 0.1310763888888889 0.044444444444444446 0.057291666666666664
1 0.9666666666666667 0.3229166666666667 0.03888888888888889 0.059027777777777776
1 0.9173611111111111 0.3741319444444444 0.04583333333333333 0.06076388888888889
1 0.8298611111111112 0.4895833333333333 0.05138888888888889 0.0625
1 0.9583333333333334 0.5225694444444444 0.04722222222222222 0.0625
1 0.8583333333333333 0.5373263888888888 0.041666666666666664 0.06076388888888889
1 0.42083333333333334 0.7369791666666666 0.04722222222222222 0.06076388888888889
1 0.3611111111111111 0.8706597222222222 0.044444444444444446 0.057291666666666664
1 0.5201388888888889 0.9487847222222222 0.043055555555555555 0.05381944444444445
1 0.6354166666666666 0.7473958333333334 0.043055555555555555 0.057291666666666664
1 0.6958333333333333 0.7612847222222222 0.044444444444444446 0.057291666666666664
1 0.7638888888888888 0.7786458333333334 0.04722222222222222 0.05381944444444445
1 0.7201388888888889 0.8637152777777778 0.04861111111111111 0.057291666666666664
1 0.8027777777777778 0.84375 0.044444444444444446 0.05555555555555555
1 0.7958333333333333 0.6493055555555556 0.05 0.059027777777777776
1 0.9541666666666667 0.7335069444444444 0.04722222222222222 0.05381944444444445
1 0.8715277777777778 0.8298611111111112 0.04861111111111111 0.05555555555555555
1 0.7375 0.9756944444444444 0.05 0.03819444444444445
1 0.88125 0.8923611111111112 0.043055555555555555 0.059027777777777776
1 0.9541666666666667 0.5746527777777778 0.041666666666666664 0.04861111111111111
1 0.9555555555555556 0.6223958333333334 0.04722222222222222 0.050347222222222224
