2 0.24583333333333332 0.08072916666666667 0.06388888888888888 0.08506944444444445
2 0.4527777777777778 0.17274305555555555 0.08055555555555556 0.0954861111111111
2 0.38263888888888886 0.4939236111111111 0.08194444444444444 0.08159722222222222
2 0.02361111111111111 0.5815972222222222 0.044444444444444446 0.11458333333333333
2 0.15069444444444444 0.6267361111111112 0.07083333333333333 0.08680555555555555
2 0.16875 0.8888888888888888 0.06805555555555555 0.09375
2 0.31527777777777777 0.8420138888888888 0.075 0.08680555555555555
2 0.5243055555555556 0.9418402777777778 0.08472222222222223 0.09895833333333333
2 0.7402777777777778 0.9548611111111112 0.07222222222222222 0.0763888888888889
2 0.7465277777777778 0.7065972222222222 0.07361111111111111 0.09375
2 0.5979166666666667 0.5807291666666666 0.0625 0.07118055555555555
0 0.8006944444444445 0.8541666666666666 0.06527777777777778 0.08680555555555555
1 0.8486111111111111 0.5703125 0.04722222222222222 0.057291666666666664
1 0.8513888888888889 0.2552083333333333 0.04722222222222222 0.05555555555555555
1 0.6784722222222223 0.05295138888888889 0.04583333333333333 0.05381944444444445
2 0.30625 0.9340277777777778 0.06805555555555555 0.0798611111111111
2 0.18194444444444444 0.9774305555555556 0.07222222222222222 0.04513888888888889
0 0.21319444444444444 0.03819444444444445 0.06805555555555555 0.07291666666666667
1 0.6201388888888889 0.18229166666666666 0.04583333333333333 0.05555555555555555
1 0.5951388888888889 0.2170138888888889 0.034722222222222224 0.052083333333333336
1 0.5930555555555556 0.1623263888888889 0.041666666666666664 0.05381944444444445
2 0.6104166666666667 0.5138888888888888 0.06527777777777778 0.09375
1 0.5597222222222222 0.18663194444444445 0.04722222222222222 0.0642361111111111
2 0.8451388888888889 0.12065972222222222 0.1625 0.171875
0 0.7020833333333333 0.1918402777777778 0.09305555555555556 0.08854166666666667
0 0.21319444444444444 0.6145833333333334 0.07361111111111111 0.09722222222222222
