1 0.20902777777777778 0.13020833333333334 0.04861111111111111 0.05555555555555555
1 0.23333333333333334 0.2994791666666667 0.058333333333333334 0.0642361111111111
1 0.03680555555555556 0.3020833333333333 0.06527777777777778 0.06597222222222222
1 0.06875 0.5286458333333334 0.05416666666666667 0.06076388888888889
1 0.075 0.6345486111111112 0.05277777777777778 0.0642361111111111
1 0.2076388888888889 0.6145833333333334 0.05694444444444444 0.06944444444444445
1 0.3770833333333333 0.3767361111111111 0.05416666666666667 0.06597222222222222
1 0.4722222222222222 0.22569444444444445 0.05277777777777778 0.06597222222222222
1 0.30833333333333335 0.0642361111111111 0.05277777777777778 0.0625
1 0.45208333333333334 0.026909722222222224 0.05416666666666667 0.050347222222222224
1 0.6631944444444444 0.1675347222222222 0.05138888888888889 0.06770833333333333
1 0.5930555555555556 0.3159722222222222 0.05277777777777778 0.06944444444444445
1 0.5534722222222223 0.3532986111111111 0.05416666666666667 0.0642361111111111
1 0.8826388888888889 0.11631944444444445 0.05416666666666667 0.06944444444444445
1 0.7284722222222222 0.2300347222222222 0.05416666666666667 0.06770833333333333
1 0.7666666666666667 0.1840277777777778 0.05 0.0625
1 0.7895833333333333 0.2222222222222222 0.04861111111111111 0.06597222222222222
1 0.6236111111111111 0.4097222222222222 0.05555555555555555 0.06597222222222222
1 0.19652777777777777 0.7239583333333334 0.05138888888888889 0.06944444444444445
1 0.175 0.8550347222222222 0.05277777777777778 0.06076388888888889
1 0.12013888888888889 0.9114583333333334 0.05138888888888889 0.059027777777777776
1 0.07777777777777778 0.9375 0.05 0.06597222222222222
1 0.2013888888888889 0.4253472222222222 0.041666666666666664 0.052083333333333336
1 0.18125 0.4453125 0.05138888888888889 0.06076388888888889
1 0.35555555555555557 0.6822916666666666 0.05 0.06597222222222222
1 0.32569444444444445 0.7378472222222222 0.05138888888888889 0.06597222222222222
1 0.39305555555555555 0.7526041666666666 0.05 0.06076388888888889
1 0.39444444444444443 0.9071180555555556 0.05277777777777778 0.0642361111111111
1 0.6194444444444445 0.5190972222222222 0.06111111111111111 0.06597222222222222
1 0.6361111111111111 0.6640625 0.06111111111111111 0.06770833333333333
1 0.7541666666666667 0.5720486111111112 0.05 0.06770833333333333
1 0.7729166666666667 0.6979166666666666 0.05694444444444444 0.06597222222222222
1 0.7493055555555556 0.7899305555555556 0.05138888888888889 0.06597222222222222
1 0.5208333333333334 0.9739583333333334 0.05 0.04861111111111111
1 0.8583333333333333 0.7300347222222222 0.05 0.07465277777777778
1 0.8895833333333333 0.7821180555555556 0.05416666666666667 0.0642361111111111
1 0.9361111111111111 0.5737847222222222 0.05277777777777778 0.06770833333333333
1 0.8833333333333333 0.4019097222222222 0.04722222222222222 0.0642361111111111
1 0.8326388888888889 0.3723958333333333 0.04583333333333333 0.06076388888888889
1 0.7993055555555556 0.3802083333333333 0.04583333333333333 0.06597222222222222
1 0.9833333333333333 0.9227430555555556 0.03333333333333333 0.0642361111111111
3 0.7652777777777777 0.4071180555555556 0.05555555555555555 0.06770833333333333
3 0.027083333333333334 0.17447916666666666 0.04861111111111111 0.06770833333333333
1 0.014583333333333334 0.9079861111111112 0.02638888888888889 0.04861111111111111
1 0.011111111111111112 0.8619791666666666 0.019444444444444445 0.057291666666666664
1 0.7590277777777777 0.9826388888888888 0.04583333333333333 0.027777777777777776
