1 0.04791666666666667 0.3454861111111111 0.05694444444444444 0.06944444444444445
1 0.3173611111111111 0.2795138888888889 0.05138888888888889 0.059027777777777776
1 0.15208333333333332 0.7421875 0.05694444444444444 0.0642361111111111
1 0.23194444444444445 0.9444444444444444 0.05 0.059027777777777776
1 0.5770833333333333 0.6692708333333334 0.05416666666666667 0.06770833333333333
1 0.7298611111111111 0.6137152777777778 0.05694444444444444 0.07465277777777778
0 0.66875 0.4713541666666667 0.07361111111111111 0.10243055555555555
0 0.6486111111111111 0.8663194444444444 0.075 0.09722222222222222
7 0.8375 0.8611111111111112 0.10555555555555556 0.09027777777777778
7 0.9666666666666667 0.07465277777777778 0.06666666666666667 0.14583333333333334
7 0.2548611111111111 0.6987847222222222 0.04861111111111111 0.057291666666666664
