1 0.04722222222222222 0.05555555555555555 0.05555555555555555 0.06597222222222222
1 0.10486111111111111 0.041666666666666664 0.04861111111111111 0.059027777777777776
1 0.27708333333333335 0.026041666666666668 0.05694444444444444 0.04861111111111111
1 0.2423611111111111 0.1310763888888889 0.05138888888888889 0.0642361111111111
1 0.12430555555555556 0.2725694444444444 0.04861111111111111 0.05555555555555555
1 0.09861111111111111 0.3177083333333333 0.05277777777777778 0.059027777777777776
1 0.027083333333333334 0.3854166666666667 0.05138888888888889 0.05555555555555555
1 0.09583333333333334 0.3784722222222222 0.05277777777777778 0.0625
1 0.075 0.4279513888888889 0.05277777777777778 0.06770833333333333
1 0.03958333333333333 0.4973958333333333 0.05694444444444444 0.0642361111111111
1 0.19583333333333333 0.5434027777777778 0.05 0.06597222222222222
1 0.27847222222222223 0.2708333333333333 0.05694444444444444 0.06944444444444445
1 0.41597222222222224 0.05642361111111111 0.05138888888888889 0.06770833333333333
1 0.31875 0.12152777777777778 0.05138888888888889 0.0625
1 0.3506944444444444 0.16493055555555555 0.04583333333333333 0.059027777777777776
1 0.3784722222222222 0.23697916666666666 0.05138888888888889 0.0642361111111111
1 0.44166666666666665 0.2708333333333333 0.05277777777777778 0.0625
1 0.4215277777777778 0.3333333333333333 0.04861111111111111 0.0625
1 0.3055555555555556 0.3628472222222222 0.04722222222222222 0.0625
1 0.3486111111111111 0.3784722222222222 0.05277777777777778 0.0625
1 0.29930555555555555 0.4401041666666667 0.04861111111111111 0.0642361111111111
1 0.2611111111111111 0.4835069444444444 0.05 0.06076388888888889
1 0.08680555555555555 0.8654513888888888 0.04583333333333333 0.06076388888888889
1 0.075 0.9175347222222222 0.05 0.06076388888888889
1 0.1840277777777778 0.9166666666666666 0.04861111111111111 0.0625
1 0.2708333333333333 0.6059027777777778 0.04722222222222222 0.06597222222222222
1 0.30277777777777776 0.6458333333333334 0.05 0.059027777777777776
1 0.28125 0.84375 0.04861111111111111 0.0625
1 0.35208333333333336 0.8550347222222222 0.04583333333333333 0.05381944444444445
1 0.46458333333333335 0.4913194444444444 0.05138888888888889 0.06944444444444445
1 0.4111111111111111 0.5243055555555556 0.04722222222222222 0.06944444444444445
1 0.46458333333333335 0.5946180555555556 0.05138888888888889 0.0642361111111111
1 0.3958333333333333 0.6649305555555556 0.04722222222222222 0.059027777777777776
1 0.43125 0.7430555555555556 0.04861111111111111 0.0625
1 0.4111111111111111 0.8350694444444444 0.05555555555555555 0.07291666666666667
1 0.4201388888888889 0.9010416666666666 0.05416666666666667 0.06597222222222222
1 0.48819444444444443 0.8342013888888888 0.05416666666666667 0.06770833333333333
1 0.5819444444444445 0.6519097222222222 0.05555555555555555 0.07465277777777778
1 0.5861111111111111 0.5555555555555556 0.05 0.0625
1 0.5618055555555556 0.3671875 0.05416666666666667 0.06076388888888889
1 0.6270833333333333 0.2699652777777778 0.05694444444444444 0.0642361111111111
1 0.6111111111111112 0.4097222222222222 0.05 0.06944444444444445
1 0.6868055555555556 0.4904513888888889 0.05138888888888889 0.06770833333333333
1 0.6833333333333333 0.5590277777777778 0.05555555555555555 0.06597222222222222
1 0.7125 0.6032986111111112 0.05277777777777778 0.07118055555555555
1 0.7375 0.4565972222222222 0.05 0.06944444444444445
1 0.7236111111111111 0.034722222222222224 0.05277777777777778 0.06597222222222222
1 0.7618055555555555 0.1449652777777778 0.05694444444444444 0.06076388888888889
1 0.7652777777777777 0.2074652777777778 0.058333333333333334 0.06770833333333333
1 0.7944444444444444 0.3229166666666667 0.05555555555555555 0.06944444444444445
1 0.8604166666666667 0.3012152777777778 0.05694444444444444 0.07118055555555555
1 0.9076388888888889 0.3428819444444444 0.05694444444444444 0.07118055555555555
1 0.8770833333333333 0.4539930555555556 0.05416666666666667 0.0642361111111111
1 0.8340277777777778 0.4765625 0.04861111111111111 0.0642361111111111
1 0.6652777777777777 0.8532986111111112 0.05277777777777778 0.07118055555555555
1 0.8604166666666667 0.7378472222222222 0.05138888888888889 0.059027777777777776
1 0.8951388888888889 0.7543402777777778 0.05138888888888889 0.057291666666666664
1 0.9805555555555555 0.7265625 0.03888888888888889 0.06770833333333333
1 0.8451388888888889 0.7899305555555556 0.05694444444444444 0.06597222222222222
1 0.8458333333333333 0.8402777777777778 0.05277777777777778 0.0625
3 0.5444444444444444 0.2144097222222222 0.05 0.06076388888888889
1 0.013194444444444444 0.24131944444444445 0.02361111111111111 0.05555555555555555
1 0.33611111111111114 0.013020833333333334 0.04722222222222222 0.022569444444444444
1 0.9354166666666667 0.013888888888888888 0.05416666666666667 0.024305555555555556
1 0.2326388888888889 0.9809027777777778 0.05138888888888889 0.034722222222222224
