2 0.21666666666666667 0.5868055555555556 0.07222222222222222 0.08680555555555555
2 0.11666666666666667 0.5598958333333334 0.07222222222222222 0.078125
2 0.36041666666666666 0.3090277777777778 0.06805555555555555 0.08680555555555555
2 0.4638888888888889 0.2569444444444444 0.06388888888888888 0.08333333333333333
2 0.5243055555555556 0.34375 0.06527777777777778 0.0798611111111111
2 0.3923611111111111 0.09288194444444445 0.0625 0.08506944444444445
2 0.3909722222222222 0.1753472222222222 0.0763888888888889 0.08333333333333333
2 0.7708333333333334 0.5034722222222222 0.13055555555555556 0.09027777777777778
2 0.7027777777777777 0.4505208333333333 0.07222222222222222 0.0954861111111111
2 0.8743055555555556 0.6154513888888888 0.08472222222222223 0.10243055555555555
2 0.81875 0.7421875 0.09027777777777778 0.0954861111111111
2 0.8625 0.9470486111111112 0.06944444444444445 0.08506944444444445
2 0.2569444444444444 0.7335069444444444 0.06111111111111111 0.08506944444444445
2 0.08472222222222223 0.8185763888888888 0.08055555555555556 0.08506944444444445
2 0.3 0.9019097222222222 0.06944444444444445 0.09895833333333333
2 0.11736111111111111 0.9357638888888888 0.09583333333333334 0.1111111111111111
3 0.06527777777777778 0.5043402777777778 0.044444444444444446 0.05381944444444445
3 0.5604166666666667 0.6684027777777778 0.043055555555555555 0.0625
1 0.5847222222222223 0.4982638888888889 0.04722222222222222 0.059027777777777776
1 0.3923611111111111 0.7630208333333334 0.04861111111111111 0.06076388888888889
0 0.6333333333333333 0.6770833333333334 0.07222222222222222 0.09375
7 0.7208333333333333 0.3046875 0.041666666666666664 0.06076388888888889
2 0.9486111111111111 0.9739583333333334 0.06111111111111111 0.04861111111111111
7 0.7354166666666667 0.2586805555555556 0.043055555555555555 0.06597222222222222
