1 0.38958333333333334 0.016493055555555556 0.04027777777777778 0.029513888888888888
1 0.4576388888888889 0.2647569444444444 0.043055555555555555 0.057291666666666664
1 0.2875 0.3125 0.05277777777777778 0.0625
1 0.3784722222222222 0.3845486111111111 0.05138888888888889 0.06076388888888889
1 0.3229166666666667 0.4513888888888889 0.05416666666666667 0.0625
1 0.15416666666666667 0.5894097222222222 0.05555555555555555 0.06076388888888889
1 0.06666666666666667 0.6779513888888888 0.05 0.06076388888888889
1 0.14375 0.7005208333333334 0.05416666666666667 0.07118055555555555
1 0.2611111111111111 0.6388888888888888 0.05555555555555555 0.06597222222222222
1 0.55625 0.4201388888888889 0.05138888888888889 0.059027777777777776
1 0.38958333333333334 0.7048611111111112 0.04861111111111111 0.0625
1 0.33819444444444446 0.7621527777777778 0.04861111111111111 0.0625
1 0.275 0.7838541666666666 0.05 0.06076388888888889
1 0.2611111111111111 0.8376736111111112 0.05277777777777778 0.0642361111111111
1 0.65 0.4513888888888889 0.05 0.059027777777777776
1 0.6138888888888889 0.5234375 0.05 0.06076388888888889
1 0.5458333333333333 0.5017361111111112 0.05 0.0625
1 0.7736111111111111 0.1675347222222222 0.044444444444444446 0.06076388888888889
1 0.8402777777777778 0.17447916666666666 0.04722222222222222 0.057291666666666664
1 0.9701388888888889 0.2144097222222222 0.04027777777777778 0.06076388888888889
1 0.8 0.21961805555555555 0.044444444444444446 0.0642361111111111
1 0.5208333333333334 0.546875 0.04722222222222222 0.059027777777777776
1 0.7229166666666667 0.3663194444444444 0.04583333333333333 0.0625
1 0.74375 0.4045138888888889 0.043055555555555555 0.059027777777777776
1 0.9423611111111111 0.3194444444444444 0.04861111111111111 0.05555555555555555
1 0.9479166666666666 0.3628472222222222 0.04583333333333333 0.05555555555555555
1 0.5361111111111111 0.6710069444444444 0.044444444444444446 0.06076388888888889
1 0.5868055555555556 0.6640625 0.04583333333333333 0.0642361111111111
1 0.7284722222222222 0.5460069444444444 0.04583333333333333 0.06076388888888889
1 0.7048611111111112 0.5972222222222222 0.043055555555555555 0.06597222222222222
1 0.8243055555555555 0.6336805555555556 0.04861111111111111 0.059027777777777776
1 0.8305555555555556 0.6857638888888888 0.044444444444444446 0.059027777777777776
1 0.9041666666666667 0.7274305555555556 0.044444444444444446 0.0625
1 0.7875 0.8368055555555556 0.044444444444444446 0.06597222222222222
1 0.6743055555555556 0.9010416666666666 0.04861111111111111 0.0625
1 0.31527777777777777 0.9140625 0.04722222222222222 0.06076388888888889
1 0.35833333333333334 0.9618055555555556 0.04722222222222222 0.05555555555555555
1 0.46319444444444446 0.9053819444444444 0.04861111111111111 0.06076388888888889
1 0.4409722222222222 0.9583333333333334 0.04583333333333333 0.059027777777777776
1 0.8513888888888889 0.8350694444444444 0.05 0.06597222222222222
1 0.9229166666666667 0.7986111111111112 0.04861111111111111 0.0625
1 0.9819444444444444 0.9444444444444444 0.03611111111111111 0.0625
1 0.8652777777777778 0.9175347222222222 0.044444444444444446 0.057291666666666664
1 0.8861111111111111 0.9470486111111112 0.04722222222222222 0.06076388888888889
1 0.7895833333333333 0.9748263888888888 0.05138888888888889 0.03993055555555555
1 0.029861111111111113 0.015625 0.04027777777777778 0.027777777777777776
1 0.06388888888888888 0.9835069444444444 0.044444444444444446 0.03298611111111111
