1 0.15625 0.13975694444444445 0.04583333333333333 0.057291666666666664
1 0.05486111111111111 0.2751736111111111 0.04583333333333333 0.06076388888888889
1 0.08888888888888889 0.3402777777777778 0.044444444444444446 0.05555555555555555
1 0.17708333333333334 0.2864583333333333 0.04583333333333333 0.05555555555555555
1 0.16875 0.4001736111111111 0.04861111111111111 0.06076388888888889
1 0.02847222222222222 0.4157986111111111 0.043055555555555555 0.05381944444444445
1 0.08263888888888889 0.4574652777777778 0.04583333333333333 0.05381944444444445
1 0.17777777777777778 0.5824652777777778 0.041666666666666664 0.06076388888888889
1 0.26805555555555555 0.4835069444444444 0.044444444444444446 0.057291666666666664
1 0.3416666666666667 0.5373263888888888 0.04722222222222222 0.057291666666666664
1 0.28125 0.6588541666666666 0.04583333333333333 0.057291666666666664
1 0.26666666666666666 0.734375 0.041666666666666664 0.05555555555555555
1 0.18472222222222223 0.9088541666666666 0.044444444444444446 0.0642361111111111
1 0.10625 0.9201388888888888 0.043055555555555555 0.0625
1 0.3611111111111111 0.12239583333333333 0.04722222222222222 0.0642361111111111
1 0.5618055555555556 0.1597222222222222 0.04583333333333333 0.05555555555555555
1 0.48125 0.12760416666666666 0.04861111111111111 0.06770833333333333
1 0.69375 0.07465277777777778 0.04861111111111111 0.059027777777777776
1 0.7895833333333333 0.026041666666666668 0.04583333333333333 0.04861111111111111
1 0.8222222222222222 0.09114583333333333 0.041666666666666664 0.06076388888888889
1 0.8972222222222223 0.16145833333333334 0.04722222222222222 0.0625
1 0.7923611111111111 0.1987847222222222 0.04861111111111111 0.057291666666666664
1 0.7201388888888889 0.23697916666666666 0.04861111111111111 0.057291666666666664
1 0.7069444444444445 0.3046875 0.04722222222222222 0.057291666666666664
1 0.7263888888888889 0.3385416666666667 0.04722222222222222 0.059027777777777776
1 0.8451388888888889 0.2621527777777778 0.043055555555555555 0.06597222222222222
1 0.9638888888888889 0.2881944444444444 0.044444444444444446 0.0625
1 0.79375 0.4288194444444444 0.04583333333333333 0.06597222222222222
1 0.8743055555555556 0.4409722222222222 0.04861111111111111 0.052083333333333336
1 0.8729166666666667 0.4861111111111111 0.04583333333333333 0.059027777777777776
1 0.9159722222222222 0.6432291666666666 0.04861111111111111 0.06076388888888889
1 0.4340277777777778 0.3020833333333333 0.04861111111111111 0.0625
1 0.49375 0.3541666666666667 0.04027777777777778 0.05555555555555555
1 0.5368055555555555 0.5 0.05416666666666667 0.0625
1 0.5368055555555555 0.5998263888888888 0.04583333333333333 0.050347222222222224
1 0.6201388888888889 0.7300347222222222 0.04583333333333333 0.057291666666666664
1 0.5722222222222222 0.8272569444444444 0.044444444444444446 0.057291666666666664
1 0.6805555555555556 0.8203125 0.044444444444444446 0.0642361111111111
1 0.86875 0.9461805555555556 0.04861111111111111 0.0625
1 0.7541666666666667 0.9053819444444444 0.04722222222222222 0.0642361111111111
1 0.7104166666666667 0.9088541666666666 0.043055555555555555 0.06076388888888889
1 0.6618055555555555 0.9053819444444444 0.043055555555555555 0.06076388888888889
1 0.5034722222222222 0.8967013888888888 0.04861111111111111 0.0642361111111111
1 0.42083333333333334 0.8159722222222222 0.04722222222222222 0.059027777777777776
1 0.35555555555555557 0.8307291666666666 0.03888888888888889 0.05381944444444445
3 0.7701388888888889 0.7048611111111112 0.04583333333333333 0.06597222222222222
7 0.3819444444444444 0.19010416666666666 0.058333333333333334 0.046875
7 0.44375 0.21180555555555555 0.04861111111111111 0.041666666666666664
3 0.3229166666666667 0.8342013888888888 0.04027777777777778 0.0642361111111111
3 0.6201388888888889 0.7925347222222222 0.04861111111111111 0.06770833333333333
3 0.8486111111111111 0.6840277777777778 0.05 0.0625
3 0.9833333333333333 0.484375 0.03333333333333333 0.05555555555555555
1 0.9875 0.5390625 0.025 0.05381944444444445
1 0.009722222222222222 0.04513888888888889 0.016666666666666666 0.052083333333333336
1 0.9895833333333334 0.24479166666666666 0.020833333333333332 0.059027777777777776
