2 0.10069444444444445 0.21354166666666666 0.07916666666666666 0.09375
2 0.15763888888888888 0.3333333333333333 0.07083333333333333 0.08333333333333333
2 0.1625 0.4236111111111111 0.075 0.08680555555555555
2 0.31319444444444444 0.4592013888888889 0.06805555555555555 0.0954861111111111
2 0.47291666666666665 0.3203125 0.07083333333333333 0.09895833333333333
2 0.32708333333333334 0.03993055555555555 0.08472222222222223 0.07291666666666667
2 0.6013888888888889 0.06163194444444445 0.08055555555555556 0.08506944444444445
2 0.675 0.46875 0.07777777777777778 0.09375
2 0.8368055555555556 0.5633680555555556 0.08472222222222223 0.09895833333333333
2 0.9104166666666667 0.6345486111111112 0.06527777777777778 0.08506944444444445
2 0.5972222222222222 0.8602430555555556 0.07777777777777778 0.109375
2 0.6854166666666667 0.9609375 0.07083333333333333 0.0642361111111111
2 0.39444444444444443 0.6293402777777778 0.06666666666666667 0.08506944444444445
2 0.5979166666666667 0.5425347222222222 0.05694444444444444 0.0954861111111111
2 0.024305555555555556 0.7274305555555556 0.04583333333333333 0.09027777777777778
2 0.1986111111111111 0.2222222222222222 0.06666666666666667 0.08680555555555555
2 0.8659722222222223 0.14756944444444445 0.0763888888888889 0.08680555555555555
0 0.7222222222222222 0.7743055555555556 0.06666666666666667 0.09027777777777778
1 0.36180555555555555 0.9678819444444444 0.04027777777777778 0.050347222222222224
2 0.5472222222222223 0.08333333333333333 0.05555555555555555 0.07291666666666667
7 0.31875 0.9296875 0.043055555555555555 0.057291666666666664
2 0.4979166666666667 0.015625 0.07083333333333333 0.027777777777777776
7 0.44583333333333336 0.4887152777777778 0.05 0.06770833333333333
