1 0.03958333333333333 0.2934027777777778 0.0625 0.06944444444444445
1 0.2611111111111111 0.1076388888888889 0.06666666666666667 0.08333333333333333
1 0.5 0.15364583333333334 0.06388888888888888 0.08159722222222222
1 0.09027777777777778 0.036458333333333336 0.06111111111111111 0.0625
1 0.49375 0.5920138888888888 0.0625 0.06944444444444445
1 0.9013888888888889 0.4357638888888889 0.06388888888888888 0.07291666666666667
1 0.9222222222222223 0.1189236111111111 0.06944444444444445 0.078125
1 0.8159722222222222 0.6223958333333334 0.06527777777777778 0.078125
1 0.4111111111111111 0.9270833333333334 0.06111111111111111 0.07291666666666667
1 0.05694444444444444 0.7612847222222222 0.07222222222222222 0.07118055555555555
