2 0.2298611111111111 0.08246527777777778 0.07361111111111111 0.10243055555555555
2 0.27708333333333335 0.1831597222222222 0.07361111111111111 0.09895833333333333
2 0.60625 0.03993055555555555 0.08194444444444444 0.0763888888888889
2 0.6784722222222223 0.11371527777777778 0.08472222222222223 0.0954861111111111
2 0.5111111111111111 0.3376736111111111 0.08055555555555556 0.08506944444444445
2 0.5743055555555555 0.3949652777777778 0.07916666666666666 0.0954861111111111
2 0.6402777777777777 0.4348958333333333 0.08055555555555556 0.0920138888888889
2 0.8583333333333333 0.4140625 0.06388888888888888 0.08159722222222222
2 0.46111111111111114 0.8194444444444444 0.07777777777777778 0.1076388888888889
2 0.2 0.546875 0.075 0.10069444444444445
2 0.035416666666666666 0.8923611111111112 0.06527777777777778 0.1076388888888889
2 0.9625 0.4513888888888889 0.06388888888888888 0.08333333333333333
2 0.11319444444444444 0.2925347222222222 0.0763888888888889 0.08506944444444445
0 0.3909722222222222 0.1449652777777778 0.06527777777777778 0.08506944444444445
0 0.7277777777777777 0.6553819444444444 0.06111111111111111 0.0920138888888889
2 0.6222222222222222 0.9201388888888888 0.09166666666666666 0.09375
2 0.5048611111111111 0.9149305555555556 0.059722222222222225 0.10416666666666667
2 0.14444444444444443 0.8480902777777778 0.08055555555555556 0.08506944444444445
2 0.2861111111111111 0.7508680555555556 0.07222222222222222 0.0954861111111111
0 0.26666666666666666 0.6597222222222222 0.06666666666666667 0.08680555555555555
0 0.81875 0.3203125 0.07916666666666666 0.0954861111111111
2 0.41944444444444445 0.3307291666666667 0.06388888888888888 0.08159722222222222
0 0.11875 0.3741319444444444 0.0625 0.078125
2 0.03333333333333333 0.10503472222222222 0.06388888888888888 0.11284722222222222
0 0.8722222222222222 0.8376736111111112 0.06111111111111111 0.08854166666666667
2 0.9763888888888889 0.5321180555555556 0.04722222222222222 0.0920138888888889
0 0.20208333333333334 0.8055555555555556 0.06805555555555555 0.08333333333333333
2 0.16805555555555557 0.9652777777777778 0.07222222222222222 0.06597222222222222
