6 0.22291666666666668 0.04079861111111111 0.09583333333333334 0.078125
6 0.17152777777777778 0.23177083333333334 0.09583333333333334 0.10243055555555555
6 0.18888888888888888 0.2821180555555556 0.06388888888888888 0.0954861111111111
6 0.4979166666666667 0.171875 0.08194444444444444 0.11458333333333333
6 0.7611111111111111 0.12152777777777778 0.10277777777777777 0.10416666666666667
6 0.8625 0.1423611111111111 0.06388888888888888 0.1284722222222222
6 0.33125 0.4661458333333333 0.07361111111111111 0.11631944444444445
6 0.13402777777777777 0.5946180555555556 0.05416666666666667 0.08854166666666667
6 0.07777777777777778 0.9279513888888888 0.07222222222222222 0.08506944444444445
6 0.2423611111111111 0.6961805555555556 0.09861111111111111 0.08680555555555555
6 0.25763888888888886 0.6041666666666666 0.06527777777777778 0.125
6 0.5652777777777778 0.7708333333333334 0.04722222222222222 0.0625
6 0.6055555555555555 0.3098958333333333 0.10277777777777777 0.109375
6 0.6083333333333333 0.7690972222222222 0.08333333333333333 0.12152777777777778
6 0.5826388888888889 0.9201388888888888 0.05138888888888889 0.09375
6 0.6826388888888889 0.8802083333333334 0.08472222222222223 0.1111111111111111
6 0.8666666666666667 0.9461805555555556 0.07777777777777778 0.08680555555555555
6 0.9548611111111112 0.4097222222222222 0.04583333333333333 0.0763888888888889
6 0.08819444444444445 0.1597222222222222 0.07361111111111111 0.1076388888888889
6 0.019444444444444445 0.4661458333333333 0.03611111111111111 0.10243055555555555
6 0.39166666666666666 0.018229166666666668 0.075 0.03298611111111111
6 0.8930555555555556 0.22916666666666666 0.09722222222222222 0.14583333333333334
