4 0.020833333333333332 0.07118055555555555 0.03888888888888889 0.08680555555555555
4 0.3597222222222222 0.2309027777777778 0.03333333333333333 0.06944444444444445
4 0.7368055555555556 0.4539930555555556 0.1125 0.06770833333333333
4 0.7763888888888889 0.7430555555555556 0.075 0.07291666666666667
4 0.19375 0.9583333333333334 0.034722222222222224 0.06597222222222222
4 0.8958333333333334 0.09027777777777778 0.075 0.06597222222222222
4 0.47638888888888886 0.7942708333333334 0.11944444444444445 0.1545138888888889
4 0.9173611111111111 0.921875 0.15694444444444444 0.1527777777777778
4 0.9055555555555556 0.7595486111111112 0.15 0.15104166666666666
4 0.8430555555555556 0.5876736111111112 0.14166666666666666 0.15104166666666666
