2 0.02847222222222222 0.15364583333333334 0.05416666666666667 0.08159722222222222
2 0.24166666666666667 0.05555555555555555 0.06944444444444445 0.09722222222222222
2 0.30625 0.051215277777777776 0.07083333333333333 0.09895833333333333
2 0.6423611111111112 0.17447916666666666 0.06527777777777778 0.0920138888888889
2 0.8291666666666667 0.046875 0.06944444444444445 0.09027777777777778
2 0.9715277777777778 0.2404513888888889 0.05694444444444444 0.0954861111111111
2 0.7833333333333333 0.2786458333333333 0.075 0.08506944444444445
2 0.7875 0.3611111111111111 0.06388888888888888 0.08333333333333333
2 0.7222222222222222 0.4097222222222222 0.06666666666666667 0.09722222222222222
2 0.3923611111111111 0.5277777777777778 0.06527777777777778 0.09027777777777778
2 0.6791666666666667 0.6744791666666666 0.06111111111111111 0.078125
2 0.5541666666666667 0.6579861111111112 0.09166666666666666 0.09375
2 0.37222222222222223 0.7473958333333334 0.09166666666666666 0.13020833333333334
2 0.31805555555555554 0.6197916666666666 0.07222222222222222 0.10069444444444445
2 0.19444444444444445 0.5199652777777778 0.06111111111111111 0.08854166666666667
2 0.03333333333333333 0.6805555555555556 0.06388888888888888 0.09722222222222222
2 0.035416666666666666 0.7786458333333334 0.06805555555555555 0.09895833333333333
2 0.04722222222222222 0.9626736111111112 0.075 0.0642361111111111
2 0.23125 0.9166666666666666 0.07916666666666666 0.0798611111111111
2 0.7638888888888888 0.7708333333333334 0.075 0.09027777777777778
2 0.5791666666666667 0.9479166666666666 0.06944444444444445 0.0763888888888889
2 0.8173611111111111 0.6024305555555556 0.05694444444444444 0.09375
2 0.9826388888888888 0.5538194444444444 0.034722222222222224 0.09375
2 0.44930555555555557 0.3046875 0.0763888888888889 0.11979166666666667
0 0.21180555555555555 0.6579861111111112 0.059722222222222225 0.08333333333333333
2 0.9125 0.029513888888888888 0.07222222222222222 0.05555555555555555
0 0.6180555555555556 0.8420138888888888 0.06388888888888888 0.0763888888888889
0 0.017361111111111112 0.3559027777777778 0.03194444444444444 0.09027777777777778
7 0.6652777777777777 0.019097222222222224 0.05277777777777778 0.034722222222222224
1 0.7916666666666666 0.6067708333333334 0.04722222222222222 0.05381944444444445
