0 0.2326388888888889 0.028645833333333332 0.06527777777777778 0.05381944444444445
0 0.11180555555555556 0.296875 0.07361111111111111 0.08680555555555555
0 0.3333333333333333 0.5546875 0.07222222222222222 0.08854166666666667
0 0.9208333333333333 0.3003472222222222 0.09166666666666666 0.11805555555555555
0 0.8625 0.7881944444444444 0.06666666666666667 0.09375
2 0.18194444444444444 0.5590277777777778 0.06388888888888888 0.09027777777777778
0 0.40625 0.8142361111111112 0.0625 0.09722222222222222
5 0.5020833333333333 0.7612847222222222 0.04027777777777778 0.050347222222222224
5 0.49930555555555556 0.05295138888888889 0.04027777777777778 0.043402777777777776
5 0.09583333333333334 0.03819444444444445 0.03333333333333333 0.041666666666666664
5 0.6736111111111112 0.06770833333333333 0.03888888888888889 0.04861111111111111
5 0.9722222222222222 0.7361111111111112 0.03611111111111111 0.052083333333333336
0 0.6604166666666667 0.203125 0.0625 0.06944444444444445
7 0.7694444444444445 0.5130208333333334 0.044444444444444446 0.050347222222222224
7 0.034027777777777775 0.3263888888888889 0.03194444444444444 0.041666666666666664
