2 0.5138888888888888 0.19791666666666666 0.07222222222222222 0.0763888888888889
2 0.44375 0.16927083333333334 0.06527777777777778 0.08854166666666667
2 0.4548611111111111 0.5980902777777778 0.08472222222222223 0.08854166666666667
2 0.5694444444444444 0.5954861111111112 0.07777777777777778 0.0798611111111111
2 0.7645833333333333 0.578125 0.06527777777777778 0.09375
2 0.9326388888888889 0.6996527777777778 0.08194444444444444 0.07291666666666667
2 0.8694444444444445 0.2873263888888889 0.06944444444444445 0.09895833333333333
2 0.9631944444444445 0.1423611111111111 0.07361111111111111 0.08333333333333333
2 0.9743055555555555 0.2673611111111111 0.05138888888888889 0.10416666666666667
2 0.5041666666666667 0.4913194444444444 0.06388888888888888 0.08680555555555555
2 0.5652777777777778 0.7769097222222222 0.07777777777777778 0.11284722222222222
2 0.7104166666666667 0.8793402777777778 0.07361111111111111 0.10243055555555555
2 0.48541666666666666 0.7152777777777778 0.06805555555555555 0.09027777777777778
2 0.18472222222222223 0.5069444444444444 0.07222222222222222 0.12152777777777778
2 0.058333333333333334 0.5373263888888888 0.08333333333333333 0.08159722222222222
2 0.17777777777777778 0.07118055555555555 0.058333333333333334 0.08680555555555555
2 0.21875 0.1597222222222222 0.07916666666666666 0.0798611111111111
0 0.8173611111111111 0.16493055555555555 0.05416666666666667 0.08333333333333333
2 0.45069444444444445 0.029513888888888888 0.08472222222222223 0.05555555555555555
2 0.13402777777777777 0.18055555555555555 0.06805555555555555 0.06944444444444445
2 0.20069444444444445 0.2144097222222222 0.06805555555555555 0.07465277777777778
0 0.7909722222222222 0.21788194444444445 0.06527777777777778 0.078125
7 0.14652777777777778 0.7369791666666666 0.059722222222222225 0.078125
2 0.8090277777777778 0.3914930555555556 0.0625 0.0954861111111111
1 0.7041666666666667 0.058159722222222224 0.044444444444444446 0.057291666666666664
1 0.9826388888888888 0.4461805555555556 0.034722222222222224 0.05555555555555555
1 0.9861111111111112 0.05295138888888889 0.027777777777777776 0.078125
7 0.32222222222222224 0.012152777777777778 0.05 0.020833333333333332
