1 0.3159722222222222 0.043402777777777776 0.04027777777777778 0.059027777777777776
1 0.5083333333333333 0.050347222222222224 0.044444444444444446 0.05555555555555555
1 0.6527777777777778 0.16145833333333334 0.041666666666666664 0.059027777777777776
1 0.45555555555555555 0.10677083333333333 0.04722222222222222 0.057291666666666664
1 0.6701388888888888 0.22743055555555555 0.04583333333333333 0.05555555555555555
1 0.7701388888888889 0.3020833333333333 0.04861111111111111 0.06597222222222222
1 0.9784722222222222 0.3454861111111111 0.043055555555555555 0.0625
1 0.8770833333333333 0.4982638888888889 0.04583333333333333 0.0625
1 0.9520833333333333 0.6024305555555556 0.04583333333333333 0.0625
1 0.6958333333333333 0.3663194444444444 0.044444444444444446 0.059027777777777776
1 0.6319444444444444 0.3732638888888889 0.044444444444444446 0.059027777777777776
3 0.37916666666666665 0.3142361111111111 0.05 0.05555555555555555
1 0.28680555555555554 0.13194444444444445 0.04583333333333333 0.059027777777777776
1 0.3423611111111111 0.15538194444444445 0.04027777777777778 0.050347222222222224
1 0.31180555555555556 0.2378472222222222 0.04583333333333333 0.05555555555555555
1 0.013194444444444444 0.1657986111111111 0.02361111111111111 0.057291666666666664
1 0.14444444444444443 0.2109375 0.044444444444444446 0.057291666666666664
1 0.17222222222222222 0.2439236111111111 0.044444444444444446 0.05381944444444445
1 0.1388888888888889 0.2951388888888889 0.05 0.06597222222222222
1 0.09375 0.390625 0.04861111111111111 0.06597222222222222
1 0.07361111111111111 0.5026041666666666 0.04722222222222222 0.057291666666666664
1 0.03958333333333333 0.5321180555555556 0.043055555555555555 0.05381944444444445
1 0.03125 0.7039930555555556 0.04861111111111111 0.0642361111111111
3 0.07013888888888889 0.7838541666666666 0.05138888888888889 0.05381944444444445
1 0.21180555555555555 0.8420138888888888 0.05138888888888889 0.0625
1 0.19375 0.9565972222222222 0.04583333333333333 0.05555555555555555
1 0.28541666666666665 0.3064236111111111 0.04861111111111111 0.06076388888888889
1 0.17291666666666666 0.3671875 0.04583333333333333 0.050347222222222224
1 0.1638888888888889 0.4210069444444444 0.05 0.057291666666666664
1 0.4048611111111111 0.4140625 0.043055555555555555 0.05381944444444445
1 0.6041666666666666 0.4973958333333333 0.03888888888888889 0.057291666666666664
1 0.5347222222222222 0.6623263888888888 0.044444444444444446 0.05381944444444445
1 0.4826388888888889 0.6866319444444444 0.043055555555555555 0.06076388888888889
1 0.42916666666666664 0.7395833333333334 0.04722222222222222 0.05555555555555555
1 0.37569444444444444 0.7751736111111112 0.05138888888888889 0.06076388888888889
1 0.3993055555555556 0.8411458333333334 0.04583333333333333 0.06076388888888889
1 0.34444444444444444 0.9166666666666666 0.044444444444444446 0.059027777777777776
3 0.4861111111111111 0.8975694444444444 0.044444444444444446 0.0625
1 0.5777777777777777 0.9140625 0.04722222222222222 0.06076388888888889
1 0.6486111111111111 0.5902777777777778 0.04722222222222222 0.059027777777777776
1 0.7770833333333333 0.6076388888888888 0.04861111111111111 0.059027777777777776
1 0.73125 0.7178819444444444 0.04583333333333333 0.06076388888888889
1 0.9375 0.8012152777777778 0.04722222222222222 0.06076388888888889
1 0.8506944444444444 0.8802083333333334 0.04861111111111111 0.0625
1 0.8444444444444444 0.9470486111111112 0.04722222222222222 0.057291666666666664
1 0.6569444444444444 0.9756944444444444 0.05 0.03819444444444445
1 0.049305555555555554 0.013020833333333334 0.043055555555555555 0.022569444444444444
1 0.9888888888888889 0.8967013888888888 0.022222222222222223 0.06076388888888889
1 0.9909722222222223 0.6944444444444444 0.018055555555555554 0.059027777777777776
