2 0.11180555555555556 0.051215277777777776 0.08194444444444444 0.0920138888888889
2 0.275 0.1449652777777778 0.06388888888888888 0.08159722222222222
2 0.5118055555555555 0.0703125 0.0763888888888889 0.0920138888888889
2 0.6 0.034722222222222224 0.06388888888888888 0.06597222222222222
2 0.6638888888888889 0.4201388888888889 0.06111111111111111 0.09027777777777778
2 0.8875 0.53125 0.08055555555555556 0.1076388888888889
2 0.9770833333333333 0.6241319444444444 0.04583333333333333 0.0954861111111111
2 0.8479166666666667 0.6979166666666666 0.07083333333333333 0.09375
2 0.9604166666666667 0.90625 0.07916666666666666 0.10416666666666667
2 0.15486111111111112 0.3489583333333333 0.07361111111111111 0.09722222222222222
0 0.2513888888888889 0.3671875 0.06666666666666667 0.08506944444444445
2 0.4708333333333333 0.2482638888888889 0.07777777777777778 0.09027777777777778
0 0.2923611111111111 0.9626736111111112 0.0625 0.07118055555555555
1 0.08888888888888889 0.8411458333333334 0.04722222222222222 0.06076388888888889
2 0.2590277777777778 0.022569444444444444 0.059722222222222225 0.041666666666666664
2 0.3923611111111111 0.22135416666666666 0.06805555555555555 0.1267361111111111
2 0.875 0.8524305555555556 0.09722222222222222 0.12152777777777778
0 0.6013888888888889 0.9557291666666666 0.06111111111111111 0.08159722222222222
1 0.5763888888888888 0.6076388888888888 0.05555555555555555 0.07291666666666667
0 0.3263888888888889 0.5555555555555556 0.075 0.08680555555555555
1 0.7493055555555556 0.84375 0.04861111111111111 0.06944444444444445
1 0.48680555555555555 0.9774305555555556 0.04861111111111111 0.03819444444444445
