4 0.5555555555555556 0.21961805555555555 0.1 0.1545138888888889
4 0.7375 0.1657986111111111 0.058333333333333334 0.07465277777777778
4 0.5527777777777778 0.4583333333333333 0.05 0.06944444444444445
4 0.4284722222222222 0.4565972222222222 0.07361111111111111 0.052083333333333336
4 0.07708333333333334 0.4774305555555556 0.10416666666666667 0.11458333333333333
4 0.09097222222222222 0.6241319444444444 0.08194444444444444 0.10243055555555555
4 0.19583333333333333 0.8914930555555556 0.08333333333333333 0.109375
4 0.51875 0.9001736111111112 0.034722222222222224 0.06770833333333333
4 0.4097222222222222 0.044270833333333336 0.13333333333333333 0.08506944444444445
1 0.5069444444444444 0.8576388888888888 0.044444444444444446 0.041666666666666664
4 0.009722222222222222 0.2300347222222222 0.016666666666666666 0.08159722222222222
6 0.19236111111111112 0.20052083333333334 0.19027777777777777 0.2760416666666667
