1 0.15555555555555556 0.7838541666666666 0.05555555555555555 0.06770833333333333
1 0.8666666666666667 0.6232638888888888 0.06111111111111111 0.08333333333333333
1 0.9701388888888889 0.6276041666666666 0.059722222222222225 0.08506944444444445
1 0.8930555555555556 0.8585069444444444 0.06111111111111111 0.07118055555555555
1 0.8555555555555555 0.9548611111111112 0.05555555555555555 0.06944444444444445
1 0.9451388888888889 0.1545138888888889 0.05694444444444444 0.0798611111111111
0 0.7652777777777777 0.19618055555555555 0.058333333333333334 0.08333333333333333
0 0.2722222222222222 0.030381944444444444 0.075 0.057291666666666664
0 0.5631944444444444 0.5434027777777778 0.0763888888888889 0.09722222222222222
6 0.07777777777777778 0.9045138888888888 0.1527777777777778 0.1875
7 0.8736111111111111 0.1857638888888889 0.075 0.09375
