1 0.0798611111111111 0.1449652777777778 0.05138888888888889 0.07118055555555555
1 0.7770833333333333 0.4670138888888889 0.05694444444444444 0.06944444444444445
0 0.29583333333333334 0.1545138888888889 0.06944444444444445 0.09722222222222222
0 0.9388888888888889 0.6571180555555556 0.08055555555555556 0.0954861111111111
0 0.6708333333333333 0.0763888888888889 0.06388888888888888 0.09722222222222222
0 0.7277777777777777 0.06163194444444445 0.07222222222222222 0.09895833333333333
0 0.7569444444444444 0.3498263888888889 0.07222222222222222 0.09895833333333333
0 0.8256944444444444 0.9739583333333334 0.07083333333333333 0.052083333333333336
2 0.7743055555555556 0.6362847222222222 0.12638888888888888 0.2065972222222222
0 0.7333333333333333 0.8689236111111112 0.06111111111111111 0.07465277777777778
7 0.9166666666666666 0.21961805555555555 0.08333333333333333 0.10590277777777778
