5 0.8506944444444444 0.3706597222222222 0.04027777777777778 0.043402777777777776
0 0.13958333333333334 0.9583333333333334 0.06805555555555555 0.0798611111111111
0 0.7701388888888889 0.9348958333333334 0.07083333333333333 0.08506944444444445
0 0.12638888888888888 0.6553819444444444 0.07777777777777778 0.078125
0 0.21944444444444444 0.9322916666666666 0.075 0.10069444444444445
0 0.7416666666666667 0.6336805555555556 0.06944444444444445 0.0763888888888889
5 0.53125 0.2777777777777778 0.034722222222222224 0.041666666666666664
7 0.28541666666666665 0.5190972222222222 0.07361111111111111 0.0798611111111111
5 0.6298611111111111 0.6519097222222222 0.034722222222222224 0.046875
5 0.525 0.7256944444444444 0.03333333333333333 0.041666666666666664
5 0.8263888888888888 0.9670138888888888 0.03611111111111111 0.041666666666666664
0 0.12777777777777777 0.7256944444444444 0.06111111111111111 0.0763888888888889
