2 0.3840277777777778 0.14583333333333334 0.08472222222222223 0.09375
2 0.6909722222222222 0.18836805555555555 0.0875 0.0920138888888889
2 0.9625 0.17881944444444445 0.07222222222222222 0.09027777777777778
2 0.9534722222222223 0.3420138888888889 0.08194444444444444 0.125
2 0.5631944444444444 0.22135416666666666 0.07361111111111111 0.08159722222222222
2 0.44166666666666665 0.2690972222222222 0.08333333333333333 0.09722222222222222
2 0.2986111111111111 0.3289930555555556 0.07777777777777778 0.07465277777777778
2 0.18263888888888888 0.5416666666666666 0.06527777777777778 0.09027777777777778
2 0.5097222222222222 0.3723958333333333 0.06666666666666667 0.08159722222222222
2 0.5645833333333333 0.4322916666666667 0.07916666666666666 0.0798611111111111
2 0.5902777777777778 0.5017361111111112 0.08055555555555556 0.11458333333333333
2 0.775 0.5633680555555556 0.08055555555555556 0.109375
2 0.9548611111111112 0.7717013888888888 0.0625 0.0920138888888889
2 0.7305555555555555 0.7213541666666666 0.08888888888888889 0.08506944444444445
2 0.6493055555555556 0.7404513888888888 0.07361111111111111 0.0920138888888889
2 0.4013888888888889 0.5711805555555556 0.08611111111111111 0.09375
2 0.4840277777777778 0.8038194444444444 0.06527777777777778 0.09722222222222222
2 0.5458333333333333 0.875 0.06666666666666667 0.10069444444444445
2 0.4222222222222222 0.9557291666666666 0.06111111111111111 0.07465277777777778
2 0.6416666666666667 0.9557291666666666 0.08055555555555556 0.08159722222222222
2 0.7833333333333333 0.9348958333333334 0.07222222222222222 0.10590277777777778
2 0.25555555555555554 0.9114583333333334 0.07222222222222222 0.08680555555555555
2 0.09236111111111112 0.9678819444444444 0.0625 0.057291666666666664
2 0.2951388888888889 0.3871527777777778 0.06527777777777778 0.0625
2 0.03125 0.9175347222222222 0.059722222222222225 0.07465277777777778
2 0.6854166666666667 0.2803819444444444 0.07083333333333333 0.08506944444444445
1 0.9090277777777778 0.9244791666666666 0.05138888888888889 0.0642361111111111
0 0.8291666666666667 0.09809027777777778 0.06666666666666667 0.08854166666666667
7 0.14652777777777778 0.9496527777777778 0.05416666666666667 0.052083333333333336
7 0.3576388888888889 0.9071180555555556 0.05416666666666667 0.08854166666666667
7 0.5284722222222222 0.140625 0.06527777777777778 0.06597222222222222
2 0.34375 0.3671875 0.059722222222222225 0.078125
7 0.3638888888888889 0.3029513888888889 0.06388888888888888 0.06076388888888889
2 0.6125 0.8637152777777778 0.06666666666666667 0.09895833333333333
