2 0.23194444444444445 0.1310763888888889 0.06388888888888888 0.0920138888888889
2 0.18541666666666667 0.2326388888888889 0.0763888888888889 0.08333333333333333
2 0.5236111111111111 0.2144097222222222 0.08055555555555556 0.0954861111111111
2 0.6034722222222222 0.2282986111111111 0.07361111111111111 0.09895833333333333
2 0.7069444444444445 0.09288194444444445 0.06666666666666667 0.09895833333333333
2 0.7854166666666667 0.296875 0.08472222222222223 0.0798611111111111
2 0.9479166666666666 0.05381944444444445 0.07083333333333333 0.10416666666666667
2 0.8625 0.5026041666666666 0.08888888888888889 0.07465277777777778
2 0.8597222222222223 0.5920138888888888 0.08055555555555556 0.09375
2 0.8201388888888889 0.8645833333333334 0.0625 0.0798611111111111
2 0.49930555555555556 0.6796875 0.07361111111111111 0.078125
2 0.19305555555555556 0.6753472222222222 0.06388888888888888 0.1111111111111111
2 0.23333333333333334 0.7934027777777778 0.06666666666666667 0.09375
2 0.9805555555555555 0.9079861111111112 0.03888888888888889 0.09027777777777778
2 0.7361111111111112 0.3645833333333333 0.06388888888888888 0.09027777777777778
2 0.3888888888888889 0.3446180555555556 0.07222222222222222 0.08159722222222222
2 0.39861111111111114 0.1875 0.08333333333333333 0.0798611111111111
2 0.9694444444444444 0.1970486111111111 0.06111111111111111 0.08159722222222222
2 0.8277777777777777 0.8055555555555556 0.06944444444444445 0.0763888888888889
2 0.7611111111111111 0.7621527777777778 0.06111111111111111 0.08333333333333333
2 0.022916666666666665 0.8793402777777778 0.043055555555555555 0.109375
1 0.05138888888888889 0.4184027777777778 0.04722222222222222 0.052083333333333336
0 0.6333333333333333 0.3454861111111111 0.06388888888888888 0.08333333333333333
1 0.4861111111111111 0.3159722222222222 0.044444444444444446 0.059027777777777776
1 0.4 0.9713541666666666 0.03888888888888889 0.050347222222222224
7 0.7708333333333334 0.011284722222222222 0.044444444444444446 0.019097222222222224
