1 0.02847222222222222 0.05295138888888889 0.05138888888888889 0.057291666666666664
1 0.018055555555555554 0.15538194444444445 0.03333333333333333 0.057291666666666664
1 0.14027777777777778 0.07465277777777778 0.05 0.059027777777777776
1 0.14097222222222222 0.11979166666666667 0.043055555555555555 0.04861111111111111
1 0.3076388888888889 0.0720486111111111 0.04861111111111111 0.06076388888888889
1 0.3680555555555556 0.026041666666666668 0.04722222222222222 0.04861111111111111
1 0.45416666666666666 0.030381944444444444 0.04722222222222222 0.057291666666666664
1 0.42083333333333334 0.1310763888888889 0.05 0.0642361111111111
1 0.6145833333333334 0.029513888888888888 0.05138888888888889 0.05555555555555555
1 0.8083333333333333 0.11284722222222222 0.044444444444444446 0.06597222222222222
1 0.6402777777777777 0.2769097222222222 0.058333333333333334 0.06770833333333333
1 0.3736111111111111 0.15625 0.044444444444444446 0.05555555555555555
1 0.31875 0.2048611111111111 0.05138888888888889 0.05555555555555555
1 0.019444444444444445 0.3741319444444444 0.03611111111111111 0.05381944444444445
1 0.07569444444444444 0.6571180555555556 0.05138888888888889 0.05381944444444445
1 0.2763888888888889 0.671875 0.05277777777777778 0.059027777777777776
1 0.2659722222222222 0.7847222222222222 0.05138888888888889 0.0625
1 0.2590277777777778 0.8836805555555556 0.05138888888888889 0.06597222222222222
1 0.16805555555555557 0.8333333333333334 0.05277777777777778 0.059027777777777776
1 0.1375 0.9001736111111112 0.05555555555555555 0.0642361111111111
1 0.41180555555555554 0.4348958333333333 0.04861111111111111 0.057291666666666664
1 0.2826388888888889 0.5104166666666666 0.05694444444444444 0.0625
1 0.23472222222222222 0.21875 0.05 0.06597222222222222
1 0.13819444444444445 0.4340277777777778 0.05138888888888889 0.06597222222222222
1 0.42777777777777776 0.5894097222222222 0.05 0.06076388888888889
1 0.37777777777777777 0.7161458333333334 0.04722222222222222 0.057291666666666664
1 0.39166666666666666 0.7708333333333334 0.04722222222222222 0.052083333333333336
1 0.3902777777777778 0.8090277777777778 0.04722222222222222 0.052083333333333336
1 0.37916666666666665 0.8524305555555556 0.044444444444444446 0.052083333333333336
1 0.3541666666666667 0.8836805555555556 0.04722222222222222 0.059027777777777776
1 0.5951388888888889 0.4956597222222222 0.04583333333333333 0.06770833333333333
1 0.5430555555555555 0.5338541666666666 0.04722222222222222 0.0642361111111111
1 0.6034722222222222 0.6258680555555556 0.05138888888888889 0.0642361111111111
1 0.7340277777777777 0.5842013888888888 0.05138888888888889 0.06770833333333333
1 0.7791666666666667 0.4991319444444444 0.04722222222222222 0.0642361111111111
1 0.8256944444444444 0.4574652777777778 0.05138888888888889 0.06770833333333333
1 0.8902777777777777 0.3402777777777778 0.04722222222222222 0.06597222222222222
1 0.9326388888888889 0.328125 0.04861111111111111 0.06944444444444445
1 0.9590277777777778 0.2647569444444444 0.04861111111111111 0.0642361111111111
1 0.9791666666666666 0.2265625 0.041666666666666664 0.0642361111111111
1 0.9833333333333333 0.2829861111111111 0.03333333333333333 0.0625
1 0.8930555555555556 0.5234375 0.04722222222222222 0.0642361111111111
1 0.8888888888888888 0.7196180555555556 0.05 0.06076388888888889
1 0.6625 0.7092013888888888 0.05 0.06076388888888889
1 0.70625 0.7369791666666666 0.05138888888888889 0.06076388888888889
1 0.5770833333333333 0.8550347222222222 0.05138888888888889 0.057291666666666664
1 0.5319444444444444 0.8967013888888888 0.04722222222222222 0.0642361111111111
1 0.53125 0.9383680555555556 0.04583333333333333 0.05381944444444445
1 0.7625 0.9600694444444444 0.05555555555555555 0.06597222222222222
1 0.2673611111111111 0.2170138888888889 0.0375 0.05555555555555555
1 0.18888888888888888 0.014756944444444444 0.044444444444444446 0.026041666666666668
7 0.9319444444444445 0.5564236111111112 0.05277777777777778 0.057291666666666664
1 0.37083333333333335 0.9861111111111112 0.041666666666666664 0.027777777777777776
