1 0.1763888888888889 0.028645833333333332 0.044444444444444446 0.05381944444444445
1 0.31527777777777777 0.046875 0.05277777777777778 0.0625
1 0.4236111111111111 0.1753472222222222 0.04722222222222222 0.0625
1 0.06875 0.1527777777777778 0.04861111111111111 0.0625
1 0.04513888888888889 0.1831597222222222 0.04583333333333333 0.0642361111111111
1 0.10416666666666667 0.3472222222222222 0.04722222222222222 0.0625
1 0.029166666666666667 0.5173611111111112 0.04722222222222222 0.06597222222222222
1 0.049305555555555554 0.5920138888888888 0.05416666666666667 0.0625
1 0.325 0.2769097222222222 0.05 0.0642361111111111
1 0.21041666666666667 0.2977430555555556 0.04583333333333333 0.05381944444444445
1 0.1951388888888889 0.3333333333333333 0.04861111111111111 0.059027777777777776
1 0.325 0.34375 0.05 0.059027777777777776
1 0.5486111111111112 0.16145833333333334 0.044444444444444446 0.059027777777777776
1 0.6326388888888889 0.1519097222222222 0.04861111111111111 0.06076388888888889
1 0.7479166666666667 0.0703125 0.04861111111111111 0.06770833333333333
1 0.9013888888888889 0.06510416666666667 0.04722222222222222 0.057291666666666664
1 0.8173611111111111 0.3003472222222222 0.05416666666666667 0.06944444444444445
1 0.16805555555555557 0.4609375 0.04722222222222222 0.05381944444444445
1 0.19583333333333333 0.4947916666666667 0.04722222222222222 0.0625
1 0.2111111111111111 0.4123263888888889 0.05 0.06076388888888889
1 0.22708333333333333 0.4548611111111111 0.04583333333333333 0.059027777777777776
1 0.28541666666666665 0.4071180555555556 0.04861111111111111 0.0642361111111111
1 0.48055555555555557 0.3845486111111111 0.04722222222222222 0.06076388888888889
1 0.5868055555555556 0.3810763888888889 0.04861111111111111 0.06076388888888889
1 0.6465277777777778 0.2526041666666667 0.05138888888888889 0.06076388888888889
1 0.3993055555555556 0.4279513888888889 0.04861111111111111 0.057291666666666664
1 0.3333333333333333 0.5008680555555556 0.044444444444444446 0.05381944444444445
1 0.3680555555555556 0.5086805555555556 0.03888888888888889 0.05555555555555555
1 0.24583333333333332 0.6432291666666666 0.04722222222222222 0.06076388888888889
1 0.08958333333333333 0.7378472222222222 0.04861111111111111 0.059027777777777776
1 0.16111111111111112 0.7300347222222222 0.044444444444444446 0.057291666666666664
1 0.03958333333333333 0.8038194444444444 0.043055555555555555 0.05555555555555555
1 0.03333333333333333 0.9661458333333334 0.04722222222222222 0.057291666666666664
1 0.15416666666666667 0.9574652777777778 0.05277777777777778 0.057291666666666664
1 0.25625 0.8541666666666666 0.043055555555555555 0.059027777777777776
1 0.3055555555555556 0.8576388888888888 0.044444444444444446 0.05555555555555555
1 0.3770833333333333 0.6171875 0.04583333333333333 0.057291666666666664
1 0.4076388888888889 0.9461805555555556 0.04583333333333333 0.059027777777777776
1 0.6958333333333333 0.3020833333333333 0.041666666666666664 0.059027777777777776
1 0.5534722222222223 0.5520833333333334 0.04583333333333333 0.059027777777777776
1 0.4486111111111111 0.5668402777777778 0.044444444444444446 0.06076388888888889
1 0.4875 0.5876736111111112 0.044444444444444446 0.057291666666666664
1 0.6909722222222222 0.6041666666666666 0.04861111111111111 0.059027777777777776
1 0.5895833333333333 0.7604166666666666 0.04861111111111111 0.0625
1 0.6597222222222222 0.8003472222222222 0.05 0.059027777777777776
1 0.5930555555555556 0.8550347222222222 0.044444444444444446 0.057291666666666664
1 0.5833333333333334 0.8967013888888888 0.041666666666666664 0.057291666666666664
1 0.6298611111111111 0.8871527777777778 0.04583333333333333 0.059027777777777776
1 0.6972222222222222 0.8914930555555556 0.04722222222222222 0.0642361111111111
1 0.8395833333333333 0.7222222222222222 0.05138888888888889 0.06597222222222222
1 0.9229166666666667 0.7916666666666666 0.04861111111111111 0.06597222222222222
1 0.7597222222222222 0.9713541666666666 0.04722222222222222 0.046875
1 0.8756944444444444 0.22395833333333334 0.05416666666666667 0.06597222222222222
1 0.9284722222222223 0.22395833333333334 0.04583333333333333 0.059027777777777776
1 0.9277777777777778 0.2725694444444444 0.044444444444444446 0.05555555555555555
1 0.9340277777777778 0.3585069444444444 0.04861111111111111 0.06076388888888889
1 0.8895833333333333 0.4600694444444444 0.04583333333333333 0.059027777777777776
1 0.9444444444444444 0.4930555555555556 0.044444444444444446 0.059027777777777776
1 0.9604166666666667 0.5572916666666666 0.043055555555555555 0.059027777777777776
1 0.9798611111111111 0.8272569444444444 0.04027777777777778 0.07118055555555555
1 0.5006944444444444 0.9756944444444444 0.05138888888888889 0.03819444444444445
1 0.9854166666666667 0.7265625 0.029166666666666667 0.06770833333333333
1 0.6729166666666667 0.019965277777777776 0.043055555555555555 0.036458333333333336
1 0.5597222222222222 0.018229166666666668 0.05 0.03298611111111111
1 0.013194444444444444 0.9079861111111112 0.02361111111111111 0.05555555555555555
