1 0.6125 0.1701388888888889 0.06388888888888888 0.08333333333333333
1 0.42430555555555555 0.2630208333333333 0.0625 0.07465277777777778
1 0.07569444444444444 0.23177083333333334 0.06527777777777778 0.078125
1 0.39305555555555555 0.5746527777777778 0.06944444444444445 0.08680555555555555
1 0.5659722222222222 0.5668402777777778 0.059722222222222225 0.07465277777777778
1 0.46597222222222223 0.7578125 0.07083333333333333 0.0920138888888889
1 0.7951388888888888 0.4748263888888889 0.0763888888888889 0.07465277777777778
1 0.16180555555555556 0.7109375 0.06805555555555555 0.07465277777777778
1 0.28402777777777777 0.4357638888888889 0.07361111111111111 0.0763888888888889
1 0.07222222222222222 0.035590277777777776 0.05555555555555555 0.06076388888888889
1 0.7291666666666666 0.4817708333333333 0.05555555555555555 0.08506944444444445
1 0.10416666666666667 0.9305555555555556 0.075 0.08680555555555555
1 0.2513888888888889 0.5659722222222222 0.06111111111111111 0.07291666666666667
1 0.9611111111111111 0.0685763888888889 0.05555555555555555 0.08159722222222222
