1 0.01875 0.2873263888888889 0.034722222222222224 0.06076388888888889
1 0.18888888888888888 0.13975694444444445 0.044444444444444446 0.057291666666666664
1 0.13402777777777777 0.2977430555555556 0.04861111111111111 0.057291666666666664
1 0.1076388888888889 0.4609375 0.05138888888888889 0.057291666666666664
1 0.23819444444444443 0.3246527777777778 0.04583333333333333 0.059027777777777776
1 0.20069444444444445 0.6276041666666666 0.04583333333333333 0.06076388888888889
1 0.16527777777777777 0.765625 0.05 0.0625
1 0.24166666666666667 0.6927083333333334 0.05 0.059027777777777776
1 0.3548611111111111 0.6319444444444444 0.05138888888888889 0.06597222222222222
1 0.41180555555555554 0.5885416666666666 0.04583333333333333 0.0625
1 0.5201388888888889 0.3776041666666667 0.05138888888888889 0.06076388888888889
1 0.09722222222222222 0.9539930555555556 0.05 0.06076388888888889
1 0.38055555555555554 0.7282986111111112 0.04722222222222222 0.0642361111111111
1 0.28055555555555556 0.8628472222222222 0.05277777777777778 0.06597222222222222
1 0.3451388888888889 0.8229166666666666 0.04583333333333333 0.059027777777777776
1 0.5909722222222222 0.53125 0.05138888888888889 0.06944444444444445
1 0.5576388888888889 0.3307291666666667 0.043055555555555555 0.0642361111111111
1 0.5638888888888889 0.4097222222222222 0.05 0.0625
1 0.7263888888888889 0.058159722222222224 0.05277777777777778 0.0642361111111111
1 0.8083333333333333 0.07725694444444445 0.05 0.06770833333333333
1 0.9611111111111111 0.034722222222222224 0.05 0.05555555555555555
1 0.8958333333333334 0.14583333333333334 0.05277777777777778 0.06597222222222222
1 0.6986111111111111 0.3315972222222222 0.05 0.06597222222222222
1 0.6819444444444445 0.3932291666666667 0.04722222222222222 0.06076388888888889
1 0.9618055555555556 0.2821180555555556 0.04861111111111111 0.0642361111111111
1 0.9743055555555555 0.3263888888888889 0.05138888888888889 0.0625
1 0.7909722222222222 0.4939236111111111 0.05138888888888889 0.0642361111111111
1 0.7506944444444444 0.4140625 0.04027777777777778 0.05381944444444445
1 0.7854166666666667 0.4201388888888889 0.04583333333333333 0.06597222222222222
1 0.63125 0.6328125 0.05138888888888889 0.06770833333333333
1 0.39166666666666666 0.7890625 0.04722222222222222 0.057291666666666664
1 0.4395833333333333 0.7925347222222222 0.04583333333333333 0.06076388888888889
1 0.4305555555555556 0.8428819444444444 0.044444444444444446 0.050347222222222224
1 0.43333333333333335 0.8897569444444444 0.05 0.057291666666666664
1 0.47291666666666665 0.9427083333333334 0.04861111111111111 0.06597222222222222
1 0.9694444444444444 0.4600694444444444 0.05 0.06597222222222222
1 0.8777777777777778 0.7170138888888888 0.04722222222222222 0.06597222222222222
1 0.7402777777777778 0.7447916666666666 0.05277777777777778 0.06597222222222222
1 0.7444444444444445 0.8411458333333334 0.05277777777777778 0.06770833333333333
1 0.7958333333333333 0.9704861111111112 0.04722222222222222 0.052083333333333336
1 0.9479166666666666 0.8637152777777778 0.05138888888888889 0.06770833333333333
1 0.8756944444444444 0.921875 0.04583333333333333 0.06597222222222222
1 0.8263888888888888 0.8949652777777778 0.058333333333333334 0.06770833333333333
1 0.8722222222222222 0.9748263888888888 0.041666666666666664 0.050347222222222224
3 0.5166666666666667 0.7717013888888888 0.05277777777777778 0.06770833333333333
3 0.28125 0.7725694444444444 0.04583333333333333 0.06597222222222222
3 0.16319444444444445 0.8541666666666666 0.05138888888888889 0.0625
1 0.9847222222222223 0.5616319444444444 0.030555555555555555 0.07465277777777778
3 0.8916666666666667 0.1970486111111111 0.05 0.0642361111111111
1 0.9833333333333333 0.2204861111111111 0.03333333333333333 0.06944444444444445
1 0.8951388888888889 0.012152777777777778 0.043055555555555555 0.020833333333333332
1 0.9888888888888889 0.4826388888888889 0.022222222222222223 0.0625
