1 0.17847222222222223 0.05555555555555555 0.04861111111111111 0.0625
1 0.13472222222222222 0.1527777777777778 0.04722222222222222 0.05555555555555555
1 0.1527777777777778 0.2065972222222222 0.041666666666666664 0.052083333333333336
1 0.2 0.21614583333333334 0.044444444444444446 0.06076388888888889
1 0.17569444444444443 0.3532986111111111 0.043055555555555555 0.057291666666666664
1 0.2361111111111111 0.5 0.044444444444444446 0.0625
1 0.40347222222222223 0.030381944444444444 0.04861111111111111 0.057291666666666664
1 0.3840277777777778 0.12413194444444445 0.04861111111111111 0.06076388888888889
1 0.40694444444444444 0.2300347222222222 0.044444444444444446 0.057291666666666664
1 0.32430555555555557 0.4244791666666667 0.04583333333333333 0.057291666666666664
1 0.2923611111111111 0.4713541666666667 0.043055555555555555 0.06076388888888889
1 0.5354166666666667 0.0234375 0.05138888888888889 0.043402777777777776
1 0.6375 0.1232638888888889 0.04722222222222222 0.06597222222222222
1 0.5902777777777778 0.2013888888888889 0.041666666666666664 0.05555555555555555
1 0.5597222222222222 0.2881944444444444 0.05 0.05555555555555555
1 0.7201388888888889 0.1597222222222222 0.043055555555555555 0.06597222222222222
1 0.8027777777777778 0.08854166666666667 0.04722222222222222 0.0625
1 0.2048611111111111 0.6397569444444444 0.043055555555555555 0.057291666666666664
1 0.11666666666666667 0.6822916666666666 0.04722222222222222 0.059027777777777776
1 0.02847222222222222 0.8003472222222222 0.0375 0.059027777777777776
1 0.22430555555555556 0.8064236111111112 0.04583333333333333 0.050347222222222224
1 0.2298611111111111 0.8506944444444444 0.04027777777777778 0.04861111111111111
1 0.35694444444444445 0.8090277777777778 0.041666666666666664 0.052083333333333336
1 0.4861111111111111 0.75 0.044444444444444446 0.05555555555555555
3 0.44305555555555554 0.3550347222222222 0.044444444444444446 0.05381944444444445
1 0.4125 0.4583333333333333 0.04722222222222222 0.059027777777777776
1 0.5444444444444444 0.4453125 0.041666666666666664 0.057291666666666664
1 0.5263888888888889 0.5659722222222222 0.044444444444444446 0.0625
1 0.5805555555555556 0.5729166666666666 0.044444444444444446 0.059027777777777776
1 0.6368055555555555 0.4982638888888889 0.04583333333333333 0.059027777777777776
3 0.8777777777777778 0.1640625 0.03888888888888889 0.057291666666666664
1 0.9631944444444445 0.21961805555555555 0.04027777777777778 0.06076388888888889
1 0.9222222222222223 0.2508680555555556 0.041666666666666664 0.06076388888888889
1 0.7527777777777778 0.4010416666666667 0.044444444444444446 0.059027777777777776
1 0.7951388888888888 0.4409722222222222 0.043055555555555555 0.0625
1 0.7409722222222223 0.4513888888888889 0.043055555555555555 0.05555555555555555
1 0.7305555555555555 0.4887152777777778 0.044444444444444446 0.050347222222222224
1 0.6729166666666667 0.5373263888888888 0.043055555555555555 0.0642361111111111
1 0.8631944444444445 0.5208333333333334 0.04583333333333333 0.0625
1 0.8666666666666667 0.6059027777777778 0.04722222222222222 0.059027777777777776
1 0.4534722222222222 0.2586805555555556 0.043055555555555555 0.059027777777777776
1 0.5881944444444445 0.8055555555555556 0.04583333333333333 0.059027777777777776
1 0.5652777777777778 0.8654513888888888 0.041666666666666664 0.057291666666666664
1 0.6402777777777777 0.9270833333333334 0.044444444444444446 0.0625
1 0.7708333333333334 0.9713541666666666 0.04722222222222222 0.043402777777777776
1 0.8854166666666666 0.9140625 0.04583333333333333 0.06076388888888889
1 0.7645833333333333 0.8776041666666666 0.043055555555555555 0.06076388888888889
1 0.9909722222222223 0.9088541666666666 0.018055555555555554 0.07118055555555555
