1 0.16180555555555556 0.4201388888888889 0.05416666666666667 0.0763888888888889
1 0.5763888888888888 0.171875 0.05 0.0625
1 0.91875 0.14322916666666666 0.0625 0.078125
1 0.9076388888888889 0.6041666666666666 0.05138888888888889 0.06944444444444445
1 0.4625 0.7239583333333334 0.06111111111111111 0.06944444444444445
1 0.5819444444444445 0.9314236111111112 0.06666666666666667 0.07118055555555555
5 0.37569444444444444 0.8489583333333334 0.043055555555555555 0.059027777777777776
0 0.33611111111111114 0.8411458333333334 0.075 0.10590277777777778
0 0.3451388888888889 0.4001736111111111 0.07083333333333333 0.09895833333333333
0 0.28402777777777777 0.390625 0.07083333333333333 0.09375
0 0.5270833333333333 0.2465277777777778 0.07083333333333333 0.08680555555555555
0 0.5868055555555556 0.8567708333333334 0.08194444444444444 0.10243055555555555
0 0.9243055555555556 0.9583333333333334 0.07916666666666666 0.07291666666666667
2 0.9722222222222222 0.3619791666666667 0.05555555555555555 0.109375
1 0.41597222222222224 0.9791666666666666 0.04861111111111111 0.041666666666666664
