2 0.20069444444444445 0.2465277777777778 0.07083333333333333 0.09375
2 0.5513888888888889 0.28125 0.09166666666666666 0.09375
2 0.3798611111111111 0.8888888888888888 0.0625 0.09375
2 0.30277777777777776 0.8480902777777778 0.07777777777777778 0.10243055555555555
2 0.28958333333333336 0.6866319444444444 0.0625 0.08506944444444445
2 0.9673611111111111 0.3602430555555556 0.0625 0.0920138888888889
2 0.7138888888888889 0.0390625 0.07777777777777778 0.07465277777777778
0 0.2986111111111111 0.4375 0.06388888888888888 0.09375
1 0.14930555555555555 0.05381944444444445 0.04583333333333333 0.059027777777777776
1 0.049305555555555554 0.171875 0.05138888888888889 0.0625
7 0.2375 0.7230902777777778 0.05555555555555555 0.0642361111111111
7 0.26875 0.7517361111111112 0.04861111111111111 0.06597222222222222
1 0.022222222222222223 0.2361111111111111 0.041666666666666664 0.05555555555555555
