1 0.3229166666666667 0.4409722222222222 0.08194444444444444 0.08333333333333333
1 0.10972222222222222 0.5477430555555556 0.07222222222222222 0.08159722222222222
1 0.12152777777777778 0.6935763888888888 0.06805555555555555 0.08159722222222222
1 0.3951388888888889 0.7951388888888888 0.07083333333333333 0.0798611111111111
1 0.7631944444444444 0.3498263888888889 0.07083333333333333 0.078125
1 0.6340277777777777 0.034722222222222224 0.07083333333333333 0.0625
1 0.8833333333333333 0.06163194444444445 0.058333333333333334 0.07465277777777778
1 0.9555555555555556 0.2265625 0.07222222222222222 0.0954861111111111
1 0.9680555555555556 0.8359375 0.06388888888888888 0.10243055555555555
1 0.8583333333333333 0.8758680555555556 0.06111111111111111 0.08854166666666667
1 0.4930555555555556 0.6006944444444444 0.06388888888888888 0.0763888888888889
