1 0.3458333333333333 0.2508680555555556 0.06388888888888888 0.07465277777777778
1 0.044444444444444446 0.2170138888888889 0.05277777777777778 0.0625
1 0.08680555555555555 0.24913194444444445 0.05138888888888889 0.057291666666666664
1 0.06597222222222222 0.3081597222222222 0.05694444444444444 0.06770833333333333
1 0.16180555555555556 0.3428819444444444 0.06527777777777778 0.07118055555555555
1 0.12777777777777777 0.6701388888888888 0.05555555555555555 0.06597222222222222
1 0.09583333333333334 0.7682291666666666 0.05555555555555555 0.07465277777777778
1 0.09375 0.9279513888888888 0.0625 0.07118055555555555
1 0.3638888888888889 0.7413194444444444 0.058333333333333334 0.06597222222222222
1 0.29930555555555555 0.9340277777777778 0.05694444444444444 0.06944444444444445
1 0.35347222222222224 0.3914930555555556 0.059722222222222225 0.07118055555555555
1 0.43680555555555556 0.12760416666666666 0.05694444444444444 0.07118055555555555
1 0.51875 0.051215277777777776 0.05416666666666667 0.06770833333333333
1 0.43333333333333335 0.024305555555555556 0.05555555555555555 0.04513888888888889
1 0.5798611111111112 0.2586805555555556 0.04861111111111111 0.06597222222222222
1 0.4326388888888889 0.375 0.05694444444444444 0.06597222222222222
1 0.5020833333333333 0.3854166666666667 0.05138888888888889 0.06597222222222222
1 0.6020833333333333 0.3350694444444444 0.05416666666666667 0.07291666666666667
1 0.4638888888888889 0.6545138888888888 0.04722222222222222 0.06944444444444445
1 0.5409722222222222 0.6067708333333334 0.05138888888888889 0.0642361111111111
1 0.5777777777777777 0.6631944444444444 0.05277777777777778 0.06944444444444445
1 0.45625 0.8107638888888888 0.04861111111111111 0.06597222222222222
1 0.4173611111111111 0.8185763888888888 0.05694444444444444 0.0642361111111111
1 0.3902777777777778 0.8810763888888888 0.05555555555555555 0.07118055555555555
1 0.37777777777777777 0.9383680555555556 0.05555555555555555 0.0642361111111111
1 0.6694444444444444 0.6553819444444444 0.06111111111111111 0.06770833333333333
1 0.6354166666666666 0.8628472222222222 0.05416666666666667 0.06597222222222222
1 0.8118055555555556 0.3776041666666667 0.05138888888888889 0.06076388888888889
1 0.8805555555555555 0.3402777777777778 0.06388888888888888 0.06944444444444445
1 0.9763888888888889 0.08246527777777778 0.04722222222222222 0.06770833333333333
1 0.9590277777777778 0.3732638888888889 0.05694444444444444 0.07291666666666667
1 0.9791666666666666 0.5112847222222222 0.041666666666666664 0.07118055555555555
1 0.7756944444444445 0.5295138888888888 0.05694444444444444 0.0763888888888889
1 0.7465277777777778 0.5902777777777778 0.05694444444444444 0.07291666666666667
1 0.8645833333333334 0.5894097222222222 0.059722222222222225 0.07118055555555555
1 0.9486111111111111 0.6527777777777778 0.058333333333333334 0.06597222222222222
1 0.8090277777777778 0.7309027777777778 0.059722222222222225 0.06597222222222222
1 0.8416666666666667 0.8038194444444444 0.05555555555555555 0.06597222222222222
1 0.7305555555555555 0.8020833333333334 0.06388888888888888 0.07291666666666667
1 0.7743055555555556 0.9001736111111112 0.059722222222222225 0.06770833333333333
1 0.7027777777777777 0.8880208333333334 0.05 0.06076388888888889
1 0.6798611111111111 0.9322916666666666 0.05694444444444444 0.059027777777777776
1 0.9333333333333333 0.9513888888888888 0.05555555555555555 0.07291666666666667
1 0.6305555555555555 0.9678819444444444 0.06388888888888888 0.05381944444444445
1 0.6777777777777778 0.9782986111111112 0.06111111111111111 0.043402777777777776
1 0.3902777777777778 0.014756944444444444 0.044444444444444446 0.026041666666666668
