2 0.03333333333333333 0.04079861111111111 0.06388888888888888 0.07465277777777778
2 0.15833333333333333 0.04600694444444445 0.06944444444444445 0.08159722222222222
2 0.07291666666666667 0.2829861111111111 0.07361111111111111 0.10416666666666667
2 0.17152777777777778 0.4895833333333333 0.07083333333333333 0.10069444444444445
2 0.3416666666666667 0.4314236111111111 0.09166666666666666 0.09895833333333333
2 0.2111111111111111 0.2387152777777778 0.06666666666666667 0.10590277777777778
2 0.3284722222222222 0.1371527777777778 0.06527777777777778 0.0798611111111111
2 0.6125 0.2204861111111111 0.07777777777777778 0.09375
2 0.7034722222222223 0.1076388888888889 0.07361111111111111 0.09027777777777778
2 0.8208333333333333 0.2144097222222222 0.06944444444444445 0.0954861111111111
2 0.9555555555555556 0.2743055555555556 0.06111111111111111 0.1111111111111111
2 0.8756944444444444 0.2439236111111111 0.059722222222222225 0.08854166666666667
2 0.9534722222222223 0.06770833333333333 0.07083333333333333 0.08680555555555555
2 0.7548611111111111 0.028645833333333332 0.08472222222222223 0.05381944444444445
2 0.6590277777777778 0.3611111111111111 0.06805555555555555 0.0763888888888889
2 0.6763888888888889 0.4392361111111111 0.08611111111111111 0.0798611111111111
2 0.7111111111111111 0.6484375 0.07222222222222222 0.08854166666666667
2 0.6680555555555555 0.7222222222222222 0.08333333333333333 0.08680555555555555
2 0.8083333333333333 0.8854166666666666 0.07777777777777778 0.10416666666666667
2 0.9458333333333333 0.9401041666666666 0.07222222222222222 0.109375
2 0.5048611111111111 0.6701388888888888 0.0875 0.10069444444444445
2 0.5076388888888889 0.7690972222222222 0.0625 0.09722222222222222
2 0.36180555555555555 0.5529513888888888 0.07083333333333333 0.1267361111111111
2 0.23958333333333334 0.6284722222222222 0.06527777777777778 0.10416666666666667
2 0.34791666666666665 0.8515625 0.0763888888888889 0.09895833333333333
2 0.4479166666666667 0.9548611111111112 0.07361111111111111 0.0798611111111111
0 0.23472222222222222 0.8272569444444444 0.07777777777777778 0.10243055555555555
2 0.7798611111111111 0.3897569444444444 0.059722222222222225 0.08854166666666667
2 0.26875 0.24913194444444445 0.06805555555555555 0.08506944444444445
2 0.01875 0.6085069444444444 0.034722222222222224 0.08854166666666667
1 0.16805555555555557 0.3897569444444444 0.044444444444444446 0.05381944444444445
1 0.3277777777777778 0.7335069444444444 0.05 0.05381944444444445
2 0.46458333333333335 0.03125 0.0625 0.059027777777777776
1 0.23055555555555557 0.059895833333333336 0.044444444444444446 0.0642361111111111
2 0.5180555555555556 0.9696180555555556 0.07222222222222222 0.05381944444444445
7 0.3548611111111111 0.0876736111111111 0.043055555555555555 0.0642361111111111
2 0.8333333333333334 0.018229166666666668 0.05 0.03298611111111111
2 0.9868055555555556 0.1328125 0.02638888888888889 0.07118055555555555
