0 0.14652777777777778 0.03993055555555555 0.059722222222222225 0.07291666666666667
0 0.14097222222222222 0.7326388888888888 0.0625 0.0763888888888889
2 0.029166666666666667 0.3628472222222222 0.05555555555555555 0.1111111111111111
2 0.20833333333333334 0.2065972222222222 0.06666666666666667 0.12152777777777778
2 0.2791666666666667 0.24305555555555555 0.08888888888888889 0.0798611111111111
2 0.20277777777777778 0.3975694444444444 0.075 0.09375
2 0.4986111111111111 0.2942708333333333 0.08055555555555556 0.10243055555555555
2 0.8055555555555556 0.2534722222222222 0.07777777777777778 0.08333333333333333
2 0.4013888888888889 0.8020833333333334 0.06388888888888888 0.09722222222222222
2 0.6430555555555556 0.9045138888888888 0.075 0.07291666666666667
2 0.4625 0.9548611111111112 0.07777777777777778 0.0798611111111111
2 0.26666666666666666 0.9375 0.07222222222222222 0.09027777777777778
2 0.7409722222222223 0.8446180555555556 0.06527777777777778 0.08159722222222222
2 0.5076388888888889 0.11458333333333333 0.0625 0.08333333333333333
0 0.23541666666666666 0.028645833333333332 0.0625 0.05381944444444445
1 0.22361111111111112 0.8671875 0.041666666666666664 0.057291666666666664
2 0.29444444444444445 0.024305555555555556 0.06388888888888888 0.04513888888888889
2 0.4597222222222222 0.027777777777777776 0.06944444444444445 0.052083333333333336
7 0.049305555555555554 0.6076388888888888 0.0625 0.07291666666666667
2 0.1840277777777778 0.9748263888888888 0.0625 0.03993055555555555
7 0.56875 0.9800347222222222 0.05416666666666667 0.029513888888888888
7 0.9208333333333333 0.9765625 0.075 0.046875
1 0.65625 0.7586805555555556 0.0375 0.05555555555555555
