2 0.04583333333333333 0.04079861111111111 0.08055555555555556 0.078125
2 0.38958333333333334 0.09722222222222222 0.08194444444444444 0.09375
2 0.49583333333333335 0.2795138888888889 0.06944444444444445 0.1111111111111111
2 0.5895833333333333 0.3819444444444444 0.06527777777777778 0.09722222222222222
2 0.7805555555555556 0.4296875 0.06666666666666667 0.10590277777777778
2 0.6458333333333334 0.5746527777777778 0.06666666666666667 0.08333333333333333
2 0.37916666666666665 0.3993055555555556 0.06666666666666667 0.09722222222222222
2 0.26458333333333334 0.3845486111111111 0.059722222222222225 0.08854166666666667
2 0.11875 0.7230902777777778 0.0763888888888889 0.10243055555555555
2 0.4479166666666667 0.9227430555555556 0.07361111111111111 0.0920138888888889
2 0.8416666666666667 0.8793402777777778 0.06388888888888888 0.09895833333333333
2 0.9729166666666667 0.6180555555555556 0.05416666666666667 0.1111111111111111
2 0.8333333333333334 0.5173611111111112 0.058333333333333334 0.09027777777777778
2 0.91875 0.1015625 0.07361111111111111 0.08506944444444445
0 0.425 0.6189236111111112 0.058333333333333334 0.08159722222222222
0 0.2361111111111111 0.8993055555555556 0.05555555555555555 0.09027777777777778
0 0.7319444444444444 0.7317708333333334 0.06944444444444445 0.11631944444444445
0 0.7180555555555556 0.2934027777777778 0.058333333333333334 0.0763888888888889
0 0.85625 0.3307291666666667 0.07916666666666666 0.08854166666666667
0 0.1736111111111111 0.036458333333333336 0.05555555555555555 0.06944444444444445
2 0.35 0.5555555555555556 0.1 0.08680555555555555
1 0.18541666666666667 0.7517361111111112 0.05138888888888889 0.059027777777777776
1 0.61875 0.2248263888888889 0.043055555555555555 0.050347222222222224
1 0.24375 0.026041666666666668 0.04583333333333333 0.04861111111111111
1 0.7006944444444444 0.9791666666666666 0.043055555555555555 0.03125
7 0.014583333333333334 0.12152777777777778 0.02638888888888889 0.08680555555555555
