2 0.17847222222222223 0.10243055555555555 0.09027777777777778 0.09375
2 0.4583333333333333 0.08333333333333333 0.06388888888888888 0.10069444444444445
2 0.5270833333333333 0.042534722222222224 0.0625 0.08159722222222222
2 0.7756944444444445 0.043402777777777776 0.06805555555555555 0.08333333333333333
2 0.8930555555555556 0.0763888888888889 0.06666666666666667 0.0763888888888889
2 0.9680555555555556 0.3463541666666667 0.06388888888888888 0.0954861111111111
2 0.7715277777777778 0.2934027777777778 0.06527777777777778 0.12152777777777778
2 0.5708333333333333 0.4001736111111111 0.06388888888888888 0.10590277777777778
2 0.4701388888888889 0.3012152777777778 0.06527777777777778 0.11284722222222222
2 0.6631944444444444 0.4184027777777778 0.07083333333333333 0.08680555555555555
2 0.7652777777777777 0.7682291666666666 0.07777777777777778 0.10243055555555555
2 0.4513888888888889 0.6805555555555556 0.08055555555555556 0.09722222222222222
2 0.525 0.8376736111111112 0.058333333333333334 0.08506944444444445
2 0.40347222222222223 0.8810763888888888 0.06805555555555555 0.08506944444444445
2 0.2861111111111111 0.7560763888888888 0.075 0.0954861111111111
2 0.28958333333333336 0.6545138888888888 0.07083333333333333 0.09722222222222222
2 0.2 0.4635416666666667 0.06111111111111111 0.08333333333333333
2 0.13402777777777777 0.5677083333333334 0.06805555555555555 0.0763888888888889
2 0.3576388888888889 0.5763888888888888 0.07083333333333333 0.0798611111111111
0 0.034027777777777775 0.9322916666666666 0.06527777777777778 0.0798611111111111
1 0.08402777777777778 0.7447916666666666 0.04583333333333333 0.059027777777777776
1 0.07152777777777777 0.9782986111111112 0.05416666666666667 0.03298611111111111
2 0.0125 0.1111111111111111 0.022222222222222223 0.06944444444444445
