2 0.5090277777777777 0.07465277777777778 0.07083333333333333 0.08680555555555555
2 0.5618055555555556 0.19791666666666666 0.07916666666666666 0.1076388888888889
2 0.8319444444444445 0.19791666666666666 0.075 0.09027777777777778
2 0.8736111111111111 0.0998263888888889 0.075 0.08506944444444445
2 0.9583333333333334 0.3489583333333333 0.07222222222222222 0.08680555555555555
2 0.5722222222222222 0.3350694444444444 0.058333333333333334 0.10069444444444445
2 0.63125 0.3836805555555556 0.07361111111111111 0.08680555555555555
2 0.8763888888888889 0.7508680555555556 0.08055555555555556 0.07118055555555555
2 0.5534722222222223 0.8663194444444444 0.07916666666666666 0.09375
2 0.65625 0.9079861111111112 0.06527777777777778 0.08333333333333333
2 0.21041666666666667 0.6380208333333334 0.0763888888888889 0.08159722222222222
2 0.2520833333333333 0.7109375 0.07916666666666666 0.08159722222222222
2 0.050694444444444445 0.8324652777777778 0.07083333333333333 0.0920138888888889
0 0.4166666666666667 0.6354166666666666 0.06111111111111111 0.09375
0 0.7090277777777778 0.6223958333333334 0.059722222222222225 0.08159722222222222
0 0.7465277777777778 0.8420138888888888 0.05694444444444444 0.0798611111111111
2 0.7548611111111111 0.2612847222222222 0.0625 0.07465277777777778
0 0.37083333333333335 0.024305555555555556 0.058333333333333334 0.04513888888888889
1 0.2875 0.5685763888888888 0.03611111111111111 0.046875
1 0.3020833333333333 0.6163194444444444 0.043055555555555555 0.052083333333333336
7 0.008333333333333333 0.8350694444444444 0.013888888888888888 0.04513888888888889
