2 0.07569444444444444 0.06597222222222222 0.09027777777777778 0.1111111111111111
2 0.11736111111111111 0.2638888888888889 0.08472222222222223 0.09722222222222222
2 0.26319444444444445 0.23697916666666666 0.10416666666666667 0.10243055555555555
2 0.3215277777777778 0.059895833333333336 0.07361111111111111 0.08854166666666667
2 0.6708333333333333 0.13975694444444445 0.06111111111111111 0.0920138888888889
2 0.725 0.16666666666666666 0.06944444444444445 0.09375
2 0.6152777777777778 0.3949652777777778 0.07777777777777778 0.0954861111111111
2 0.5861111111111111 0.7074652777777778 0.06944444444444445 0.08506944444444445
2 0.7840277777777778 0.7248263888888888 0.0875 0.11284722222222222
2 0.85 0.9027777777777778 0.06944444444444445 0.1076388888888889
2 0.8979166666666667 0.4210069444444444 0.07083333333333333 0.09895833333333333
2 0.9180555555555555 0.25 0.06944444444444445 0.10069444444444445
2 0.7041666666666667 0.4244791666666667 0.08333333333333333 0.0920138888888889
2 0.18680555555555556 0.4652777777777778 0.08194444444444444 0.10069444444444445
2 0.12083333333333333 0.8463541666666666 0.06388888888888888 0.10243055555555555
2 0.33055555555555555 0.8793402777777778 0.06944444444444445 0.08506944444444445
2 0.35694444444444445 0.7369791666666666 0.08333333333333333 0.09895833333333333
2 0.2625 0.5989583333333334 0.07222222222222222 0.08680555555555555
2 0.05416666666666667 0.9513888888888888 0.08055555555555556 0.09027777777777778
2 0.43819444444444444 0.23177083333333334 0.059722222222222225 0.0954861111111111
2 0.4965277777777778 0.22569444444444445 0.06805555555555555 0.0798611111111111
2 0.9694444444444444 0.10850694444444445 0.06111111111111111 0.08159722222222222
0 0.2388888888888889 0.8411458333333334 0.06388888888888888 0.08506944444444445
0 0.5305555555555556 0.6493055555555556 0.06111111111111111 0.08680555555555555
0 0.5902777777777778 0.53125 0.07222222222222222 0.09027777777777778
2 0.9381944444444444 0.5581597222222222 0.059722222222222225 0.08506944444444445
2 0.7673611111111112 0.3862847222222222 0.07361111111111111 0.08159722222222222
2 0.7784722222222222 0.21875 0.07083333333333333 0.08680555555555555
0 0.33819444444444446 0.453125 0.0625 0.08680555555555555
2 0.6986111111111111 0.06944444444444445 0.06388888888888888 0.0798611111111111
0 0.6944444444444444 0.828125 0.058333333333333334 0.0798611111111111
2 0.5916666666666667 0.2795138888888889 0.06666666666666667 0.08333333333333333
2 0.9784722222222222 0.2230902777777778 0.043055555555555555 0.08506944444444445
2 0.9284722222222223 0.029513888888888888 0.0625 0.05555555555555555
2 0.75625 0.3098958333333333 0.07361111111111111 0.09895833333333333
