0 0.13680555555555557 0.2899305555555556 0.05138888888888889 0.0625
0 0.5895833333333333 0.6414930555555556 0.06527777777777778 0.0954861111111111
0 0.6923611111111111 0.3098958333333333 0.06805555555555555 0.08854166666666667
0 0.3388888888888889 0.07291666666666667 0.06944444444444445 0.11458333333333333
5 0.38958333333333334 0.026041666666666668 0.034722222222222224 0.041666666666666664
5 0.13958333333333334 0.9366319444444444 0.034722222222222224 0.03993055555555555
5 0.15 0.9557291666666666 0.03333333333333333 0.043402777777777776
5 0.08888888888888889 0.4314236111111111 0.03333333333333333 0.03993055555555555
5 0.49027777777777776 0.9348958333333334 0.03611111111111111 0.046875
2 0.20972222222222223 0.8984375 0.09444444444444444 0.10590277777777778
0 0.7868055555555555 0.3993055555555556 0.1125 0.1423611111111111
0 0.8152777777777778 0.4817708333333333 0.09444444444444444 0.1267361111111111
0 0.84375 0.5590277777777778 0.0875 0.11805555555555555
