1 0.12777777777777777 0.90625 0.05 0.06597222222222222
1 0.3125 0.23524305555555555 0.05277777777777778 0.07465277777777778
1 0.28888888888888886 0.3359375 0.058333333333333334 0.07118055555555555
1 0.7305555555555555 0.08072916666666667 0.05 0.06770833333333333
1 0.7923611111111111 0.3324652777777778 0.04861111111111111 0.0642361111111111
1 0.38472222222222224 0.6545138888888888 0.058333333333333334 0.06944444444444445
1 0.5159722222222223 0.7083333333333334 0.05138888888888889 0.0625
1 0.5298611111111111 0.6432291666666666 0.05416666666666667 0.06076388888888889
1 0.5895833333333333 0.6006944444444444 0.05416666666666667 0.059027777777777776
1 0.7291666666666666 0.5217013888888888 0.05 0.07118055555555555
