1 0.8166666666666667 0.234375 0.06111111111111111 0.0798611111111111
1 0.93125 0.3793402777777778 0.059722222222222225 0.06770833333333333
1 0.9840277777777777 0.359375 0.03194444444444444 0.07291666666666667
1 0.8972222222222223 0.9635416666666666 0.06111111111111111 0.06597222222222222
1 0.41805555555555557 0.8958333333333334 0.05555555555555555 0.0763888888888889
1 0.24027777777777778 0.4453125 0.05277777777777778 0.06076388888888889
0 0.6284722222222222 0.5581597222222222 0.08472222222222223 0.09895833333333333
0 0.1638888888888889 0.4010416666666667 0.07777777777777778 0.09375
0 0.20833333333333334 0.3793402777777778 0.06111111111111111 0.08854166666666667
0 0.25555555555555554 0.4001736111111111 0.05 0.06770833333333333
