1 0.06111111111111111 0.057291666666666664 0.04722222222222222 0.0625
1 0.034027777777777775 0.1796875 0.04861111111111111 0.0642361111111111
1 0.029166666666666667 0.4453125 0.05 0.06770833333333333
1 0.16597222222222222 0.4270833333333333 0.05138888888888889 0.06597222222222222
1 0.19236111111111112 0.1579861111111111 0.04583333333333333 0.05555555555555555
1 0.34652777777777777 0.14583333333333334 0.04861111111111111 0.059027777777777776
1 0.25555555555555554 0.2621527777777778 0.044444444444444446 0.059027777777777776
1 0.30972222222222223 0.2517361111111111 0.044444444444444446 0.0625
1 0.5118055555555555 0.041666666666666664 0.04583333333333333 0.059027777777777776
1 0.47708333333333336 0.1449652777777778 0.04861111111111111 0.06076388888888889
1 0.5729166666666666 0.1388888888888889 0.04861111111111111 0.05555555555555555
1 0.55 0.1970486111111111 0.05555555555555555 0.07118055555555555
1 0.3909722222222222 0.2873263888888889 0.04861111111111111 0.0642361111111111
1 0.7326388888888888 0.03298611111111111 0.05138888888888889 0.0625
1 0.6770833333333334 0.17881944444444445 0.04861111111111111 0.06597222222222222
1 0.7416666666666667 0.1467013888888889 0.05 0.0642361111111111
1 0.7722222222222223 0.19444444444444445 0.044444444444444446 0.0625
1 0.3729166666666667 0.4383680555555556 0.04861111111111111 0.06076388888888889
1 0.31180555555555556 0.5008680555555556 0.04861111111111111 0.06076388888888889
1 0.33958333333333335 0.6371527777777778 0.05138888888888889 0.059027777777777776
1 0.17916666666666667 0.8984375 0.044444444444444446 0.057291666666666664
1 0.32916666666666666 0.9366319444444444 0.04722222222222222 0.057291666666666664
1 0.7791666666666667 0.3506944444444444 0.04722222222222222 0.0625
1 0.7611111111111111 0.3871527777777778 0.044444444444444446 0.05555555555555555
1 0.8923611111111112 0.4592013888888889 0.04861111111111111 0.0642361111111111
1 0.6701388888888888 0.6892361111111112 0.043055555555555555 0.0625
1 0.5618055555555556 0.8576388888888888 0.05138888888888889 0.059027777777777776
1 0.475 0.8142361111111112 0.05277777777777778 0.06597222222222222
1 0.43472222222222223 0.9010416666666666 0.04722222222222222 0.059027777777777776
1 0.8180555555555555 0.5850694444444444 0.05 0.059027777777777776
1 0.83125 0.6527777777777778 0.05138888888888889 0.0625
1 0.8 0.75 0.05 0.0625
1 0.9805555555555555 0.7239583333333334 0.03888888888888889 0.0625
1 0.8652777777777778 0.9435763888888888 0.041666666666666664 0.06770833333333333
1 0.7305555555555555 0.8888888888888888 0.05 0.06597222222222222
1 0.7041666666666667 0.9166666666666666 0.044444444444444446 0.0625
3 0.3951388888888889 0.7682291666666666 0.05138888888888889 0.06770833333333333
1 0.1701388888888889 0.2074652777777778 0.04861111111111111 0.06770833333333333
1 0.5590277777777778 0.5859375 0.04027777777777778 0.050347222222222224
7 0.7527777777777778 0.5633680555555556 0.06666666666666667 0.057291666666666664
1 0.8 0.9782986111111112 0.05555555555555555 0.036458333333333336
1 0.34375 0.016493055555555556 0.05138888888888889 0.029513888888888888
1 0.8805555555555555 0.012152777777777778 0.044444444444444446 0.020833333333333332
1 0.9916666666666667 0.5078125 0.016666666666666666 0.0642361111111111
1 0.4013888888888889 0.9149305555555556 0.05277777777777778 0.06597222222222222
1 0.16458333333333333 0.984375 0.043055555555555555 0.03125
