2 0.41875 0.057291666666666664 0.06527777777777778 0.0798611111111111
2 0.6993055555555555 0.23350694444444445 0.06805555555555555 0.08506944444444445
2 0.7354166666666667 0.3967013888888889 0.07083333333333333 0.10243055555555555
2 0.8777777777777778 0.4322916666666667 0.08055555555555556 0.09722222222222222
2 0.7201388888888889 0.6206597222222222 0.07083333333333333 0.11284722222222222
2 0.8888888888888888 0.8767361111111112 0.06388888888888888 0.10069444444444445
2 0.5909722222222222 0.9027777777777778 0.0625 0.08680555555555555
2 0.13541666666666666 0.4157986111111111 0.0625 0.078125
2 0.03819444444444445 0.3940972222222222 0.06805555555555555 0.09027777777777778
2 0.025694444444444443 0.7829861111111112 0.04861111111111111 0.09375
2 0.3611111111111111 0.6736111111111112 0.07777777777777778 0.08333333333333333
2 0.38958333333333334 0.7439236111111112 0.06805555555555555 0.07465277777777778
2 0.46597222222222223 0.8038194444444444 0.08194444444444444 0.08333333333333333
2 0.28958333333333336 0.3784722222222222 0.05416666666666667 0.0763888888888889
0 0.65 0.5 0.058333333333333334 0.08333333333333333
0 0.8763888888888889 0.7673611111111112 0.058333333333333334 0.08333333333333333
0 0.9784722222222222 0.9461805555555556 0.04027777777777778 0.09027777777777778
0 0.6409722222222223 0.7552083333333334 0.059722222222222225 0.08333333333333333
0 0.8256944444444444 0.3072916666666667 0.0625 0.07291666666666667
2 0.23402777777777778 0.3776041666666667 0.05694444444444444 0.0954861111111111
0 0.24027777777777778 0.5017361111111112 0.058333333333333334 0.0798611111111111
1 0.05694444444444444 0.8697916666666666 0.044444444444444446 0.0625
1 0.04583333333333333 0.9157986111111112 0.044444444444444446 0.057291666666666664
2 0.5048611111111111 0.8576388888888888 0.0625 0.08333333333333333
2 0.0125 0.21961805555555555 0.022222222222222223 0.08506944444444445
1 0.8298611111111112 0.2586805555555556 0.0375 0.03819444444444445
