1 0.11388888888888889 0.052083333333333336 0.06111111111111111 0.06944444444444445
1 0.08402777777777778 0.296875 0.059722222222222225 0.0798611111111111
1 0.23333333333333334 0.8142361111111112 0.058333333333333334 0.0798611111111111
1 0.32013888888888886 0.8828125 0.0625 0.08854166666666667
1 0.3 0.6927083333333334 0.06666666666666667 0.07291666666666667
1 0.20277777777777778 0.3914930555555556 0.06111111111111111 0.07118055555555555
1 0.5 0.4019097222222222 0.05555555555555555 0.07465277777777778
1 0.7972222222222223 0.3862847222222222 0.06944444444444445 0.0920138888888889
1 0.5756944444444444 0.5720486111111112 0.05694444444444444 0.07465277777777778
1 0.5993055555555555 0.6510416666666666 0.06805555555555555 0.06944444444444445
1 0.3194444444444444 0.5859375 0.06111111111111111 0.07465277777777778
1 0.25972222222222224 0.609375 0.05555555555555555 0.0798611111111111
1 0.7666666666666667 0.6545138888888888 0.06111111111111111 0.08680555555555555
