1 0.6527777777777778 0.1111111111111111 0.06388888888888888 0.07291666666666667
1 0.7625 0.578125 0.06666666666666667 0.0763888888888889
1 0.6625 0.6762152777777778 0.07222222222222222 0.0954861111111111
1 0.5034722222222222 0.7630208333333334 0.06805555555555555 0.07465277777777778
1 0.04027777777777778 0.2621527777777778 0.06666666666666667 0.07291666666666667
1 0.4513888888888889 0.4670138888888889 0.07222222222222222 0.09027777777777778
1 0.18472222222222223 0.8263888888888888 0.06944444444444445 0.08333333333333333
1 0.7486111111111111 0.8168402777777778 0.075 0.08506944444444445
1 0.8555555555555555 0.6545138888888888 0.06666666666666667 0.0798611111111111
1 0.69375 0.9574652777777778 0.06805555555555555 0.06770833333333333
1 0.7930555555555555 0.7135416666666666 0.06388888888888888 0.08333333333333333
1 0.2701388888888889 0.6189236111111112 0.0763888888888889 0.08159722222222222
