1 0.022916666666666665 0.5894097222222222 0.043055555555555555 0.07118055555555555
1 0.18263888888888888 0.2265625 0.059722222222222225 0.07118055555555555
1 0.20347222222222222 0.3272569444444444 0.05138888888888889 0.06076388888888889
1 0.4048611111111111 0.4791666666666667 0.059722222222222225 0.06597222222222222
1 0.44305555555555554 0.7699652777777778 0.05555555555555555 0.07118055555555555
1 0.5430555555555555 0.7647569444444444 0.05 0.0642361111111111
1 0.7645833333333333 0.1284722222222222 0.05416666666666667 0.059027777777777776
1 0.83125 0.7048611111111112 0.059722222222222225 0.06597222222222222
1 0.8263888888888888 0.8012152777777778 0.05 0.06770833333333333
1 0.9368055555555556 0.4305555555555556 0.05416666666666667 0.06944444444444445
