2 0.09375 0.036458333333333336 0.08472222222222223 0.06944444444444445
2 0.029166666666666667 0.09809027777777778 0.05555555555555555 0.109375
2 0.13055555555555556 0.1640625 0.06944444444444445 0.10243055555555555
2 0.3590277777777778 0.042534722222222224 0.07083333333333333 0.08159722222222222
2 0.6993055555555555 0.07552083333333333 0.06527777777777778 0.0954861111111111
2 0.8597222222222223 0.1935763888888889 0.07777777777777778 0.09895833333333333
2 0.7923611111111111 0.3810763888888889 0.0763888888888889 0.0954861111111111
2 0.9590277777777778 0.2517361111111111 0.07083333333333333 0.09027777777777778
2 0.7958333333333333 0.4704861111111111 0.07222222222222222 0.0763888888888889
2 0.6798611111111111 0.5399305555555556 0.06527777777777778 0.09722222222222222
2 0.8409722222222222 0.7083333333333334 0.06805555555555555 0.09375
2 0.30833333333333335 0.5086805555555556 0.07222222222222222 0.07291666666666667
2 0.24791666666666667 0.5434027777777778 0.06805555555555555 0.09027777777777778
2 0.05277777777777778 0.7821180555555556 0.07777777777777778 0.0954861111111111
2 0.24513888888888888 0.9131944444444444 0.06805555555555555 0.1076388888888889
2 0.05347222222222222 0.8958333333333334 0.08472222222222223 0.1076388888888889
2 0.5090277777777777 0.6328125 0.07083333333333333 0.08506944444444445
0 0.9666666666666667 0.8975694444444444 0.05555555555555555 0.0763888888888889
2 0.19375 0.4982638888888889 0.06527777777777778 0.08333333333333333
1 0.5319444444444444 0.046875 0.05277777777777778 0.0625
2 0.6993055555555555 0.018229166666666668 0.07916666666666666 0.03298611111111111
7 0.06944444444444445 0.9791666666666666 0.05277777777777778 0.034722222222222224
