2 0.19930555555555557 0.12065972222222222 0.07361111111111111 0.0954861111111111
2 0.14791666666666667 0.2751736111111111 0.06527777777777778 0.0920138888888889
2 0.37430555555555556 0.3585069444444444 0.06805555555555555 0.0954861111111111
2 0.6458333333333334 0.5859375 0.075 0.10243055555555555
2 0.8548611111111111 0.59375 0.07361111111111111 0.09722222222222222
2 0.8479166666666667 0.3081597222222222 0.07916666666666666 0.0920138888888889
2 0.08402777777777778 0.5095486111111112 0.07083333333333333 0.10243055555555555
2 0.19444444444444445 0.6388888888888888 0.06111111111111111 0.09375
2 0.2361111111111111 0.8116319444444444 0.06944444444444445 0.10590277777777778
2 0.3236111111111111 0.7690972222222222 0.08055555555555556 0.08333333333333333
2 0.5034722222222222 0.8185763888888888 0.07361111111111111 0.10243055555555555
2 0.7729166666666667 0.9409722222222222 0.06805555555555555 0.10416666666666667
0 0.4201388888888889 0.2699652777777778 0.06527777777777778 0.09895833333333333
0 0.21388888888888888 0.2725694444444444 0.07777777777777778 0.10069444444444445
2 0.9729166666666667 0.2586805555555556 0.05416666666666667 0.0798611111111111
1 0.7416666666666667 0.3237847222222222 0.05555555555555555 0.06770833333333333
7 0.03194444444444444 0.12239583333333333 0.06111111111111111 0.1232638888888889
7 0.80625 0.7109375 0.06805555555555555 0.10243055555555555
