2 0.029166666666666667 0.2013888888888889 0.05277777777777778 0.08680555555555555
2 0.08472222222222223 0.14322916666666666 0.08055555555555556 0.08506944444444445
2 0.1840277777777778 0.16319444444444445 0.07916666666666666 0.08680555555555555
2 0.4986111111111111 0.3480902777777778 0.07222222222222222 0.0920138888888889
2 0.7590277777777777 0.6779513888888888 0.07361111111111111 0.0920138888888889
2 0.9715277777777778 0.06684027777777778 0.05694444444444444 0.10243055555555555
2 0.6493055555555556 0.5529513888888888 0.06527777777777778 0.0954861111111111
0 0.4326388888888889 0.06076388888888889 0.06527777777777778 0.08333333333333333
2 0.28888888888888886 0.7013888888888888 0.06388888888888888 0.09375
2 0.9145833333333333 0.10069444444444445 0.07083333333333333 0.08333333333333333
2 0.8243055555555555 0.1579861111111111 0.07083333333333333 0.09027777777777778
2 0.03819444444444445 0.5190972222222222 0.04583333333333333 0.0625
2 0.052083333333333336 0.640625 0.06527777777777778 0.09722222222222222
2 0.27847222222222223 0.23697916666666666 0.06805555555555555 0.0954861111111111
2 0.43125 0.7838541666666666 0.06805555555555555 0.08159722222222222
2 0.5708333333333333 0.03298611111111111 0.06666666666666667 0.0625
0 0.25 0.026909722222222224 0.06111111111111111 0.050347222222222224
1 0.8722222222222222 0.8532986111111112 0.03888888888888889 0.0642361111111111
2 0.42777777777777776 0.9340277777777778 0.09444444444444444 0.09375
2 0.39305555555555555 0.9713541666666666 0.058333333333333334 0.046875
2 0.7388888888888889 0.2942708333333333 0.05555555555555555 0.06770833333333333
1 0.3159722222222222 0.2925347222222222 0.043055555555555555 0.050347222222222224
7 0.7743055555555556 0.2725694444444444 0.05138888888888889 0.05555555555555555
