1 0.48333333333333334 0.6996527777777778 0.06666666666666667 0.08333333333333333
1 0.45555555555555555 0.09288194444444445 0.06944444444444445 0.08159722222222222
1 0.07847222222222222 0.4288194444444444 0.06805555555555555 0.08333333333333333
1 0.06805555555555555 0.65625 0.07222222222222222 0.0798611111111111
1 0.5694444444444444 0.7057291666666666 0.06666666666666667 0.08506944444444445
1 0.5479166666666667 0.2899305555555556 0.07083333333333333 0.08680555555555555
1 0.7194444444444444 0.7925347222222222 0.06944444444444445 0.08854166666666667
1 0.19722222222222222 0.3940972222222222 0.07777777777777778 0.0763888888888889
1 0.19930555555555557 0.7638888888888888 0.0625 0.0763888888888889
1 0.8847222222222222 0.7664930555555556 0.06666666666666667 0.10243055555555555
