2 0.2708333333333333 0.3168402777777778 0.09722222222222222 0.0954861111111111
2 0.3854166666666667 0.3732638888888889 0.07361111111111111 0.09722222222222222
2 0.38263888888888886 0.5859375 0.06805555555555555 0.0954861111111111
2 0.08611111111111111 0.5607638888888888 0.07777777777777778 0.09027777777777778
2 0.13125 0.6857638888888888 0.07361111111111111 0.09375
2 0.1076388888888889 0.7725694444444444 0.06527777777777778 0.08333333333333333
2 0.17222222222222222 0.8272569444444444 0.07222222222222222 0.09895833333333333
2 0.48680555555555555 0.7612847222222222 0.07916666666666666 0.0954861111111111
2 0.5284722222222222 0.8550347222222222 0.06527777777777778 0.10243055555555555
2 0.7270833333333333 0.6397569444444444 0.0875 0.08854166666666667
2 0.9222222222222223 0.21875 0.06666666666666667 0.10069444444444445
2 0.8743055555555556 0.3524305555555556 0.07083333333333333 0.10069444444444445
2 0.8875 0.4496527777777778 0.08611111111111111 0.09722222222222222
2 0.9486111111111111 0.6328125 0.06944444444444445 0.09895833333333333
2 0.9506944444444444 0.9557291666666666 0.06527777777777778 0.07465277777777778
2 0.7708333333333334 0.8411458333333334 0.07222222222222222 0.08506944444444445
0 0.5701388888888889 0.4357638888888889 0.0625 0.0798611111111111
1 0.4736111111111111 0.17708333333333334 0.05555555555555555 0.0625
1 0.44513888888888886 0.12065972222222222 0.05694444444444444 0.07465277777777778
1 0.7444444444444445 0.7847222222222222 0.041666666666666664 0.052083333333333336
0 0.6222222222222222 0.015625 0.06111111111111111 0.027777777777777776
2 0.9847222222222223 0.5442708333333334 0.030555555555555555 0.078125
2 0.8159722222222222 0.9800347222222222 0.06805555555555555 0.036458333333333336
