1 0.26805555555555555 0.043402777777777776 0.06111111111111111 0.07291666666666667
1 0.28888888888888886 0.3151041666666667 0.05555555555555555 0.07465277777777778
1 0.5486111111111112 0.057291666666666664 0.05277777777777778 0.0763888888888889
1 0.625 0.3602430555555556 0.05277777777777778 0.06770833333333333
1 0.30972222222222223 0.8220486111111112 0.05 0.0642361111111111
1 0.975 0.9774305555555556 0.05 0.04513888888888889
0 0.6590277777777778 0.125 0.06805555555555555 0.09027777777777778
0 0.6347222222222222 0.234375 0.058333333333333334 0.0798611111111111
0 0.12708333333333333 0.8854166666666666 0.06805555555555555 0.09027777777777778
0 0.06805555555555555 0.8897569444444444 0.06944444444444445 0.0954861111111111
0 0.09444444444444444 0.9592013888888888 0.08333333333333333 0.07465277777777778
7 0.15555555555555556 0.9262152777777778 0.05555555555555555 0.07118055555555555
