6 0.12152777777777778 0.04513888888888889 0.09305555555555556 0.08680555555555555
6 0.2986111111111111 0.20052083333333334 0.14166666666666666 0.09895833333333333
6 0.5875 0.24131944444444445 0.05 0.08333333333333333
6 0.7458333333333333 0.390625 0.058333333333333334 0.08680555555555555
6 0.7319444444444444 0.5920138888888888 0.04722222222222222 0.09722222222222222
6 0.91875 0.4027777777777778 0.05694444444444444 0.09722222222222222
6 0.06875 0.8211805555555556 0.059722222222222225 0.06944444444444445
6 0.05555555555555555 0.640625 0.08055555555555556 0.10069444444444445
6 0.01875 0.6475694444444444 0.034722222222222224 0.08680555555555555
6 0.23541666666666666 0.8185763888888888 0.06527777777777778 0.10590277777777778
6 0.26458333333333334 0.8107638888888888 0.07361111111111111 0.11458333333333333
6 0.30416666666666664 0.8133680555555556 0.05277777777777778 0.08506944444444445
6 0.016666666666666666 0.049479166666666664 0.030555555555555555 0.0954861111111111
6 0.041666666666666664 0.22395833333333334 0.08055555555555556 0.0625
6 0.5534722222222223 0.9123263888888888 0.05138888888888889 0.08506944444444445
6 0.7986111111111112 0.9401041666666666 0.03888888888888889 0.08159722222222222
6 0.40694444444444444 0.8975694444444444 0.03888888888888889 0.08680555555555555
6 0.5090277777777777 0.6163194444444444 0.043055555555555555 0.09027777777777778
6 0.8833333333333333 0.9782986111111112 0.058333333333333334 0.036458333333333336
