2 0.31319444444444444 0.1232638888888889 0.0875 0.09722222222222222
2 0.4673611111111111 0.2838541666666667 0.06527777777777778 0.08854166666666667
2 0.48680555555555555 0.4418402777777778 0.059722222222222225 0.0954861111111111
2 0.45555555555555555 0.6484375 0.06666666666666667 0.1232638888888889
2 0.3923611111111111 0.8333333333333334 0.06805555555555555 0.11805555555555555
2 0.32569444444444445 0.5616319444444444 0.06805555555555555 0.09895833333333333
2 0.13819444444444445 0.8940972222222222 0.07916666666666666 0.10416666666666667
2 0.8972222222222223 0.5251736111111112 0.06944444444444445 0.0954861111111111
2 0.6069444444444444 0.3107638888888889 0.06666666666666667 0.09027777777777778
2 0.7548611111111111 0.265625 0.07083333333333333 0.1076388888888889
2 0.6784722222222223 0.4869791666666667 0.06527777777777778 0.08506944444444445
2 0.6284722222222222 0.8428819444444444 0.06527777777777778 0.10243055555555555
2 0.6263888888888889 0.6614583333333334 0.08055555555555556 0.08333333333333333
2 0.7715277777777778 0.5407986111111112 0.07361111111111111 0.0920138888888889
0 0.14375 0.4444444444444444 0.06805555555555555 0.09027777777777778
2 0.41944444444444445 0.9548611111111112 0.06111111111111111 0.0798611111111111
0 0.15 0.6258680555555556 0.06944444444444445 0.08506944444444445
0 0.5361111111111111 0.13368055555555555 0.058333333333333334 0.07291666666666667
1 0.05625 0.17100694444444445 0.05416666666666667 0.07118055555555555
1 0.9513888888888888 0.3967013888888889 0.044444444444444446 0.057291666666666664
2 0.017361111111111112 0.4105902777777778 0.03194444444444444 0.078125
2 0.6638888888888889 0.021701388888888888 0.06944444444444445 0.03993055555555555
7 0.013888888888888888 0.8602430555555556 0.025 0.08159722222222222
1 0.9819444444444444 0.9852430555555556 0.03611111111111111 0.022569444444444444
