5 0.3625 0.1501736111111111 0.041666666666666664 0.057291666666666664
5 0.53125 0.1597222222222222 0.034722222222222224 0.041666666666666664
5 0.1388888888888889 0.5503472222222222 0.03888888888888889 0.041666666666666664
5 0.45 0.9713541666666666 0.03611111111111111 0.03993055555555555
0 0.8319444444444445 0.0859375 0.06944444444444445 0.11631944444444445
0 0.041666666666666664 0.3368055555555556 0.06111111111111111 0.06597222222222222
0 0.0375 0.2699652777777778 0.06111111111111111 0.08159722222222222
0 0.018055555555555554 0.3012152777777778 0.03333333333333333 0.08854166666666667
5 0.4652777777777778 0.9835069444444444 0.027777777777777776 0.026041666666666668
5 0.4576388888888889 0.9479166666666666 0.03194444444444444 0.034722222222222224
5 0.5465277777777777 0.13802083333333334 0.0375 0.043402777777777776
