1 0.5590277777777778 0.4314236111111111 0.043055555555555555 0.07465277777777778
1 0.16319444444444445 0.1362847222222222 0.04583333333333333 0.0642361111111111
1 0.4048611111111111 0.019097222222222224 0.05138888888888889 0.034722222222222224
5 0.8659722222222223 0.6822916666666666 0.034722222222222224 0.04861111111111111
0 0.10138888888888889 0.8854166666666666 0.07222222222222222 0.09027777777777778
5 0.6944444444444444 0.8237847222222222 0.03611111111111111 0.043402777777777776
0 0.07430555555555556 0.1736111111111111 0.06527777777777778 0.08680555555555555
0 0.13125 0.21006944444444445 0.07361111111111111 0.08680555555555555
1 0.3736111111111111 0.2873263888888889 0.05 0.05381944444444445
0 0.37083333333333335 0.171875 0.07222222222222222 0.08680555555555555
0 0.3861111111111111 0.07552083333333333 0.07222222222222222 0.10590277777777778
0 0.47152777777777777 0.1111111111111111 0.07361111111111111 0.09027777777777778
0 0.39652777777777776 0.1362847222222222 0.06805555555555555 0.078125
0 0.4340277777777778 0.17274305555555555 0.07361111111111111 0.08854166666666667
0 0.4388888888888889 0.06336805555555555 0.07777777777777778 0.078125
0 0.1125 0.13975694444444445 0.05555555555555555 0.07118055555555555
