2 0.09027777777777778 0.14149305555555555 0.08055555555555556 0.08854166666666667
2 0.36666666666666664 0.0685763888888889 0.07222222222222222 0.10243055555555555
2 0.44513888888888886 0.2578125 0.06527777777777778 0.08506944444444445
2 0.5840277777777778 0.1579861111111111 0.07361111111111111 0.1076388888888889
2 0.6534722222222222 0.4557291666666667 0.07361111111111111 0.09895833333333333
2 0.725 0.6684027777777778 0.06944444444444445 0.09375
2 0.8604166666666667 0.7005208333333334 0.07361111111111111 0.0954861111111111
2 0.7645833333333333 0.8967013888888888 0.07361111111111111 0.0954861111111111
2 0.5958333333333333 0.7751736111111112 0.075 0.11284722222222222
2 0.06458333333333334 0.3272569444444444 0.07916666666666666 0.09895833333333333
2 0.03888888888888889 0.7734375 0.075 0.0954861111111111
2 0.5055555555555555 0.6909722222222222 0.09444444444444444 0.09375
2 0.5118055555555555 0.8420138888888888 0.07361111111111111 0.09375
2 0.6993055555555555 0.11805555555555555 0.06805555555555555 0.08333333333333333
0 0.39861111111111114 0.7960069444444444 0.06666666666666667 0.078125
2 0.40208333333333335 0.7274305555555556 0.06805555555555555 0.08333333333333333
0 0.4909722222222222 0.5694444444444444 0.0625 0.08333333333333333
0 0.10625 0.5859375 0.07916666666666666 0.08506944444444445
2 0.016666666666666666 0.24913194444444445 0.030555555555555555 0.09895833333333333
1 0.9423611111111111 0.1032986111111111 0.043055555555555555 0.06076388888888889
1 0.12708333333333333 0.5286458333333334 0.05138888888888889 0.06076388888888889
2 0.029861111111111113 0.6805555555555556 0.05694444444444444 0.1076388888888889
2 0.017361111111111112 0.5798611111111112 0.03194444444444444 0.08680555555555555
2 0.3229166666666667 0.9722222222222222 0.07083333333333333 0.04513888888888889
1 0.6645833333333333 0.04861111111111111 0.05416666666666667 0.0625
1 0.9819444444444444 0.3090277777777778 0.03611111111111111 0.052083333333333336
0 0.81875 0.017361111111111112 0.0625 0.03125
1 0.9895833333333334 0.2682291666666667 0.020833333333333332 0.057291666666666664
7 0.05416666666666667 0.53125 0.08888888888888889 0.11458333333333333
