0 0.15416666666666667 0.3732638888888889 0.058333333333333334 0.0763888888888889
0 0.16805555555555557 0.5581597222222222 0.06388888888888888 0.08854166666666667
0 0.5631944444444444 0.3880208333333333 0.05694444444444444 0.08159722222222222
0 0.7701388888888889 0.4730902777777778 0.0625 0.08159722222222222
2 0.2861111111111111 0.1605902777777778 0.06666666666666667 0.078125
2 0.09305555555555556 0.3116319444444444 0.07222222222222222 0.08854166666666667
2 0.03611111111111111 0.5017361111111112 0.06944444444444445 0.09722222222222222
2 0.7090277777777778 0.2456597222222222 0.07083333333333333 0.08854166666666667
2 0.8041666666666667 0.3923611111111111 0.06944444444444445 0.09027777777777778
2 0.8555555555555555 0.5251736111111112 0.07222222222222222 0.10243055555555555
2 0.8097222222222222 0.5876736111111112 0.075 0.10590277777777778
2 0.48541666666666666 0.3550347222222222 0.08472222222222223 0.109375
2 0.5069444444444444 0.4375 0.05555555555555555 0.08680555555555555
2 0.4986111111111111 0.5607638888888888 0.058333333333333334 0.10416666666666667
2 0.21736111111111112 0.4878472222222222 0.06527777777777778 0.08333333333333333
2 0.4305555555555556 0.5729166666666666 0.06944444444444445 0.10416666666666667
2 0.4701388888888889 0.6675347222222222 0.0763888888888889 0.0920138888888889
2 0.49236111111111114 0.7743055555555556 0.0625 0.10416666666666667
2 0.3951388888888889 0.8324652777777778 0.07916666666666666 0.0954861111111111
2 0.19722222222222222 0.9496527777777778 0.06666666666666667 0.08333333333333333
2 0.09305555555555556 0.8871527777777778 0.07222222222222222 0.09375
2 0.8840277777777777 0.8680555555555556 0.07361111111111111 0.09722222222222222
2 0.5652777777777778 0.1736111111111111 0.06666666666666667 0.08333333333333333
0 0.3472222222222222 0.9418402777777778 0.05555555555555555 0.078125
2 0.55 0.7560763888888888 0.05 0.0642361111111111
2 0.020833333333333332 0.8220486111111112 0.03888888888888889 0.0954861111111111
7 0.3145833333333333 0.9756944444444444 0.04583333333333333 0.04861111111111111
2 0.7763888888888889 0.0234375 0.058333333333333334 0.043402777777777776
