1 0.21458333333333332 0.025173611111111112 0.05416666666666667 0.046875
1 0.275 0.3854166666666667 0.04722222222222222 0.07291666666666667
1 0.7020833333333333 0.2838541666666667 0.04583333333333333 0.06076388888888889
1 0.8472222222222222 0.2890625 0.044444444444444446 0.0642361111111111
1 0.7256944444444444 0.7569444444444444 0.05138888888888889 0.06597222222222222
1 0.7076388888888889 0.8862847222222222 0.04861111111111111 0.06076388888888889
1 0.6604166666666667 0.9748263888888888 0.05416666666666667 0.03993055555555555
0 0.6208333333333333 0.8576388888888888 0.06388888888888888 0.08333333333333333
0 0.43333333333333335 0.8385416666666666 0.06666666666666667 0.09375
0 0.8513888888888889 0.5651041666666666 0.07222222222222222 0.0920138888888889
0 0.9722222222222222 0.019097222222222224 0.05555555555555555 0.034722222222222224
0 0.9868055555555556 0.7621527777777778 0.02638888888888889 0.07291666666666667
