2 0.5375 0.4192708333333333 0.06666666666666667 0.0954861111111111
2 0.6777777777777778 0.4956597222222222 0.06388888888888888 0.0920138888888889
2 0.5715277777777777 0.5347222222222222 0.07361111111111111 0.09722222222222222
2 0.6034722222222222 0.18663194444444445 0.09583333333333334 0.0954861111111111
2 0.9645833333333333 0.6024305555555556 0.07083333333333333 0.09722222222222222
2 0.825 0.6215277777777778 0.075 0.09722222222222222
2 0.7527777777777778 0.6423611111111112 0.06944444444444445 0.10069444444444445
2 0.70625 0.7482638888888888 0.07083333333333333 0.08333333333333333
2 0.8236111111111111 0.7317708333333334 0.06944444444444445 0.09895833333333333
2 0.9701388888888889 0.9583333333333334 0.059722222222222225 0.0763888888888889
2 0.4486111111111111 0.8159722222222222 0.075 0.09375
2 0.5229166666666667 0.8315972222222222 0.08472222222222223 0.0798611111111111
2 0.5263888888888889 0.033854166666666664 0.06388888888888888 0.0642361111111111
0 0.15763888888888888 0.13802083333333334 0.05694444444444444 0.08159722222222222
2 0.021527777777777778 0.9322916666666666 0.04027777777777778 0.09375
2 0.4986111111111111 0.9105902777777778 0.05555555555555555 0.08159722222222222
2 0.90625 0.1814236111111111 0.0625 0.0920138888888889
1 0.7555555555555555 0.4748263888888889 0.04722222222222222 0.050347222222222224
1 0.5041666666666667 0.22743055555555555 0.04722222222222222 0.0625
2 0.33958333333333335 0.3923611111111111 0.06527777777777778 0.1111111111111111
2 0.22361111111111112 0.21614583333333334 0.07222222222222222 0.08854166666666667
1 0.013194444444444444 0.1076388888888889 0.02361111111111111 0.0625
