5 0.3909722222222222 0.09635416666666667 0.04027777777777778 0.05381944444444445
5 0.5645833333333333 0.3272569444444444 0.03194444444444444 0.03993055555555555
5 0.7236111111111111 0.7378472222222222 0.03611111111111111 0.04513888888888889
5 0.16458333333333333 0.90625 0.03194444444444444 0.04513888888888889
6 0.4638888888888889 0.5538194444444444 0.24166666666666667 0.2534722222222222
6 0.3854166666666667 0.7821180555555556 0.20416666666666666 0.24131944444444445
6 0.5388888888888889 0.9001736111111112 0.18888888888888888 0.19270833333333334
6 0.6284722222222222 0.7586805555555556 0.1375 0.3368055555555556
6 0.5006944444444444 0.7326388888888888 0.16805555555555557 0.19444444444444445
7 0.3333333333333333 0.13020833333333334 0.058333333333333334 0.0798611111111111
5 0.14305555555555555 0.9835069444444444 0.03888888888888889 0.022569444444444444
7 0.013194444444444444 0.05642361111111111 0.02361111111111111 0.07465277777777778
