1 0.1111111111111111 0.1684027777777778 0.05555555555555555 0.0625
1 0.09861111111111111 0.2960069444444444 0.05555555555555555 0.06770833333333333
1 0.4041666666666667 0.4496527777777778 0.05 0.0625
1 0.5791666666666667 0.4236111111111111 0.05277777777777778 0.0625
1 0.5256944444444445 0.5182291666666666 0.05416666666666667 0.06076388888888889
1 0.48125 0.6310763888888888 0.05694444444444444 0.0642361111111111
1 0.7833333333333333 0.6970486111111112 0.05555555555555555 0.07465277777777778
1 0.38263888888888886 0.7855902777777778 0.0625 0.0642361111111111
1 0.25277777777777777 0.96875 0.04722222222222222 0.0625
1 0.8236111111111111 0.8697916666666666 0.05277777777777778 0.0763888888888889
1 0.8159722222222222 0.4644097222222222 0.0625 0.06770833333333333
