1 0.08680555555555555 0.7083333333333334 0.05416666666666667 0.0763888888888889
1 0.27569444444444446 0.5763888888888888 0.05694444444444444 0.0763888888888889
1 0.3090277777777778 0.7769097222222222 0.0625 0.078125
1 0.3402777777777778 0.6380208333333334 0.05555555555555555 0.0642361111111111
1 0.5111111111111111 0.5546875 0.058333333333333334 0.07118055555555555
1 0.6256944444444444 0.4435763888888889 0.05416666666666667 0.07465277777777778
1 0.7798611111111111 0.3689236111111111 0.05416666666666667 0.07465277777777778
1 0.7368055555555556 0.546875 0.06805555555555555 0.07291666666666667
1 0.7111111111111111 0.6397569444444444 0.06666666666666667 0.078125
1 0.9715277777777778 0.2838541666666667 0.05694444444444444 0.078125
1 0.8097222222222222 0.6996527777777778 0.058333333333333334 0.0763888888888889
