2 0.11944444444444445 0.08940972222222222 0.075 0.0920138888888889
2 0.06597222222222222 0.0642361111111111 0.059722222222222225 0.09375
2 0.029166666666666667 0.12413194444444445 0.05555555555555555 0.09895833333333333
2 0.03611111111111111 0.2907986111111111 0.06944444444444445 0.10243055555555555
2 0.4270833333333333 0.19618055555555555 0.07083333333333333 0.10416666666666667
2 0.5597222222222222 0.1831597222222222 0.06666666666666667 0.0954861111111111
2 0.6520833333333333 0.2048611111111111 0.0763888888888889 0.10416666666666667
2 0.8583333333333333 0.2144097222222222 0.06944444444444445 0.10590277777777778
2 0.4618055555555556 0.5477430555555556 0.07361111111111111 0.0954861111111111
2 0.4638888888888889 0.6701388888888888 0.08888888888888889 0.08680555555555555
2 0.4340277777777778 0.8888888888888888 0.0763888888888889 0.08680555555555555
2 0.9416666666666667 0.9479166666666666 0.058333333333333334 0.0763888888888889
0 0.90625 0.8723958333333334 0.06527777777777778 0.08854166666666667
0 0.8180555555555555 0.5572916666666666 0.06666666666666667 0.08333333333333333
2 0.3277777777777778 0.9010416666666666 0.07222222222222222 0.08680555555555555
1 0.5972222222222222 0.6241319444444444 0.04722222222222222 0.0642361111111111
0 0.9590277777777778 0.5130208333333334 0.0763888888888889 0.08506944444444445
0 0.9694444444444444 0.21875 0.06111111111111111 0.10069444444444445
2 0.9486111111111111 0.03298611111111111 0.06666666666666667 0.0625
2 0.12916666666666668 0.021701388888888888 0.06666666666666667 0.03993055555555555
2 0.9833333333333333 0.5815972222222222 0.03333333333333333 0.08680555555555555
0 0.9805555555555555 0.4175347222222222 0.03888888888888889 0.0642361111111111
7 0.22916666666666666 0.7178819444444444 0.06388888888888888 0.07465277777777778
2 0.0125 0.3671875 0.022222222222222223 0.0920138888888889
2 0.7409722222222223 0.016493055555555556 0.0625 0.029513888888888888
2 0.975 0.027777777777777776 0.05 0.052083333333333336
