4 0.3263888888888889 0.21006944444444445 0.06666666666666667 0.0763888888888889
4 0.46111111111111114 0.5798611111111112 0.06944444444444445 0.0798611111111111
4 0.3034722222222222 0.5086805555555556 0.04861111111111111 0.0625
4 0.7840277777777778 0.7873263888888888 0.11527777777777778 0.11284722222222222
4 0.9361111111111111 0.052083333333333336 0.04722222222222222 0.08333333333333333
4 0.8076388888888889 0.4991319444444444 0.10972222222222222 0.17881944444444445
4 0.9506944444444444 0.6666666666666666 0.09861111111111111 0.3229166666666667
4 0.7027777777777777 0.9505208333333334 0.044444444444444446 0.06076388888888889
4 0.47847222222222224 0.9557291666666666 0.04861111111111111 0.05381944444444445
4 0.8715277777777778 0.9756944444444444 0.10138888888888889 0.03819444444444445
4 0.01875 0.7925347222222222 0.034722222222222224 0.06076388888888889
4 0.9375 0.1232638888888889 0.044444444444444446 0.04861111111111111
4 0.8791666666666667 0.5442708333333334 0.03888888888888889 0.046875
