1 0.3229166666666667 0.6545138888888888 0.0625 0.08333333333333333
1 0.4354166666666667 0.6987847222222222 0.059722222222222225 0.08506944444444445
1 0.11319444444444444 0.6501736111111112 0.0763888888888889 0.07465277777777778
1 0.09444444444444444 0.7265625 0.075 0.07465277777777778
1 0.24583333333333332 0.0625 0.06388888888888888 0.0798611111111111
1 0.3076388888888889 0.19618055555555555 0.07083333333333333 0.07291666666666667
1 0.8451388888888889 0.19791666666666666 0.06805555555555555 0.10416666666666667
1 0.42291666666666666 0.5928819444444444 0.07361111111111111 0.07465277777777778
1 0.5416666666666666 0.5833333333333334 0.06111111111111111 0.09722222222222222
1 0.7152777777777778 0.9513888888888888 0.06944444444444445 0.08333333333333333
1 0.5354166666666667 0.1484375 0.07361111111111111 0.08854166666666667
1 0.5576388888888889 0.6909722222222222 0.07083333333333333 0.07291666666666667
1 0.18958333333333333 0.2265625 0.10972222222222222 0.11284722222222222
