2 0.12361111111111112 0.050347222222222224 0.07222222222222222 0.09722222222222222
2 0.10486111111111111 0.3836805555555556 0.08194444444444444 0.10416666666666667
2 0.4576388888888889 0.640625 0.08472222222222223 0.10416666666666667
2 0.5152777777777777 0.4322916666666667 0.07777777777777778 0.09027777777777778
2 0.9104166666666667 0.6909722222222222 0.07361111111111111 0.09375
2 0.9729166666666667 0.65625 0.05416666666666667 0.10416666666666667
2 0.9680555555555556 0.7447916666666666 0.06388888888888888 0.09027777777777778
2 0.35138888888888886 0.8671875 0.08055555555555556 0.0954861111111111
2 0.03263888888888889 0.8576388888888888 0.0625 0.09722222222222222
2 0.3548611111111111 0.2777777777777778 0.08194444444444444 0.09722222222222222
2 0.54375 0.3480902777777778 0.06527777777777778 0.0954861111111111
2 0.41180555555555554 0.11284722222222222 0.0625 0.08333333333333333
2 0.3277777777777778 0.1684027777777778 0.06944444444444445 0.08680555555555555
2 0.23819444444444443 0.2552083333333333 0.08472222222222223 0.08680555555555555
2 0.5243055555555556 0.2560763888888889 0.0763888888888889 0.109375
0 0.7736111111111111 0.5364583333333334 0.05277777777777778 0.08333333333333333
0 0.6361111111111111 0.7526041666666666 0.058333333333333334 0.08159722222222222
1 0.9590277777777778 0.1371527777777778 0.05416666666666667 0.0625
1 0.5222222222222223 0.13975694444444445 0.044444444444444446 0.06076388888888889
1 0.4847222222222222 0.13975694444444445 0.03888888888888889 0.057291666666666664
2 0.4930555555555556 0.5486111111111112 0.058333333333333334 0.0798611111111111
3 0.13819444444444445 0.9661458333333334 0.06527777777777778 0.0642361111111111
2 0.16805555555555557 0.7430555555555556 0.075 0.08333333333333333
2 0.6201388888888889 0.017361111111111112 0.06527777777777778 0.03125
2 0.3736111111111111 0.016493055555555556 0.04722222222222222 0.029513888888888888
7 0.47291666666666665 0.328125 0.0763888888888889 0.10069444444444445
7 0.3861111111111111 0.18663194444444445 0.08888888888888889 0.1232638888888889
7 0.5138888888888888 0.8880208333333334 0.058333333333333334 0.06076388888888889
2 0.5659722222222222 0.9791666666666666 0.06527777777777778 0.034722222222222224
