2 0.03333333333333333 0.09722222222222222 0.06388888888888888 0.09722222222222222
2 0.19583333333333333 0.11371527777777778 0.07777777777777778 0.10243055555555555
2 0.29583333333333334 0.1640625 0.09166666666666666 0.08159722222222222
2 0.34444444444444444 0.4453125 0.06944444444444445 0.11284722222222222
2 0.5256944444444445 0.3550347222222222 0.08194444444444444 0.08854166666666667
2 0.6701388888888888 0.4123263888888889 0.07361111111111111 0.10590277777777778
2 0.6875 0.5434027777777778 0.07222222222222222 0.125
2 0.8340277777777778 0.6006944444444444 0.06527777777777778 0.08680555555555555
2 0.8965277777777778 0.2222222222222222 0.07916666666666666 0.09027777777777778
2 0.8569444444444444 0.1345486111111111 0.075 0.10243055555555555
2 0.12013888888888889 0.4244791666666667 0.06527777777777778 0.08159722222222222
2 0.3888888888888889 0.625 0.075 0.10069444444444445
2 0.3034722222222222 0.7317708333333334 0.06805555555555555 0.078125
2 0.2569444444444444 0.7743055555555556 0.06944444444444445 0.09027777777777778
2 0.027083333333333334 0.3046875 0.05138888888888889 0.08854166666666667
0 0.049305555555555554 0.7039930555555556 0.0625 0.08159722222222222
0 0.38819444444444445 0.1328125 0.06805555555555555 0.08159722222222222
0 0.29583333333333334 0.08854166666666667 0.06388888888888888 0.0763888888888889
2 0.09236111111111112 0.3185763888888889 0.07361111111111111 0.07118055555555555
2 0.7152777777777778 0.6623263888888888 0.06388888888888888 0.0954861111111111
0 0.6979166666666666 0.71875 0.06527777777777778 0.0798611111111111
2 0.16041666666666668 0.030381944444444444 0.07361111111111111 0.057291666666666664
2 0.009722222222222222 0.2300347222222222 0.016666666666666666 0.06770833333333333
