2 0.34097222222222223 0.2951388888888889 0.06805555555555555 0.1111111111111111
2 0.2972222222222222 0.4765625 0.06666666666666667 0.0920138888888889
2 0.6152777777777778 0.3402777777777778 0.08611111111111111 0.09027777777777778
2 0.7347222222222223 0.3940972222222222 0.07222222222222222 0.09375
2 0.7388888888888889 0.4939236111111111 0.06388888888888888 0.08506944444444445
2 0.7368055555555556 0.6493055555555556 0.0763888888888889 0.09027777777777778
2 0.9097222222222222 0.7387152777777778 0.06944444444444445 0.08854166666666667
2 0.8444444444444444 0.7881944444444444 0.07222222222222222 0.09722222222222222
2 0.5659722222222222 0.8819444444444444 0.07916666666666666 0.0798611111111111
2 0.11944444444444445 0.4201388888888889 0.07222222222222222 0.10416666666666667
2 0.05694444444444444 0.4418402777777778 0.06666666666666667 0.0920138888888889
2 0.02013888888888889 0.2482638888888889 0.0375 0.09722222222222222
2 0.044444444444444446 0.6180555555555556 0.07222222222222222 0.09375
2 0.024305555555555556 0.6918402777777778 0.04583333333333333 0.0954861111111111
2 0.07430555555555556 0.8706597222222222 0.06527777777777778 0.10243055555555555
2 0.024305555555555556 0.9001736111111112 0.04583333333333333 0.08854166666666667
2 0.022916666666666665 0.7855902777777778 0.043055555555555555 0.08159722222222222
1 0.1798611111111111 0.3559027777777778 0.05416666666666667 0.07291666666666667
1 0.20972222222222223 0.5885416666666666 0.05 0.06944444444444445
1 0.5694444444444444 0.5789930555555556 0.044444444444444446 0.06770833333333333
1 0.55 0.203125 0.05 0.06944444444444445
1 0.8243055555555555 0.6553819444444444 0.04861111111111111 0.06770833333333333
2 0.5131944444444444 0.4201388888888889 0.0763888888888889 0.0798611111111111
1 0.6611111111111111 0.8229166666666666 0.05277777777777778 0.06944444444444445
1 0.1840277777777778 0.4618055555555556 0.05138888888888889 0.0625
1 0.21319444444444444 0.9097222222222222 0.05138888888888889 0.07291666666666667
1 0.5770833333333333 0.9765625 0.059722222222222225 0.043402777777777776
0 0.059722222222222225 0.9730902777777778 0.06388888888888888 0.03993055555555555
0 0.0125 0.5008680555555556 0.022222222222222223 0.078125
1 0.011805555555555555 0.9809027777777778 0.020833333333333332 0.03819444444444445
7 0.6041666666666666 0.8359375 0.03888888888888889 0.050347222222222224
2 0.8951388888888889 0.9730902777777778 0.05138888888888889 0.046875
