1 0.06805555555555555 0.06336805555555555 0.05 0.06076388888888889
1 0.3798611111111111 0.2309027777777778 0.05138888888888889 0.059027777777777776
1 0.24513888888888888 0.6041666666666666 0.05416666666666667 0.059027777777777776
1 0.6243055555555556 0.5746527777777778 0.0625 0.06597222222222222
1 0.8680555555555556 0.5928819444444444 0.05555555555555555 0.06770833333333333
1 0.5527777777777778 0.7578125 0.05555555555555555 0.06076388888888889
1 0.5229166666666667 0.8958333333333334 0.05416666666666667 0.0625
1 0.4534722222222222 0.9418402777777778 0.05416666666666667 0.06076388888888889
1 0.8645833333333334 0.8506944444444444 0.05138888888888889 0.06944444444444445
1 0.22152777777777777 0.034722222222222224 0.04583333333333333 0.06597222222222222
1 0.13125 0.026041666666666668 0.05138888888888889 0.04861111111111111
