2 0.14305555555555555 0.1032986111111111 0.06944444444444445 0.0920138888888889
2 0.07361111111111111 0.2760416666666667 0.06388888888888888 0.09027777777777778
2 0.3659722222222222 0.3567708333333333 0.0763888888888889 0.0954861111111111
2 0.825 0.3229166666666667 0.06388888888888888 0.08333333333333333
2 0.8993055555555556 0.4114583333333333 0.07361111111111111 0.08333333333333333
2 0.37430555555555556 0.5598958333333334 0.06527777777777778 0.10243055555555555
2 0.3298611111111111 0.6979166666666666 0.06805555555555555 0.1076388888888889
2 0.12430555555555556 0.7673611111111112 0.07916666666666666 0.08333333333333333
2 0.11736111111111111 0.9053819444444444 0.059722222222222225 0.08854166666666667
2 0.14305555555555555 0.6458333333333334 0.07222222222222222 0.08333333333333333
2 0.1673611111111111 0.5677083333333334 0.06527777777777778 0.08680555555555555
2 0.2652777777777778 0.1371527777777778 0.06111111111111111 0.0763888888888889
2 0.022222222222222223 0.057291666666666664 0.041666666666666664 0.10416666666666667
2 0.2763888888888889 0.8871527777777778 0.075 0.0763888888888889
2 0.044444444444444446 0.9175347222222222 0.06388888888888888 0.078125
0 0.42430555555555555 0.23958333333333334 0.059722222222222225 0.08333333333333333
2 0.15902777777777777 0.2777777777777778 0.059722222222222225 0.07291666666666667
2 0.029861111111111113 0.20572916666666666 0.04861111111111111 0.08159722222222222
2 0.6541666666666667 0.6970486111111112 0.06111111111111111 0.109375
2 0.9395833333333333 0.15364583333333334 0.059722222222222225 0.08159722222222222
2 0.8090277777777778 0.8611111111111112 0.0625 0.08680555555555555
2 0.6756944444444445 0.9270833333333334 0.07083333333333333 0.09027777777777778
1 0.6180555555555556 0.5703125 0.041666666666666664 0.05381944444444445
1 0.32430555555555557 0.06336805555555555 0.04583333333333333 0.05381944444444445
2 0.8215277777777777 0.2465277777777778 0.06805555555555555 0.09375
7 0.2423611111111111 0.9756944444444444 0.05416666666666667 0.03819444444444445
2 0.41597222222222224 0.013020833333333334 0.07361111111111111 0.022569444444444444
