0 0.63125 0.4609375 0.059722222222222225 0.08159722222222222
0 0.2791666666666667 0.3098958333333333 0.058333333333333334 0.08506944444444445
0 0.10416666666666667 0.3315972222222222 0.06111111111111111 0.0798611111111111
2 0.4305555555555556 0.3420138888888889 0.06388888888888888 0.09375
2 0.9125 0.18663194444444445 0.07222222222222222 0.0954861111111111
2 0.5333333333333333 0.7170138888888888 0.075 0.09027777777777778
2 0.8354166666666667 0.7517361111111112 0.07083333333333333 0.10416666666666667
2 0.5284722222222222 0.8315972222222222 0.0763888888888889 0.09375
2 0.46944444444444444 0.9322916666666666 0.06388888888888888 0.0798611111111111
2 0.22291666666666668 0.953125 0.06805555555555555 0.08680555555555555
2 0.19652777777777777 0.7847222222222222 0.0763888888888889 0.09722222222222222
2 0.11875 0.6744791666666666 0.06527777777777778 0.08506944444444445
2 0.044444444444444446 0.6388888888888888 0.06388888888888888 0.08680555555555555
2 0.9201388888888888 0.3697916666666667 0.06805555555555555 0.08680555555555555
0 0.7979166666666667 0.026041666666666668 0.05694444444444444 0.04861111111111111
1 0.5743055555555555 0.2855902777777778 0.04583333333333333 0.06076388888888889
0 0.9222222222222223 0.8151041666666666 0.058333333333333334 0.08506944444444445
1 0.9555555555555556 0.4201388888888889 0.044444444444444446 0.05555555555555555
2 0.4826388888888889 0.014756944444444444 0.06527777777777778 0.026041666666666668
2 0.38263888888888886 0.018229166666666668 0.07361111111111111 0.03298611111111111
0 0.5375 0.14149305555555555 0.058333333333333334 0.07465277777777778
3 0.8145833333333333 0.2847222222222222 0.04583333333333333 0.0625
1 0.018055555555555554 0.6223958333333334 0.03333333333333333 0.07118055555555555
