2 0.09375 0.1310763888888889 0.0625 0.0954861111111111
2 0.4597222222222222 0.4123263888888889 0.06944444444444445 0.08159722222222222
2 0.5118055555555555 0.4878472222222222 0.0625 0.08680555555555555
2 0.5194444444444445 0.7013888888888888 0.06111111111111111 0.10069444444444445
2 0.7145833333333333 0.6692708333333334 0.06805555555555555 0.10243055555555555
2 0.9215277777777777 0.8828125 0.0625 0.078125
2 0.9208333333333333 0.9609375 0.075 0.07465277777777778
2 0.9756944444444444 0.8029513888888888 0.04861111111111111 0.0920138888888889
2 0.5673611111111111 0.5902777777777778 0.07361111111111111 0.09375
0 0.5270833333333333 0.2230902777777778 0.0625 0.078125
0 0.225 0.2387152777777778 0.07222222222222222 0.07465277777777778
2 0.7208333333333333 0.11284722222222222 0.06111111111111111 0.07291666666666667
2 0.11944444444444445 0.2994791666666667 0.08888888888888889 0.08506944444444445
2 0.7763888888888889 0.0234375 0.058333333333333334 0.043402777777777776
2 0.6027777777777777 0.7491319444444444 0.06944444444444445 0.0954861111111111
2 0.9756944444444444 0.96875 0.04861111111111111 0.059027777777777776
1 0.8548611111111111 0.9704861111111112 0.04583333333333333 0.04861111111111111
1 0.7416666666666667 0.2595486111111111 0.041666666666666664 0.06076388888888889
1 0.41805555555555557 0.17881944444444445 0.044444444444444446 0.05555555555555555
2 0.5090277777777777 0.020833333333333332 0.05694444444444444 0.03819444444444445
2 0.4527777777777778 0.020833333333333332 0.06111111111111111 0.03819444444444445
2 0.9854166666666667 0.1189236111111111 0.029166666666666667 0.078125
0 0.9861111111111112 0.2421875 0.027777777777777776 0.08159722222222222
1 0.13958333333333334 0.359375 0.05138888888888889 0.06597222222222222
1 0.1798611111111111 0.3567708333333333 0.05416666666666667 0.06076388888888889
7 0.17916666666666667 0.3923611111111111 0.05277777777777778 0.059027777777777776
1 0.15138888888888888 0.4088541666666667 0.05277777777777778 0.050347222222222224
1 0.008333333333333333 0.4305555555555556 0.013888888888888888 0.052083333333333336
2 0.5326388888888889 0.3784722222222222 0.05694444444444444 0.09027777777777778
