0 0.5986111111111111 0.0720486111111111 0.075 0.078125
0 0.8152777777777778 0.03819444444444445 0.06388888888888888 0.07291666666666667
0 0.9152777777777777 0.3663194444444444 0.06944444444444445 0.0798611111111111
0 0.7090277777777778 0.3402777777777778 0.05416666666666667 0.0798611111111111
0 0.3 0.3046875 0.06666666666666667 0.08854166666666667
0 0.4284722222222222 0.6510416666666666 0.0625 0.08680555555555555
0 0.1375 0.08159722222222222 0.07222222222222222 0.11805555555555555
0 0.06388888888888888 0.8845486111111112 0.07777777777777778 0.09895833333333333
0 0.9784722222222222 0.7439236111111112 0.043055555555555555 0.13020833333333334
2 0.6291666666666667 0.4809027777777778 0.06388888888888888 0.08680555555555555
1 0.13819444444444445 0.4670138888888889 0.05694444444444444 0.0763888888888889
0 0.019444444444444445 0.6475694444444444 0.03611111111111111 0.11458333333333333
2 0.1 0.2387152777777778 0.075 0.1267361111111111
1 0.1736111111111111 0.3802083333333333 0.05555555555555555 0.0625
7 0.6111111111111112 0.6701388888888888 0.058333333333333334 0.0763888888888889
7 0.8701388888888889 0.8758680555555556 0.05138888888888889 0.06770833333333333
1 0.3111111111111111 0.9670138888888888 0.05 0.05555555555555555
0 0.011805555555555555 0.7899305555555556 0.020833333333333332 0.08680555555555555
7 0.01875 0.20833333333333334 0.034722222222222224 0.08333333333333333
7 0.5 0.026041666666666668 0.05555555555555555 0.04861111111111111
7 0.5618055555555556 0.022569444444444444 0.05138888888888889 0.041666666666666664
