0 0.2590277777777778 0.3298611111111111 0.06527777777777778 0.09027777777777778
0 0.2986111111111111 0.3802083333333333 0.06666666666666667 0.08333333333333333
0 0.25833333333333336 0.4704861111111111 0.08055555555555556 0.08333333333333333
0 0.22777777777777777 0.5980902777777778 0.06944444444444445 0.08506944444444445
0 0.26666666666666666 0.7196180555555556 0.06944444444444445 0.0954861111111111
0 0.3326388888888889 0.7213541666666666 0.0625 0.109375
0 0.7076388888888889 0.3237847222222222 0.0625 0.08159722222222222
0 0.5777777777777777 0.15538194444444445 0.07777777777777778 0.08506944444444445
0 0.5423611111111111 0.08680555555555555 0.06527777777777778 0.08680555555555555
0 0.6326388888888889 0.03993055555555555 0.07083333333333333 0.0763888888888889
0 0.7020833333333333 0.4418402777777778 0.06805555555555555 0.07465277777777778
0 0.6416666666666667 0.6119791666666666 0.06666666666666667 0.10243055555555555
0 0.7409722222222223 0.8723958333333334 0.059722222222222225 0.08159722222222222
0 0.8194444444444444 0.9079861111111112 0.075 0.1076388888888889
0 0.9722222222222222 0.640625 0.05555555555555555 0.09375
0 0.9472222222222222 0.4262152777777778 0.06944444444444445 0.11284722222222222
7 0.03194444444444444 0.21180555555555555 0.06111111111111111 0.09375
7 0.15833333333333333 0.4583333333333333 0.06388888888888888 0.08333333333333333
7 0.3013888888888889 0.8046875 0.06388888888888888 0.07465277777777778
7 0.3055555555555556 0.8550347222222222 0.06111111111111111 0.07118055555555555
7 0.49722222222222223 0.5989583333333334 0.05277777777777778 0.06944444444444445
7 0.5541666666666667 0.3159722222222222 0.04722222222222222 0.06944444444444445
7 0.5743055555555555 0.052083333333333336 0.0875 0.10069444444444445
7 0.4798611111111111 0.1310763888888889 0.05138888888888889 0.07118055555555555
7 0.7479166666666667 0.6163194444444444 0.05138888888888889 0.0763888888888889
7 0.59375 0.8776041666666666 0.06527777777777778 0.07465277777777778
7 0.5333333333333333 0.8932291666666666 0.04722222222222222 0.06076388888888889
7 0.32222222222222224 0.9279513888888888 0.05277777777777778 0.07465277777777778
0 0.6847222222222222 0.9696180555555556 0.075 0.057291666666666664
7 0.9847222222222223 0.4869791666666667 0.030555555555555555 0.109375
