0 0.4951388888888889 0.1328125 0.07361111111111111 0.0954861111111111
1 0.12569444444444444 0.2621527777777778 0.05416666666666667 0.0625
0 0.9548611111111112 0.578125 0.05416666666666667 0.0763888888888889
0 0.1527777777777778 0.8506944444444444 0.044444444444444446 0.059027777777777776
7 0.029166666666666667 0.5755208333333334 0.05555555555555555 0.10243055555555555
0 0.10972222222222222 0.1423611111111111 0.058333333333333334 0.08680555555555555
7 0.79375 0.2803819444444444 0.04583333333333333 0.050347222222222224
0 0.9819444444444444 0.20225694444444445 0.03611111111111111 0.07465277777777778
7 0.32708333333333334 0.24479166666666666 0.06527777777777778 0.08680555555555555
1 0.06736111111111111 0.8446180555555556 0.04861111111111111 0.06076388888888889
7 0.2923611111111111 0.5651041666666666 0.04583333333333333 0.057291666666666664
7 0.6319444444444444 0.8784722222222222 0.044444444444444446 0.05555555555555555
7 0.6006944444444444 0.9635416666666666 0.04583333333333333 0.0625
7 0.5916666666666667 0.8680555555555556 0.044444444444444446 0.0625
0 0.6326388888888889 0.7586805555555556 0.05416666666666667 0.07291666666666667
0 0.6534722222222222 0.6953125 0.04861111111111111 0.07118055555555555
0 0.6104166666666667 0.6883680555555556 0.04861111111111111 0.078125
