1 0.15902777777777777 0.0763888888888889 0.04861111111111111 0.0625
1 0.30694444444444446 0.09635416666666667 0.058333333333333334 0.06076388888888889
1 0.33611111111111114 0.15364583333333334 0.05 0.06076388888888889
1 0.47638888888888886 0.14149305555555555 0.06666666666666667 0.0642361111111111
1 0.3298611111111111 0.2769097222222222 0.05416666666666667 0.06076388888888889
1 0.21458333333333332 0.2144097222222222 0.059722222222222225 0.0642361111111111
1 0.14097222222222222 0.24739583333333334 0.04861111111111111 0.057291666666666664
1 0.23680555555555555 0.3012152777777778 0.04583333333333333 0.06076388888888889
1 0.1909722222222222 0.3038194444444444 0.043055555555555555 0.06944444444444445
1 0.06458333333333334 0.4331597222222222 0.05694444444444444 0.06770833333333333
1 0.15069444444444444 0.5147569444444444 0.059722222222222225 0.078125
1 0.11875 0.6579861111111112 0.05416666666666667 0.0625
1 0.1763888888888889 0.6996527777777778 0.05 0.06944444444444445
1 0.24930555555555556 0.7074652777777778 0.05138888888888889 0.06770833333333333
1 0.3423611111111111 0.625 0.04583333333333333 0.07291666666666667
1 0.34097222222222223 0.4791666666666667 0.04861111111111111 0.0763888888888889
1 0.03194444444444444 0.7421875 0.041666666666666664 0.057291666666666664
1 0.09097222222222222 0.9366319444444444 0.05416666666666667 0.057291666666666664
1 0.26805555555555555 0.9071180555555556 0.06388888888888888 0.07465277777777778
1 0.39444444444444443 0.7291666666666666 0.05 0.06597222222222222
1 0.49444444444444446 0.6553819444444444 0.06666666666666667 0.078125
1 0.6319444444444444 0.75 0.05277777777777778 0.06597222222222222
1 0.5458333333333333 0.859375 0.05555555555555555 0.05555555555555555
1 0.4111111111111111 0.421875 0.041666666666666664 0.052083333333333336
1 0.46875 0.3029513888888889 0.05416666666666667 0.057291666666666664
1 0.45416666666666666 0.3880208333333333 0.04722222222222222 0.057291666666666664
1 0.49236111111111114 0.4618055555555556 0.043055555555555555 0.052083333333333336
1 0.68125 0.2170138888888889 0.05416666666666667 0.0625
1 0.7395833333333334 0.3697916666666667 0.05416666666666667 0.0763888888888889
1 0.8284722222222223 0.2282986111111111 0.05416666666666667 0.06076388888888889
1 0.8819444444444444 0.2517361111111111 0.05 0.05555555555555555
1 0.8944444444444445 0.03298611111111111 0.058333333333333334 0.0625
1 0.8284722222222223 0.3368055555555556 0.05694444444444444 0.06944444444444445
1 0.9347222222222222 0.4496527777777778 0.05 0.06597222222222222
1 0.8506944444444444 0.3967013888888889 0.04861111111111111 0.057291666666666664
1 0.8013888888888889 0.5581597222222222 0.05277777777777778 0.06076388888888889
1 0.69375 0.6727430555555556 0.04583333333333333 0.06076388888888889
1 0.8340277777777778 0.8506944444444444 0.043055555555555555 0.05555555555555555
1 0.7909722222222222 0.8776041666666666 0.043055555555555555 0.06076388888888889
1 0.9659722222222222 0.8671875 0.04861111111111111 0.057291666666666664
