1 0.07013888888888889 0.1796875 0.04583333333333333 0.06076388888888889
1 0.2111111111111111 0.15711805555555555 0.05277777777777778 0.06076388888888889
1 0.35138888888888886 0.03732638888888889 0.058333333333333334 0.06076388888888889
1 0.54375 0.06944444444444445 0.04583333333333333 0.05555555555555555
1 0.6631944444444444 0.1189236111111111 0.05138888888888889 0.050347222222222224
1 0.9381944444444444 0.057291666666666664 0.04583333333333333 0.0625
1 0.9694444444444444 0.1519097222222222 0.05 0.0642361111111111
1 0.7826388888888889 0.3046875 0.043055555555555555 0.06076388888888889
1 0.6694444444444444 0.20399305555555555 0.041666666666666664 0.06076388888888889
1 0.6868055555555556 0.2881944444444444 0.04583333333333333 0.059027777777777776
1 0.75 0.3741319444444444 0.05277777777777778 0.07118055555555555
1 0.8965277777777778 0.5104166666666666 0.04583333333333333 0.059027777777777776
1 0.7944444444444444 0.5998263888888888 0.044444444444444446 0.06076388888888889
1 0.9729166666666667 0.9383680555555556 0.04861111111111111 0.07465277777777778
1 0.8430555555555556 0.9435763888888888 0.05277777777777778 0.0642361111111111
1 0.7347222222222223 0.8880208333333334 0.04722222222222222 0.057291666666666664
1 0.6951388888888889 0.7543402777777778 0.04583333333333333 0.057291666666666664
1 0.37916666666666665 0.14322916666666666 0.058333333333333334 0.06770833333333333
1 0.4375 0.21961805555555555 0.041666666666666664 0.05381944444444445
1 0.5368055555555555 0.3524305555555556 0.0375 0.06597222222222222
1 0.29791666666666666 0.2751736111111111 0.04027777777777778 0.057291666666666664
1 0.11875 0.2690972222222222 0.04861111111111111 0.05555555555555555
1 0.28125 0.4409722222222222 0.04583333333333333 0.0625
1 0.2326388888888889 0.4835069444444444 0.04583333333333333 0.057291666666666664
1 0.3875 0.6171875 0.044444444444444446 0.0642361111111111
1 0.40625 0.7699652777777778 0.05138888888888889 0.0642361111111111
1 0.2423611111111111 0.7821180555555556 0.059722222222222225 0.078125
1 0.3236111111111111 0.8871527777777778 0.044444444444444446 0.059027777777777776
1 0.12361111111111112 0.4878472222222222 0.044444444444444446 0.05555555555555555
1 0.14027777777777778 0.5477430555555556 0.041666666666666664 0.05381944444444445
1 0.5006944444444444 0.3940972222222222 0.04583333333333333 0.05555555555555555
