0 0.8555555555555555 0.3880208333333333 0.06388888888888888 0.09895833333333333
0 0.14930555555555555 0.1154513888888889 0.08194444444444444 0.08506944444444445
0 0.5694444444444444 0.7821180555555556 0.058333333333333334 0.078125
0 0.49444444444444446 0.4661458333333333 0.05555555555555555 0.078125
7 0.7819444444444444 0.3559027777777778 0.07222222222222222 0.08333333333333333
1 0.8743055555555556 0.5729166666666666 0.05138888888888889 0.06944444444444445
7 0.3486111111111111 0.671875 0.05277777777777778 0.06944444444444445
7 0.4722222222222222 0.3498263888888889 0.04722222222222222 0.057291666666666664
7 0.04513888888888889 0.4461805555555556 0.043055555555555555 0.059027777777777776
7 0.8715277777777778 0.1371527777777778 0.07083333333333333 0.08680555555555555
7 0.8125 0.2543402777777778 0.1638888888888889 0.1684027777777778
1 0.7243055555555555 0.3072916666666667 0.043055555555555555 0.0625
7 0.39861111111111114 0.9756944444444444 0.058333333333333334 0.03819444444444445
7 0.5236111111111111 0.9522569444444444 0.075 0.07118055555555555
7 0.33125 0.9800347222222222 0.043055555555555555 0.036458333333333336
7 0.9472222222222222 0.9348958333333334 0.08055555555555556 0.1267361111111111
7 0.68125 0.4835069444444444 0.03194444444444444 0.043402777777777776
7 0.24722222222222223 0.8732638888888888 0.09444444444444444 0.09722222222222222
