0 0.6173611111111111 0.1640625 0.0625 0.109375
0 0.8756944444444444 0.3715277777777778 0.0625 0.0763888888888889
0 0.8333333333333334 0.484375 0.05555555555555555 0.06597222222222222
0 0.9291666666666667 0.5407986111111112 0.06111111111111111 0.08159722222222222
0 0.8416666666666667 0.5711805555555556 0.06388888888888888 0.08333333333333333
0 0.0798611111111111 0.7092013888888888 0.0625 0.08506944444444445
0 0.2013888888888889 0.8741319444444444 0.07222222222222222 0.08854166666666667
0 0.2965277777777778 0.9618055555555556 0.06805555555555555 0.06597222222222222
0 0.31527777777777777 0.5911458333333334 0.06388888888888888 0.07465277777777778
0 0.3770833333333333 0.5659722222222222 0.0763888888888889 0.1076388888888889
0 0.13194444444444445 0.4105902777777778 0.05 0.07118055555555555
0 0.04097222222222222 0.11024305555555555 0.059722222222222225 0.0954861111111111
1 0.28402777777777777 0.7517361111111112 0.05138888888888889 0.06944444444444445
7 0.034027777777777775 0.3411458333333333 0.04861111111111111 0.07118055555555555
7 0.029861111111111113 0.5842013888888888 0.05694444444444444 0.09895833333333333
7 0.3416666666666667 0.2890625 0.06111111111111111 0.07465277777777778
7 0.5375 0.5512152777777778 0.03611111111111111 0.050347222222222224
7 0.6826388888888889 0.5512152777777778 0.05416666666666667 0.046875
7 0.8375 0.6588541666666666 0.05 0.07118055555555555
7 0.9166666666666666 0.13194444444444445 0.07222222222222222 0.08680555555555555
7 0.8493055555555555 0.022569444444444444 0.04861111111111111 0.041666666666666664
7 0.09097222222222222 0.84375 0.06527777777777778 0.08680555555555555
