1 0.14027777777777778 0.13975694444444445 0.04722222222222222 0.06770833333333333
1 0.12986111111111112 0.2673611111111111 0.059722222222222225 0.06597222222222222
1 0.1125 0.6371527777777778 0.06388888888888888 0.05555555555555555
1 0.035416666666666666 0.6449652777777778 0.04861111111111111 0.06770833333333333
1 0.06041666666666667 0.7543402777777778 0.05416666666666667 0.06770833333333333
1 0.12013888888888889 0.7430555555555556 0.04861111111111111 0.06597222222222222
1 0.10694444444444444 0.8420138888888888 0.04722222222222222 0.059027777777777776
1 0.2625 0.8315972222222222 0.05277777777777778 0.06944444444444445
1 0.29583333333333334 0.6536458333333334 0.041666666666666664 0.06076388888888889
1 0.3416666666666667 0.4696180555555556 0.044444444444444446 0.057291666666666664
1 0.4756944444444444 0.2170138888888889 0.043055555555555555 0.059027777777777776
1 0.8118055555555556 0.029513888888888888 0.04583333333333333 0.05555555555555555
1 0.8263888888888888 0.2725694444444444 0.05277777777777778 0.05555555555555555
1 0.7263888888888889 0.2673611111111111 0.04722222222222222 0.05555555555555555
1 0.7125 0.16145833333333334 0.04722222222222222 0.0625
1 0.5305555555555556 0.5190972222222222 0.06111111111111111 0.07291666666666667
1 0.6138888888888889 0.5998263888888888 0.05555555555555555 0.06770833333333333
1 0.4354166666666667 0.6388888888888888 0.043055555555555555 0.052083333333333336
1 0.4722222222222222 0.7421875 0.05277777777777778 0.057291666666666664
1 0.8118055555555556 0.8168402777777778 0.0625 0.078125
1 0.8951388888888889 0.9123263888888888 0.05416666666666667 0.07118055555555555
1 0.9604166666666667 0.8993055555555556 0.04583333333333333 0.06597222222222222
1 0.475 0.8723958333333334 0.04722222222222222 0.057291666666666664
1 0.5534722222222223 0.7395833333333334 0.05416666666666667 0.06944444444444445
1 0.4076388888888889 0.8628472222222222 0.04583333333333333 0.05555555555555555
1 0.40625 0.6901041666666666 0.043055555555555555 0.06770833333333333
1 0.7430555555555556 0.6710069444444444 0.058333333333333334 0.07465277777777778
1 0.5270833333333333 0.671875 0.05138888888888889 0.0625
