1 0.15625 0.3307291666666667 0.04861111111111111 0.06770833333333333
1 0.21597222222222223 0.4513888888888889 0.04583333333333333 0.05555555555555555
1 0.12638888888888888 0.4487847222222222 0.06111111111111111 0.0642361111111111
1 0.12013888888888889 0.5095486111111112 0.0625 0.06076388888888889
1 0.35138888888888886 0.5355902777777778 0.05 0.0642361111111111
1 0.18055555555555555 0.9045138888888888 0.05277777777777778 0.0625
1 0.38819444444444445 0.08506944444444445 0.04861111111111111 0.06597222222222222
1 0.47638888888888886 0.0390625 0.05 0.057291666666666664
1 0.5131944444444444 0.12065972222222222 0.05416666666666667 0.0642361111111111
1 0.39166666666666666 0.3489583333333333 0.04722222222222222 0.059027777777777776
1 0.3861111111111111 0.25 0.03611111111111111 0.052083333333333336
1 0.40902777777777777 0.3003472222222222 0.05138888888888889 0.05555555555555555
1 0.475 0.4739583333333333 0.05 0.0625
1 0.6340277777777777 0.2404513888888889 0.04861111111111111 0.06076388888888889
1 0.7027777777777777 0.1753472222222222 0.058333333333333334 0.06597222222222222
1 0.9326388888888889 0.2126736111111111 0.04861111111111111 0.0642361111111111
1 0.8486111111111111 0.3506944444444444 0.05555555555555555 0.06597222222222222
1 0.95 0.5060763888888888 0.05277777777777778 0.06770833333333333
1 0.5881944444444445 0.8888888888888888 0.059722222222222225 0.06944444444444445
1 0.65 0.9479166666666666 0.041666666666666664 0.052083333333333336
1 0.7631944444444444 0.4383680555555556 0.05138888888888889 0.06076388888888889
1 0.8875 0.4149305555555556 0.05 0.06944444444444445
