0 0.6243055555555556 0.1328125 0.07361111111111111 0.08854166666666667
0 0.058333333333333334 0.2361111111111111 0.08888888888888889 0.11458333333333333
0 0.0625 0.4869791666666667 0.07222222222222222 0.109375
1 0.4479166666666667 0.4036458333333333 0.04861111111111111 0.0642361111111111
1 0.5979166666666667 0.9409722222222222 0.05694444444444444 0.06597222222222222
1 0.9388888888888889 0.5442708333333334 0.05 0.078125
7 0.014583333333333334 0.2612847222222222 0.02638888888888889 0.078125
7 0.022916666666666665 0.15885416666666666 0.043055555555555555 0.06076388888888889
7 0.5201388888888889 0.14149305555555555 0.05138888888888889 0.0954861111111111
7 0.4652777777777778 0.2907986111111111 0.044444444444444446 0.057291666666666664
7 0.4486111111111111 0.7282986111111112 0.09722222222222222 0.09895833333333333
7 0.6048611111111111 0.7699652777777778 0.08472222222222223 0.10243055555555555
7 0.6909722222222222 0.8307291666666666 0.0763888888888889 0.0954861111111111
7 0.5513888888888889 0.8038194444444444 0.03888888888888889 0.059027777777777776
7 0.49722222222222223 0.8984375 0.075 0.09895833333333333
7 0.41944444444444445 0.9644097222222222 0.10277777777777777 0.0642361111111111
7 0.8791666666666667 0.6701388888888888 0.05555555555555555 0.06597222222222222
7 0.8993055555555556 0.8168402777777778 0.05138888888888889 0.06076388888888889
7 0.9680555555555556 0.3402777777777778 0.04722222222222222 0.05555555555555555
7 0.95625 0.5920138888888888 0.0875 0.08333333333333333
7 0.07916666666666666 0.2881944444444444 0.041666666666666664 0.04513888888888889
7 0.6520833333333333 0.4184027777777778 0.08472222222222223 0.08680555555555555
