1 0.16041666666666668 0.3506944444444444 0.043055555555555555 0.059027777777777776
1 0.30277777777777776 0.18229166666666666 0.044444444444444446 0.07291666666666667
1 0.40902777777777777 0.1909722222222222 0.05138888888888889 0.059027777777777776
1 0.5277777777777778 0.12152777777777778 0.04722222222222222 0.0625
1 0.7743055555555556 0.1892361111111111 0.043055555555555555 0.059027777777777776
1 0.8340277777777778 0.3663194444444444 0.059722222222222225 0.06944444444444445
1 0.9576388888888889 0.5225694444444444 0.04583333333333333 0.059027777777777776
1 0.6 0.3394097222222222 0.05 0.057291666666666664
1 0.4652777777777778 0.3402777777777778 0.044444444444444446 0.0625
1 0.22430555555555556 0.3828125 0.04027777777777778 0.0642361111111111
1 0.28680555555555554 0.4331597222222222 0.04027777777777778 0.05381944444444445
1 0.09930555555555555 0.546875 0.043055555555555555 0.0625
1 0.09652777777777778 0.7864583333333334 0.05138888888888889 0.059027777777777776
1 0.09861111111111111 0.875 0.058333333333333334 0.07291666666666667
1 0.20277777777777778 0.8697916666666666 0.044444444444444446 0.0625
1 0.2951388888888889 0.6979166666666666 0.05416666666666667 0.06597222222222222
1 0.2673611111111111 0.8229166666666666 0.04583333333333333 0.059027777777777776
1 0.3486111111111111 0.7951388888888888 0.05 0.06597222222222222
1 0.3625 0.9609375 0.041666666666666664 0.050347222222222224
1 0.5125 0.9505208333333334 0.04722222222222222 0.06076388888888889
1 0.6090277777777777 0.9088541666666666 0.05138888888888889 0.0642361111111111
1 0.48333333333333334 0.7621527777777778 0.044444444444444446 0.059027777777777776
1 0.4666666666666667 0.6545138888888888 0.04722222222222222 0.0625
1 0.41388888888888886 0.4782986111111111 0.06944444444444445 0.07465277777777778
1 0.5534722222222223 0.5026041666666666 0.05416666666666667 0.07465277777777778
1 0.7777777777777778 0.6692708333333334 0.044444444444444446 0.057291666666666664
1 0.7944444444444444 0.7725694444444444 0.044444444444444446 0.059027777777777776
1 0.7520833333333333 0.8489583333333334 0.05416666666666667 0.0625
1 0.6854166666666667 0.9279513888888888 0.04027777777777778 0.06770833333333333
1 0.7701388888888889 0.9348958333333334 0.04583333333333333 0.057291666666666664
