0 0.6493055555555556 0.4383680555555556 0.05416666666666667 0.08159722222222222
0 0.5368055555555555 0.4392361111111111 0.0625 0.09027777777777778
0 0.9680555555555556 0.4635416666666667 0.06111111111111111 0.08680555555555555
0 0.4013888888888889 0.6814236111111112 0.08611111111111111 0.08506944444444445
0 0.49375 0.75 0.059722222222222225 0.09375
0 0.05763888888888889 0.890625 0.059722222222222225 0.08333333333333333
0 0.31666666666666665 0.4366319444444444 0.04722222222222222 0.06076388888888889
0 0.5958333333333333 0.4539930555555556 0.05277777777777778 0.057291666666666664
0 0.5826388888888889 0.6328125 0.06527777777777778 0.10243055555555555
1 0.5986111111111111 0.03298611111111111 0.04722222222222222 0.0625
7 0.31319444444444444 0.515625 0.04027777777777778 0.05555555555555555
7 0.46805555555555556 0.5251736111111112 0.08888888888888889 0.11979166666666667
7 0.5 0.6692708333333334 0.07777777777777778 0.08159722222222222
7 0.35347222222222224 0.9227430555555556 0.059722222222222225 0.11979166666666667
7 0.5083333333333333 0.9722222222222222 0.06388888888888888 0.04513888888888889
7 0.9416666666666667 0.5381944444444444 0.05277777777777778 0.06597222222222222
7 0.5895833333333333 0.3237847222222222 0.0375 0.043402777777777776
1 0.48680555555555555 0.4453125 0.04583333333333333 0.06076388888888889
7 0.5354166666666667 0.03298611111111111 0.06805555555555555 0.0625
7 0.6069444444444444 0.4114583333333333 0.041666666666666664 0.059027777777777776
