1 0.06180555555555556 0.12760416666666666 0.05694444444444444 0.07465277777777778
1 0.17083333333333334 0.1623263888888889 0.05 0.06076388888888889
1 0.07847222222222222 0.2248263888888889 0.0625 0.06770833333333333
1 0.15902777777777777 0.4713541666666667 0.05416666666666667 0.06076388888888889
1 0.0763888888888889 0.5720486111111112 0.05555555555555555 0.07118055555555555
1 0.09861111111111111 0.6762152777777778 0.05 0.06076388888888889
1 0.4701388888888889 0.06510416666666667 0.059722222222222225 0.057291666666666664
1 0.4534722222222222 0.17881944444444445 0.05138888888888889 0.0625
1 0.6951388888888889 0.026909722222222224 0.04583333333333333 0.050347222222222224
1 0.8256944444444444 0.2109375 0.04861111111111111 0.0642361111111111
1 0.8541666666666666 0.3402777777777778 0.05 0.06597222222222222
1 0.5694444444444444 0.3385416666666667 0.05555555555555555 0.0625
1 0.6444444444444445 0.3203125 0.05 0.06076388888888889
1 0.3736111111111111 0.3151041666666667 0.044444444444444446 0.05381944444444445
1 0.43472222222222223 0.4774305555555556 0.05555555555555555 0.0625
1 0.32013888888888886 0.4939236111111111 0.04861111111111111 0.057291666666666664
1 0.3659722222222222 0.5364583333333334 0.043055555555555555 0.05555555555555555
1 0.7694444444444445 0.4427083333333333 0.041666666666666664 0.05555555555555555
1 0.7923611111111111 0.4947916666666667 0.04861111111111111 0.059027777777777776
1 0.7347222222222223 0.5850694444444444 0.04722222222222222 0.05555555555555555
1 0.7881944444444444 0.6579861111111112 0.05138888888888889 0.06597222222222222
1 0.6270833333333333 0.5616319444444444 0.0375 0.057291666666666664
