0 0.07916666666666666 0.23177083333333334 0.06111111111111111 0.078125
0 0.41041666666666665 0.15104166666666666 0.07083333333333333 0.08680555555555555
0 0.7986111111111112 0.484375 0.07222222222222222 0.11805555555555555
0 0.8645833333333334 0.2387152777777778 0.05138888888888889 0.07465277777777778
0 0.9722222222222222 0.3723958333333333 0.05555555555555555 0.0954861111111111
0 0.8861111111111111 0.1527777777777778 0.058333333333333334 0.08333333333333333
0 0.07430555555555556 0.6953125 0.06527777777777778 0.08854166666666667
0 0.058333333333333334 0.765625 0.058333333333333334 0.0763888888888889
0 0.5125 0.9652777777777778 0.058333333333333334 0.06597222222222222
0 0.32569444444444445 0.1597222222222222 0.05138888888888889 0.0763888888888889
1 0.4583333333333333 0.3159722222222222 0.04722222222222222 0.06597222222222222
1 0.20833333333333334 0.4348958333333333 0.05555555555555555 0.07465277777777778
1 0.125 0.7708333333333334 0.05555555555555555 0.07291666666666667
7 0.6277777777777778 0.609375 0.07222222222222222 0.1076388888888889
7 0.36875 0.4826388888888889 0.05694444444444444 0.059027777777777776
7 0.4576388888888889 0.4305555555555556 0.04583333333333333 0.05555555555555555
7 0.4826388888888889 0.12586805555555555 0.059722222222222225 0.07118055555555555
7 0.5076388888888889 0.06770833333333333 0.05138888888888889 0.06944444444444445
7 0.6180555555555556 0.1032986111111111 0.04722222222222222 0.08506944444444445
7 0.6916666666666667 0.12413194444444445 0.05277777777777778 0.07465277777777778
7 0.8868055555555555 0.7248263888888888 0.04861111111111111 0.06076388888888889
7 0.8826388888888889 0.8975694444444444 0.06805555555555555 0.09375
7 0.5638888888888889 0.7005208333333334 0.041666666666666664 0.0642361111111111
7 0.5972222222222222 0.9774305555555556 0.06388888888888888 0.034722222222222224
