0 0.46458333333333335 0.21180555555555555 0.05694444444444444 0.08333333333333333
0 0.7541666666666667 0.6536458333333334 0.05555555555555555 0.07118055555555555
0 0.09652777777777778 0.1449652777777778 0.059722222222222225 0.07465277777777778
0 0.09097222222222222 0.4470486111111111 0.0625 0.10243055555555555
0 0.16180555555555556 0.5607638888888888 0.059722222222222225 0.0763888888888889
0 0.08402777777777778 0.6519097222222222 0.059722222222222225 0.08854166666666667
0 0.2763888888888889 0.2899305555555556 0.06944444444444445 0.09722222222222222
0 0.7701388888888889 0.11284722222222222 0.06805555555555555 0.09722222222222222
1 0.30486111111111114 0.15625 0.06527777777777778 0.0625
1 0.20833333333333334 0.7248263888888888 0.03888888888888889 0.057291666666666664
7 0.21805555555555556 0.5182291666666666 0.03888888888888889 0.06076388888888889
7 0.5326388888888889 0.4574652777777778 0.059722222222222225 0.08506944444444445
7 0.03611111111111111 0.4973958333333333 0.06944444444444445 0.08159722222222222
7 0.29791666666666666 0.10503472222222222 0.09583333333333334 0.07465277777777778
1 0.4048611111111111 0.07465277777777778 0.04027777777777778 0.052083333333333336
7 0.8152777777777778 0.5572916666666666 0.06388888888888888 0.09375
7 0.7951388888888888 0.4696180555555556 0.04583333333333333 0.057291666666666664
