1 0.027777777777777776 0.10243055555555555 0.05277777777777778 0.06944444444444445
1 0.22847222222222222 0.03819444444444445 0.05416666666666667 0.06597222222222222
1 0.28888888888888886 0.1545138888888889 0.058333333333333334 0.06597222222222222
1 0.3388888888888889 0.1015625 0.03888888888888889 0.057291666666666664
1 0.18125 0.10503472222222222 0.043055555555555555 0.057291666666666664
1 0.15486111111111112 0.1953125 0.05416666666666667 0.06076388888888889
1 0.13055555555555556 0.1111111111111111 0.058333333333333334 0.06597222222222222
1 0.15625 0.3211805555555556 0.05694444444444444 0.07291666666666667
1 0.14097222222222222 0.4210069444444444 0.04861111111111111 0.0642361111111111
1 0.049305555555555554 0.4904513888888889 0.05138888888888889 0.06770833333333333
1 0.2111111111111111 0.6189236111111112 0.05277777777777778 0.06076388888888889
1 0.26319444444444445 0.7395833333333334 0.04861111111111111 0.0625
1 0.15069444444444444 0.7760416666666666 0.04861111111111111 0.0625
1 0.30416666666666664 0.8967013888888888 0.05 0.0642361111111111
1 0.6402777777777777 0.036458333333333336 0.044444444444444446 0.059027777777777776
1 0.5430555555555555 0.23524305555555555 0.05555555555555555 0.07465277777777778
1 0.8013888888888889 0.15625 0.05277777777777778 0.0625
1 0.9388888888888889 0.12586805555555555 0.044444444444444446 0.057291666666666664
1 0.7659722222222223 0.3090277777777778 0.04861111111111111 0.06597222222222222
1 0.5798611111111112 0.3229166666666667 0.04583333333333333 0.0625
1 0.6277777777777778 0.3064236111111111 0.04722222222222222 0.0642361111111111
1 0.6729166666666667 0.3663194444444444 0.04583333333333333 0.05555555555555555
1 0.48125 0.1501736111111111 0.05416666666666667 0.06076388888888889
1 0.47847222222222224 0.3914930555555556 0.04861111111111111 0.057291666666666664
1 0.5736111111111111 0.5590277777777778 0.04722222222222222 0.0625
1 0.8979166666666667 0.3923611111111111 0.04583333333333333 0.06597222222222222
1 0.9305555555555556 0.4835069444444444 0.05277777777777778 0.078125
1 0.8513888888888889 0.6006944444444444 0.05555555555555555 0.06597222222222222
1 0.78125 0.6744791666666666 0.05138888888888889 0.06076388888888889
1 0.6881944444444444 0.8159722222222222 0.04861111111111111 0.06597222222222222
1 0.5027777777777778 0.7717013888888888 0.04722222222222222 0.057291666666666664
1 0.7958333333333333 0.8263888888888888 0.05277777777777778 0.06944444444444445
1 0.8305555555555556 0.9479166666666666 0.041666666666666664 0.052083333333333336
1 0.2798611111111111 0.5364583333333334 0.05416666666666667 0.0625
