0 0.6104166666666667 0.2013888888888889 0.07083333333333333 0.08680555555555555
0 0.8416666666666667 0.0685763888888889 0.08333333333333333 0.0954861111111111
0 0.5291666666666667 0.2664930555555556 0.06666666666666667 0.08506944444444445
0 0.5604166666666667 0.3289930555555556 0.0625 0.08159722222222222
0 0.6840277777777778 0.5017361111111112 0.06527777777777778 0.09027777777777778
0 0.68125 0.6354166666666666 0.06527777777777778 0.0763888888888889
0 0.6173611111111111 0.7873263888888888 0.06805555555555555 0.09895833333333333
0 0.2388888888888889 0.5164930555555556 0.06666666666666667 0.08854166666666667
0 0.28680555555555554 0.5598958333333334 0.059722222222222225 0.08506944444444445
0 0.24027777777777778 0.6553819444444444 0.08055555555555556 0.078125
0 0.2076388888888889 0.7803819444444444 0.0763888888888889 0.078125
0 0.25 0.9053819444444444 0.06388888888888888 0.0920138888888889
0 0.31666666666666665 0.9019097222222222 0.06388888888888888 0.10590277777777778
0 0.9333333333333333 0.5954861111111112 0.07222222222222222 0.10416666666666667
0 0.9645833333333333 0.8116319444444444 0.0625 0.0954861111111111
0 0.9625 0.04079861111111111 0.06388888888888888 0.078125
0 0.975 0.6684027777777778 0.05 0.10069444444444445
7 0.7173611111111111 0.026041666666666668 0.0763888888888889 0.04861111111111111
7 0.4326388888888889 0.025173611111111112 0.1125 0.046875
7 0.5583333333333333 0.22569444444444445 0.09166666666666666 0.11458333333333333
7 0.5361111111111111 0.5034722222222222 0.05 0.06597222222222222
7 0.46458333333333335 0.765625 0.04583333333333333 0.07291666666666667
7 0.15 0.6328125 0.06944444444444445 0.08854166666666667
7 0.020833333333333332 0.3828125 0.03888888888888889 0.09895833333333333
7 0.7388888888888889 0.7890625 0.05277777777777778 0.06770833333333333
7 0.4652777777777778 0.3125 0.04722222222222222 0.06944444444444445
7 0.27569444444444446 0.9696180555555556 0.07916666666666666 0.06076388888888889
7 0.9215277777777777 0.6779513888888888 0.04027777777777778 0.050347222222222224
7 0.9097222222222222 0.24739583333333334 0.04722222222222222 0.0642361111111111
7 0.9506944444444444 0.1762152777777778 0.04027777777777778 0.06076388888888889
