0 0.3819444444444444 0.0390625 0.05555555555555555 0.07465277777777778
0 0.71875 0.0685763888888889 0.05416666666666667 0.078125
0 0.9381944444444444 0.0642361111111111 0.07361111111111111 0.11458333333333333
0 0.8729166666666667 0.2439236111111111 0.06527777777777778 0.08854166666666667
0 0.6 0.20225694444444445 0.06111111111111111 0.08506944444444445
0 0.19791666666666666 0.3515625 0.06805555555555555 0.08506944444444445
0 0.23472222222222222 0.6527777777777778 0.07777777777777778 0.0798611111111111
0 0.59375 0.6197916666666666 0.06527777777777778 0.08333333333333333
0 0.8409722222222222 0.8246527777777778 0.07916666666666666 0.1076388888888889
0 0.4576388888888889 0.1310763888888889 0.07916666666666666 0.11979166666666667
1 0.23958333333333334 0.4939236111111111 0.059722222222222225 0.07465277777777778
7 0.5694444444444444 0.2560763888888889 0.07777777777777778 0.078125
7 0.027777777777777776 0.4453125 0.05277777777777778 0.07465277777777778
7 0.06527777777777778 0.8107638888888888 0.044444444444444446 0.059027777777777776
1 0.2388888888888889 0.7178819444444444 0.05 0.06076388888888889
7 0.35694444444444445 0.6918402777777778 0.05555555555555555 0.07118055555555555
7 0.5513888888888889 0.734375 0.05 0.06944444444444445
7 0.1527777777777778 0.06684027777777778 0.05277777777777778 0.05381944444444445
7 0.2604166666666667 0.078125 0.0375 0.052083333333333336
7 0.8173611111111111 0.9539930555555556 0.08472222222222223 0.078125
7 0.030555555555555555 0.9600694444444444 0.04722222222222222 0.04861111111111111
7 0.11319444444444444 0.9479166666666666 0.04027777777777778 0.04861111111111111
7 0.009027777777777777 0.3897569444444444 0.015277777777777777 0.06076388888888889
7 0.9875 0.6059027777777778 0.025 0.08680555555555555
7 0.8576388888888888 0.1892361111111111 0.0375 0.04861111111111111
