0 0.6958333333333333 0.8654513888888888 0.06666666666666667 0.0920138888888889
0 0.22013888888888888 0.5 0.059722222222222225 0.08333333333333333
6 0.3194444444444444 0.8767361111111112 0.2611111111111111 0.2361111111111111
1 0.17222222222222222 0.4253472222222222 0.05277777777777778 0.06597222222222222
1 0.027777777777777776 0.3715277777777778 0.05277777777777778 0.07291666666666667
0 0.8923611111111112 0.026041666666666668 0.0875 0.04861111111111111
0 0.02361111111111111 0.8263888888888888 0.044444444444444446 0.1284722222222222
7 0.10694444444444444 0.5199652777777778 0.044444444444444446 0.057291666666666664
7 0.9020833333333333 0.7152777777777778 0.04861111111111111 0.059027777777777776
7 0.9097222222222222 0.3420138888888889 0.10555555555555556 0.11805555555555555
0 0.9576388888888889 0.23958333333333334 0.07361111111111111 0.09027777777777778
1 0.8979166666666667 0.4652777777777778 0.04861111111111111 0.06597222222222222
7 0.5472222222222223 0.3020833333333333 0.044444444444444446 0.04861111111111111
1 0.0125 0.3428819444444444 0.022222222222222223 0.05381944444444445
7 0.1388888888888889 0.7569444444444444 0.04722222222222222 0.052083333333333336
