0 0.6034722222222222 0.1371527777777778 0.07361111111111111 0.09027777777777778
0 0.043055555555555555 0.24305555555555555 0.08333333333333333 0.10416666666666667
0 0.041666666666666664 0.4939236111111111 0.06666666666666667 0.11631944444444445
1 0.5763888888888888 0.9435763888888888 0.058333333333333334 0.07118055555555555
1 0.8611111111111112 0.6796875 0.06388888888888888 0.0642361111111111
1 0.4215277777777778 0.4105902777777778 0.05416666666666667 0.0642361111111111
1 0.9208333333333333 0.5494791666666666 0.05277777777777778 0.07465277777777778
7 0.49722222222222223 0.1519097222222222 0.05277777777777778 0.0920138888888889
7 0.6395833333333333 0.4331597222222222 0.0625 0.0642361111111111
7 0.42777777777777776 0.7395833333333334 0.1 0.09722222222222222
7 0.5784722222222223 0.7743055555555556 0.09027777777777778 0.1076388888888889
7 0.6729166666666667 0.8342013888888888 0.0763888888888889 0.09895833333333333
7 0.5305555555555556 0.8203125 0.041666666666666664 0.05381944444444445
7 0.475 0.9071180555555556 0.075 0.09895833333333333
7 0.4013888888888889 0.96875 0.11388888888888889 0.052083333333333336
7 0.9375 0.6085069444444444 0.09166666666666666 0.078125
7 0.8756944444444444 0.8394097222222222 0.04861111111111111 0.05381944444444445
7 0.44930555555555557 0.2916666666666667 0.04583333333333333 0.059027777777777776
7 0.9395833333333333 0.3498263888888889 0.0375 0.046875
