0 0.20625 0.578125 0.059722222222222225 0.0798611111111111
0 0.06180555555555556 0.8298611111111112 0.06527777777777778 0.09375
0 0.03819444444444445 0.9470486111111112 0.07361111111111111 0.10243055555555555
0 0.4111111111111111 0.5 0.05 0.059027777777777776
0 0.6381944444444444 0.4765625 0.06805555555555555 0.0920138888888889
0 0.6875 0.3871527777777778 0.058333333333333334 0.08333333333333333
0 0.8854166666666666 0.5729166666666666 0.07083333333333333 0.09027777777777778
0 0.9097222222222222 0.4869791666666667 0.08888888888888889 0.0920138888888889
0 0.8166666666666667 0.8515625 0.05555555555555555 0.07465277777777778
0 0.9645833333333333 0.9409722222222222 0.07083333333333333 0.09722222222222222
0 0.14305555555555555 0.20572916666666666 0.075 0.1232638888888889
1 0.48055555555555557 0.2230902777777778 0.044444444444444446 0.06076388888888889
1 0.8236111111111111 0.6059027777777778 0.04722222222222222 0.07291666666666667
7 0.6048611111111111 0.3871527777777778 0.05416666666666667 0.09027777777777778
7 0.49166666666666664 0.2699652777777778 0.06388888888888888 0.0642361111111111
7 0.4875 0.3055555555555556 0.06944444444444445 0.07291666666666667
7 0.46319444444444446 0.4322916666666667 0.07361111111111111 0.10069444444444445
7 0.48541666666666666 0.5668402777777778 0.04583333333333333 0.06770833333333333
7 0.24375 0.7777777777777778 0.04027777777777778 0.05555555555555555
7 0.35347222222222224 0.8559027777777778 0.04583333333333333 0.059027777777777776
7 0.28194444444444444 0.1545138888888889 0.06666666666666667 0.06944444444444445
7 0.9020833333333333 0.08680555555555555 0.05694444444444444 0.0763888888888889
7 0.9763888888888889 0.019965277777777776 0.04722222222222222 0.036458333333333336
7 0.9506944444444444 0.11979166666666667 0.04583333333333333 0.06597222222222222
7 0.7576388888888889 0.8133680555555556 0.08472222222222223 0.09895833333333333
