0 0.5111111111111111 0.3845486111111111 0.075 0.0954861111111111
0 0.26875 0.5486111111111112 0.06527777777777778 0.1076388888888889
0 0.3527777777777778 0.7986111111111112 0.06944444444444445 0.1111111111111111
0 0.10972222222222222 0.5651041666666666 0.06666666666666667 0.10243055555555555
0 0.12569444444444444 0.3940972222222222 0.07083333333333333 0.11458333333333333
0 0.06666666666666667 0.3489583333333333 0.08055555555555556 0.09722222222222222
0 0.3472222222222222 0.4227430555555556 0.08611111111111111 0.08159722222222222
0 0.8208333333333333 0.049479166666666664 0.08055555555555556 0.078125
0 0.9388888888888889 0.6953125 0.06388888888888888 0.0954861111111111
0 0.9763888888888889 0.5060763888888888 0.04722222222222222 0.11284722222222222
0 0.4826388888888889 0.7291666666666666 0.059722222222222225 0.0763888888888889
1 0.47708333333333336 0.4817708333333333 0.05416666666666667 0.07465277777777778
1 0.5736111111111111 0.6171875 0.05555555555555555 0.07118055555555555
1 0.8715277777777778 0.1779513888888889 0.05138888888888889 0.07118055555555555
1 0.13680555555555557 0.1597222222222222 0.05694444444444444 0.0763888888888889
7 0.05138888888888889 0.052083333333333336 0.06666666666666667 0.10069444444444445
7 0.14652777777777778 0.04079861111111111 0.05694444444444444 0.078125
7 0.6958333333333333 0.1310763888888889 0.06111111111111111 0.109375
0 0.9805555555555555 0.07378472222222222 0.03888888888888889 0.0920138888888889
7 0.8833333333333333 0.5373263888888888 0.06388888888888888 0.08506944444444445
7 0.46944444444444444 0.8333333333333334 0.05277777777777778 0.06944444444444445
7 0.38333333333333336 0.9600694444444444 0.06111111111111111 0.06597222222222222
7 0.030555555555555555 0.7604166666666666 0.05 0.07291666666666667
7 0.14930555555555555 0.6918402777777778 0.10138888888888889 0.10243055555555555
7 0.022916666666666665 0.6310763888888888 0.043055555555555555 0.10243055555555555
7 0.4423611111111111 0.4071180555555556 0.0625 0.06770833333333333
7 0.5201388888888889 0.2560763888888889 0.04027777777777778 0.050347222222222224
