1 0.049305555555555554 0.23958333333333334 0.043055555555555555 0.05555555555555555
1 0.12152777777777778 0.2560763888888889 0.04861111111111111 0.05381944444444445
1 0.10833333333333334 0.3125 0.044444444444444446 0.059027777777777776
1 0.11319444444444444 0.4904513888888889 0.059722222222222225 0.0642361111111111
1 0.18611111111111112 0.4453125 0.05277777777777778 0.05381944444444445
1 0.16875 0.5321180555555556 0.04583333333333333 0.057291666666666664
1 0.12638888888888888 0.6848958333333334 0.05 0.050347222222222224
1 0.11388888888888889 0.8298611111111112 0.05277777777777778 0.059027777777777776
1 0.3076388888888889 0.8836805555555556 0.05138888888888889 0.0625
1 0.5118055555555555 0.796875 0.04861111111111111 0.06944444444444445
1 0.6256944444444444 0.7708333333333334 0.05694444444444444 0.06597222222222222
1 0.6027777777777777 0.9244791666666666 0.05277777777777778 0.06076388888888889
1 0.5104166666666666 0.8958333333333334 0.05694444444444444 0.05555555555555555
1 0.5243055555555556 0.4010416666666667 0.05416666666666667 0.0625
1 0.5145833333333333 0.12413194444444445 0.04861111111111111 0.0642361111111111
1 0.8 0.2092013888888889 0.05 0.0642361111111111
1 0.88125 0.3168402777777778 0.059722222222222225 0.0642361111111111
1 0.9041666666666667 0.7560763888888888 0.05 0.07118055555555555
1 0.6090277777777777 0.2517361111111111 0.0625 0.0625
1 0.3284722222222222 0.08246527777777778 0.05416666666666667 0.06076388888888889
1 0.38125 0.3576388888888889 0.05138888888888889 0.0625
1 0.2534722222222222 0.2552083333333333 0.043055555555555555 0.05555555555555555
1 0.7576388888888889 0.14322916666666666 0.04583333333333333 0.050347222222222224
1 0.7590277777777777 0.5755208333333334 0.05138888888888889 0.06076388888888889
1 0.8756944444444444 0.6015625 0.0763888888888889 0.109375
1 0.5111111111111111 0.6892361111111112 0.05555555555555555 0.05555555555555555
1 0.6666666666666666 0.53125 0.05 0.06597222222222222
