1 0.05277777777777778 0.2534722222222222 0.06666666666666667 0.0763888888888889
1 0.1875 0.2612847222222222 0.05 0.06770833333333333
1 0.1625 0.328125 0.05 0.05555555555555555
1 0.3013888888888889 0.3836805555555556 0.05555555555555555 0.06597222222222222
1 0.4756944444444444 0.2048611111111111 0.05694444444444444 0.0625
1 0.6875 0.18055555555555555 0.044444444444444446 0.05555555555555555
1 0.8277777777777777 0.05555555555555555 0.06111111111111111 0.059027777777777776
1 0.6965277777777777 0.2690972222222222 0.04861111111111111 0.05555555555555555
1 0.6423611111111112 0.3324652777777778 0.04861111111111111 0.05381944444444445
1 0.4951388888888889 0.5052083333333334 0.05138888888888889 0.06597222222222222
1 0.6027777777777777 0.6258680555555556 0.05277777777777778 0.06770833333333333
1 0.6930555555555555 0.5321180555555556 0.05277777777777778 0.057291666666666664
1 0.8590277777777777 0.4809027777777778 0.04583333333333333 0.05555555555555555
1 0.7493055555555556 0.5868055555555556 0.04583333333333333 0.04861111111111111
1 0.8013888888888889 0.6076388888888888 0.05 0.0625
1 0.9375 0.8220486111111112 0.04722222222222222 0.06076388888888889
1 0.6805555555555556 0.6640625 0.05 0.06076388888888889
1 0.32569444444444445 0.5763888888888888 0.04583333333333333 0.04861111111111111
1 0.3368055555555556 0.6241319444444444 0.043055555555555555 0.057291666666666664
1 0.4131944444444444 0.6597222222222222 0.04583333333333333 0.052083333333333336
1 0.2708333333333333 0.8107638888888888 0.05277777777777778 0.0625
1 0.4173611111111111 0.7664930555555556 0.04583333333333333 0.0642361111111111
1 0.3638888888888889 0.6944444444444444 0.05 0.05555555555555555
1 0.5659722222222222 0.7491319444444444 0.04027777777777778 0.057291666666666664
1 0.3680555555555556 0.9114583333333334 0.05277777777777778 0.0625
1 0.6222222222222222 0.9045138888888888 0.05555555555555555 0.0763888888888889
1 0.9243055555555556 0.9123263888888888 0.05138888888888889 0.06076388888888889
1 0.15763888888888888 0.8315972222222222 0.05138888888888889 0.04861111111111111
