1 0.05486111111111111 0.16666666666666666 0.0625 0.06944444444444445
1 0.15555555555555556 0.059027777777777776 0.06944444444444445 0.06944444444444445
1 0.18263888888888888 0.3046875 0.07083333333333333 0.06770833333333333
1 0.21875 0.3914930555555556 0.059722222222222225 0.06770833333333333
1 0.2590277777777778 0.578125 0.06527777777777778 0.0798611111111111
1 0.4284722222222222 0.5581597222222222 0.05694444444444444 0.06770833333333333
1 0.12777777777777777 0.7586805555555556 0.05 0.0625
1 0.2 0.8107638888888888 0.04722222222222222 0.052083333333333336
1 0.3680555555555556 0.9045138888888888 0.05277777777777778 0.052083333333333336
1 0.49375 0.7855902777777778 0.04861111111111111 0.06076388888888889
1 0.7 0.5711805555555556 0.05 0.06944444444444445
1 0.7361111111111112 0.875 0.06111111111111111 0.06597222222222222
1 0.3736111111111111 0.03125 0.06111111111111111 0.059027777777777776
1 0.6027777777777777 0.08072916666666667 0.058333333333333334 0.07118055555555555
1 0.8402777777777778 0.140625 0.058333333333333334 0.06944444444444445
1 0.9319444444444445 0.5425347222222222 0.05277777777777778 0.06770833333333333
1 0.6041666666666666 0.5017361111111112 0.06111111111111111 0.05555555555555555
1 0.9555555555555556 0.3723958333333333 0.05277777777777778 0.0642361111111111
