0 0.05347222222222222 0.16666666666666666 0.0625 0.10069444444444445
0 0.025 0.2951388888888889 0.04722222222222222 0.10416666666666667
0 0.22430555555555556 0.6649305555555556 0.06527777777777778 0.10069444444444445
0 0.475 0.8012152777777778 0.06111111111111111 0.0920138888888889
0 0.8125 0.19010416666666666 0.05277777777777778 0.07118055555555555
0 0.70625 0.5746527777777778 0.06805555555555555 0.0763888888888889
0 0.7819444444444444 0.5833333333333334 0.07777777777777778 0.08333333333333333
0 0.9597222222222223 0.7699652777777778 0.05555555555555555 0.0642361111111111
7 0.35 0.20052083333333334 0.044444444444444446 0.057291666666666664
7 0.24375 0.1171875 0.04583333333333333 0.05381944444444445
7 0.5902777777777778 0.6388888888888888 0.058333333333333334 0.09375
7 0.6611111111111111 0.6241319444444444 0.07777777777777778 0.10243055555555555
7 0.85 0.7005208333333334 0.05277777777777778 0.057291666666666664
7 0.8319444444444445 0.9427083333333334 0.09444444444444444 0.09027777777777778
7 0.5743055555555555 0.9696180555555556 0.07083333333333333 0.057291666666666664
7 0.8611111111111112 0.4704861111111111 0.06666666666666667 0.09375
7 0.9590277777777778 0.2803819444444444 0.07361111111111111 0.10243055555555555
7 0.11041666666666666 0.8914930555555556 0.043055555555555555 0.057291666666666664
7 0.07569444444444444 0.9236111111111112 0.04583333333333333 0.05555555555555555
7 0.05763888888888889 0.9652777777777778 0.043055555555555555 0.052083333333333336
7 0.7513888888888889 0.15885416666666666 0.09722222222222222 0.08506944444444445
7 0.24375 0.8784722222222222 0.034722222222222224 0.04861111111111111
7 0.06111111111111111 0.4487847222222222 0.030555555555555555 0.046875
7 0.35 0.34375 0.03611111111111111 0.04861111111111111
7 0.2951388888888889 0.049479166666666664 0.03194444444444444 0.043402777777777776
