1 0.20902777777777778 0.2578125 0.05694444444444444 0.08159722222222222
1 0.375 0.05555555555555555 0.058333333333333334 0.0625
1 0.42291666666666666 0.1171875 0.0375 0.050347222222222224
1 0.46111111111111114 0.2786458333333333 0.05277777777777778 0.06770833333333333
1 0.28194444444444444 0.2309027777777778 0.044444444444444446 0.0625
1 0.30416666666666664 0.2925347222222222 0.04722222222222222 0.07118055555555555
1 0.16597222222222222 0.3897569444444444 0.043055555555555555 0.050347222222222224
1 0.12708333333333333 0.4027777777777778 0.043055555555555555 0.05555555555555555
1 0.20347222222222222 0.5390625 0.04027777777777778 0.0642361111111111
1 0.08194444444444444 0.5329861111111112 0.044444444444444446 0.059027777777777776
1 0.16805555555555557 0.6189236111111112 0.06388888888888888 0.0642361111111111
1 0.2263888888888889 0.7239583333333334 0.03611111111111111 0.052083333333333336
1 0.16111111111111112 0.7907986111111112 0.05277777777777778 0.057291666666666664
1 0.2590277777777778 0.8663194444444444 0.04583333333333333 0.059027777777777776
1 0.41041666666666665 0.5998263888888888 0.05694444444444444 0.06770833333333333
1 0.46875 0.5815972222222222 0.04583333333333333 0.0625
1 0.5159722222222223 0.7126736111111112 0.05416666666666667 0.0642361111111111
1 0.6201388888888889 0.4913194444444444 0.05694444444444444 0.07291666666666667
1 0.6055555555555555 0.2578125 0.05555555555555555 0.06770833333333333
1 0.6798611111111111 0.19444444444444445 0.04583333333333333 0.05555555555555555
1 0.83125 0.4079861111111111 0.043055555555555555 0.059027777777777776
1 0.9611111111111111 0.07118055555555555 0.041666666666666664 0.05555555555555555
1 0.73125 0.4383680555555556 0.05138888888888889 0.06076388888888889
1 0.7993055555555556 0.5173611111111112 0.059722222222222225 0.06597222222222222
1 0.7506944444444444 0.5868055555555556 0.04583333333333333 0.05555555555555555
1 0.8923611111111112 0.7317708333333334 0.05416666666666667 0.06770833333333333
1 0.8173611111111111 0.8385416666666666 0.05416666666666667 0.06597222222222222
1 0.9319444444444445 0.8706597222222222 0.05 0.06770833333333333
1 0.9513888888888888 0.5416666666666666 0.04722222222222222 0.059027777777777776
