1 0.12430555555555556 0.029513888888888888 0.04861111111111111 0.05555555555555555
1 0.05277777777777778 0.2916666666666667 0.05555555555555555 0.06597222222222222
1 0.14097222222222222 0.3480902777777778 0.05138888888888889 0.0642361111111111
1 0.25833333333333336 0.3116319444444444 0.05277777777777778 0.07118055555555555
1 0.34444444444444444 0.2612847222222222 0.05277777777777778 0.06076388888888889
1 0.39166666666666666 0.18489583333333334 0.05555555555555555 0.0642361111111111
1 0.44583333333333336 0.0920138888888889 0.05555555555555555 0.06597222222222222
1 0.5041666666666667 0.1440972222222222 0.05 0.06597222222222222
1 0.4326388888888889 0.4253472222222222 0.05416666666666667 0.07291666666666667
1 0.6347222222222222 0.484375 0.04722222222222222 0.0625
1 0.4409722222222222 0.5477430555555556 0.043055555555555555 0.050347222222222224
1 0.17847222222222223 0.4947916666666667 0.05694444444444444 0.059027777777777776
1 0.10694444444444444 0.6423611111111112 0.05 0.0625
1 0.2465277777777778 0.6440972222222222 0.05138888888888889 0.06597222222222222
1 0.3923611111111111 0.7734375 0.05416666666666667 0.07465277777777778
1 0.07708333333333334 0.8168402777777778 0.05416666666666667 0.06770833333333333
1 0.5263888888888889 0.8880208333333334 0.05277777777777778 0.057291666666666664
1 0.50625 0.7578125 0.04861111111111111 0.0642361111111111
1 0.55625 0.6901041666666666 0.04027777777777778 0.05381944444444445
1 0.6569444444444444 0.7395833333333334 0.04722222222222222 0.0625
1 0.6138888888888889 0.7994791666666666 0.041666666666666664 0.05381944444444445
1 0.5833333333333334 0.8532986111111112 0.04722222222222222 0.0642361111111111
1 0.7270833333333333 0.5772569444444444 0.05138888888888889 0.0642361111111111
1 0.5229166666666667 0.6197916666666666 0.04861111111111111 0.052083333333333336
1 0.7458333333333333 0.10677083333333333 0.044444444444444446 0.05381944444444445
1 0.9555555555555556 0.041666666666666664 0.041666666666666664 0.0625
1 0.75 0.2439236111111111 0.04722222222222222 0.05381944444444445
1 0.6513888888888889 0.1779513888888889 0.05277777777777778 0.05381944444444445
1 0.8131944444444444 0.2092013888888889 0.04583333333333333 0.057291666666666664
1 0.7506944444444444 0.4713541666666667 0.05138888888888889 0.0642361111111111
1 0.9625 0.4939236111111111 0.05 0.06770833333333333
1 0.8708333333333333 0.8394097222222222 0.041666666666666664 0.0642361111111111
1 0.9805555555555555 0.6970486111111112 0.03888888888888889 0.06770833333333333
1 0.9326388888888889 0.8402777777777778 0.04583333333333333 0.05555555555555555
1 0.9381944444444444 0.9626736111111112 0.05694444444444444 0.07465277777777778
1 0.93125 0.3645833333333333 0.04861111111111111 0.0625
1 0.9270833333333334 0.3090277777777778 0.05694444444444444 0.059027777777777776
