0 0.41458333333333336 0.08159722222222222 0.0763888888888889 0.0763888888888889
0 0.08819444444444445 0.2421875 0.05694444444444444 0.078125
0 0.5326388888888889 0.4435763888888889 0.0625 0.08854166666666667
0 0.7875 0.1996527777777778 0.06666666666666667 0.07291666666666667
0 0.3506944444444444 0.4748263888888889 0.0763888888888889 0.07465277777777778
7 0.16527777777777777 0.5234375 0.07777777777777778 0.11284722222222222
1 0.2604166666666667 0.5963541666666666 0.05694444444444444 0.07118055555555555
1 0.8986111111111111 0.06510416666666667 0.04722222222222222 0.06076388888888889
7 0.7340277777777777 0.033854166666666664 0.0763888888888889 0.0642361111111111
0 0.9798611111111111 0.4782986111111111 0.04027777777777778 0.07118055555555555
7 0.8472222222222222 0.9557291666666666 0.05555555555555555 0.07465277777777778
