1 0.09027777777777778 0.1831597222222222 0.05555555555555555 0.0642361111111111
1 0.14375 0.03125 0.04861111111111111 0.059027777777777776
1 0.27361111111111114 0.06770833333333333 0.05 0.052083333333333336
1 0.1875 0.1310763888888889 0.044444444444444446 0.057291666666666664
1 0.23402777777777778 0.2109375 0.05416666666666667 0.057291666666666664
1 0.025 0.3446180555555556 0.044444444444444446 0.057291666666666664
1 0.18888888888888888 0.3741319444444444 0.05 0.07118055555555555
1 0.2569444444444444 0.2951388888888889 0.04722222222222222 0.059027777777777776
1 0.38472222222222224 0.3671875 0.05555555555555555 0.06770833333333333
1 0.07291666666666667 0.4704861111111111 0.04861111111111111 0.06944444444444445
1 0.32083333333333336 0.5243055555555556 0.044444444444444446 0.06597222222222222
1 0.27708333333333335 0.7795138888888888 0.05416666666666667 0.06944444444444445
1 0.125 0.8402777777777778 0.058333333333333334 0.06597222222222222
1 0.2972222222222222 0.9097222222222222 0.04722222222222222 0.059027777777777776
1 0.46111111111111114 0.9123263888888888 0.044444444444444446 0.06076388888888889
1 0.5284722222222222 0.9227430555555556 0.04583333333333333 0.057291666666666664
1 0.5770833333333333 0.9331597222222222 0.043055555555555555 0.050347222222222224
1 0.6409722222222223 0.7951388888888888 0.04583333333333333 0.05555555555555555
1 0.6694444444444444 0.7230902777777778 0.05 0.06770833333333333
1 0.7743055555555556 0.6857638888888888 0.05138888888888889 0.0625
1 0.7222222222222222 0.7552083333333334 0.05 0.0625
1 0.8034722222222223 0.8359375 0.043055555555555555 0.057291666666666664
1 0.7541666666666667 0.8819444444444444 0.04722222222222222 0.059027777777777776
1 0.8625 0.8888888888888888 0.05 0.06944444444444445
1 0.9451388888888889 0.7690972222222222 0.04861111111111111 0.06597222222222222
1 0.9256944444444445 0.4670138888888889 0.059722222222222225 0.06597222222222222
1 0.8118055555555556 0.3524305555555556 0.04583333333333333 0.05555555555555555
1 0.8333333333333334 0.4001736111111111 0.044444444444444446 0.05381944444444445
1 0.6847222222222222 0.3263888888888889 0.05555555555555555 0.06944444444444445
1 0.5847222222222223 0.515625 0.03888888888888889 0.06597222222222222
1 0.5354166666666667 0.2916666666666667 0.05694444444444444 0.0625
1 0.5784722222222223 0.2230902777777778 0.04583333333333333 0.06076388888888889
1 0.5388888888888889 0.07899305555555555 0.04722222222222222 0.06770833333333333
1 0.9291666666666667 0.04513888888888889 0.05277777777777778 0.059027777777777776
