1 0.07777777777777778 0.22916666666666666 0.04722222222222222 0.0625
1 0.15763888888888888 0.3446180555555556 0.06527777777777778 0.078125
1 0.3402777777777778 0.2951388888888889 0.044444444444444446 0.052083333333333336
1 0.07361111111111111 0.4921875 0.05 0.05381944444444445
1 0.16527777777777777 0.4713541666666667 0.04722222222222222 0.06076388888888889
1 0.10902777777777778 0.7005208333333334 0.04583333333333333 0.057291666666666664
1 0.24513888888888888 0.6901041666666666 0.04583333333333333 0.05381944444444445
1 0.28055555555555556 0.7335069444444444 0.03888888888888889 0.05381944444444445
1 0.4375 0.4670138888888889 0.04722222222222222 0.06944444444444445
1 0.46111111111111114 0.6041666666666666 0.05 0.06597222222222222
1 0.6201388888888889 0.6310763888888888 0.04583333333333333 0.057291666666666664
1 0.6041666666666666 0.11371527777777778 0.05277777777777778 0.0642361111111111
1 0.9236111111111112 0.030381944444444444 0.05 0.057291666666666664
1 0.8090277777777778 0.09114583333333333 0.05416666666666667 0.06076388888888889
1 0.7604166666666666 0.1267361111111111 0.05138888888888889 0.0625
1 0.8256944444444444 0.3862847222222222 0.04583333333333333 0.05381944444444445
1 0.8930555555555556 0.5894097222222222 0.05555555555555555 0.06076388888888889
1 0.5340277777777778 0.9149305555555556 0.04583333333333333 0.05555555555555555
1 0.5847222222222223 0.9522569444444444 0.05 0.057291666666666664
