0 0.09861111111111111 0.5034722222222222 0.06944444444444445 0.10416666666666667
0 0.5465277777777777 0.5633680555555556 0.06805555555555555 0.078125
0 0.4409722222222222 0.7925347222222222 0.0625 0.10243055555555555
0 0.8708333333333333 0.2951388888888889 0.06666666666666667 0.10069444444444445
0 0.8659722222222223 0.16145833333333334 0.07916666666666666 0.09027777777777778
0 0.96875 0.1753472222222222 0.0625 0.10069444444444445
0 0.027083333333333334 0.2899305555555556 0.05138888888888889 0.09375
7 0.20902777777777778 0.3090277777777778 0.05138888888888889 0.0763888888888889
7 0.6006944444444444 0.7977430555555556 0.13194444444444445 0.13020833333333334
7 0.9013888888888889 0.9253472222222222 0.06944444444444445 0.11458333333333333
0 0.8152777777777778 0.9670138888888888 0.08055555555555556 0.052083333333333336
1 0.7631944444444444 0.21875 0.04583333333333333 0.059027777777777776
7 0.6743055555555556 0.2873263888888889 0.04583333333333333 0.0642361111111111
7 0.22083333333333333 0.10069444444444445 0.04722222222222222 0.059027777777777776
7 0.93125 0.3098958333333333 0.04861111111111111 0.057291666666666664
7 0.9673611111111111 0.3498263888888889 0.04027777777777778 0.05381944444444445
7 0.8229166666666666 0.5564236111111112 0.043055555555555555 0.06076388888888889
7 0.8784722222222222 0.484375 0.04027777777777778 0.052083333333333336
7 0.5326388888888889 0.1675347222222222 0.043055555555555555 0.06076388888888889
7 0.78125 0.8550347222222222 0.0375 0.050347222222222224
7 0.13958333333333334 0.9678819444444444 0.043055555555555555 0.06076388888888889
7 0.9798611111111111 0.9782986111111112 0.04027777777777778 0.03298611111111111
7 0.7152777777777778 0.1736111111111111 0.044444444444444446 0.04861111111111111
