0 0.4152777777777778 0.10243055555555555 0.05277777777777778 0.08680555555555555
0 0.49444444444444446 0.2951388888888889 0.06388888888888888 0.09722222222222222
0 0.74375 0.8046875 0.059722222222222225 0.08506944444444445
0 0.04027777777777778 0.5824652777777778 0.06666666666666667 0.08159722222222222
0 0.8833333333333333 0.1892361111111111 0.06111111111111111 0.08333333333333333
0 0.9493055555555555 0.10243055555555555 0.08194444444444444 0.08680555555555555
0 0.79375 0.030381944444444444 0.07083333333333333 0.057291666666666664
0 0.36180555555555555 0.16927083333333334 0.05416666666666667 0.07465277777777778
1 0.6944444444444444 0.7309027777777778 0.04722222222222222 0.0625
1 0.020833333333333332 0.7300347222222222 0.03888888888888889 0.07118055555555555
7 0.46458333333333335 0.6371527777777778 0.06527777777777778 0.09375
7 0.4986111111111111 0.7196180555555556 0.058333333333333334 0.057291666666666664
7 0.5208333333333334 0.6215277777777778 0.03611111111111111 0.04513888888888889
7 0.6493055555555556 0.3845486111111111 0.04583333333333333 0.05381944444444445
7 0.2652777777777778 0.043402777777777776 0.04722222222222222 0.059027777777777776
7 0.33541666666666664 0.2387152777777778 0.034722222222222224 0.046875
7 0.27708333333333335 0.0920138888888889 0.04583333333333333 0.05555555555555555
7 0.23680555555555555 0.06597222222222222 0.034722222222222224 0.052083333333333336
7 0.2326388888888889 0.13368055555555555 0.04861111111111111 0.0625
