1 0.02361111111111111 0.3098958333333333 0.044444444444444446 0.0642361111111111
1 0.29097222222222224 0.1640625 0.05694444444444444 0.07118055555555555
1 0.28888888888888886 0.2604166666666667 0.04722222222222222 0.052083333333333336
1 0.35625 0.3220486111111111 0.05138888888888889 0.0642361111111111
1 0.53125 0.13020833333333334 0.043055555555555555 0.059027777777777776
1 0.6680555555555555 0.13541666666666666 0.05 0.0625
1 0.7222222222222222 0.18663194444444445 0.05 0.07118055555555555
1 0.5819444444444445 0.20399305555555555 0.06111111111111111 0.078125
1 0.6611111111111111 0.25 0.04722222222222222 0.06597222222222222
1 0.43472222222222223 0.4331597222222222 0.044444444444444446 0.0642361111111111
1 0.11875 0.453125 0.05694444444444444 0.06944444444444445
1 0.1763888888888889 0.5225694444444444 0.044444444444444446 0.06597222222222222
1 0.2569444444444444 0.4965277777777778 0.05555555555555555 0.0798611111111111
1 0.21944444444444444 0.6770833333333334 0.041666666666666664 0.05555555555555555
1 0.10138888888888889 0.7916666666666666 0.041666666666666664 0.04861111111111111
1 0.15902777777777777 0.7960069444444444 0.04583333333333333 0.05381944444444445
1 0.40208333333333335 0.8845486111111112 0.04861111111111111 0.05381944444444445
1 0.3923611111111111 0.9583333333333334 0.05416666666666667 0.052083333333333336
1 0.22152777777777777 0.9331597222222222 0.05138888888888889 0.057291666666666664
1 0.5784722222222223 0.5868055555555556 0.043055555555555555 0.05555555555555555
1 0.5555555555555556 0.6640625 0.04722222222222222 0.050347222222222224
1 0.4875 0.5815972222222222 0.041666666666666664 0.05555555555555555
1 0.5048611111111111 0.5286458333333334 0.05416666666666667 0.05381944444444445
1 0.8340277777777778 0.6345486111111112 0.05138888888888889 0.06076388888888889
1 0.8395833333333333 0.7317708333333334 0.05694444444444444 0.078125
1 0.8715277777777778 0.8168402777777778 0.04861111111111111 0.057291666666666664
1 0.8916666666666667 0.9123263888888888 0.06388888888888888 0.07465277777777778
1 0.6854166666666667 0.3940972222222222 0.04027777777777778 0.05555555555555555
