1 0.18541666666666667 0.13368055555555555 0.043055555555555555 0.05555555555555555
1 0.36180555555555555 0.033854166666666664 0.05416666666666667 0.0642361111111111
1 0.49930555555555556 0.044270833333333336 0.043055555555555555 0.050347222222222224
1 0.5055555555555555 0.21788194444444445 0.05555555555555555 0.06076388888888889
1 0.23402777777777778 0.3020833333333333 0.04861111111111111 0.0625
1 0.029861111111111113 0.3776041666666667 0.05416666666666667 0.0642361111111111
1 0.18888888888888888 0.6284722222222222 0.05277777777777778 0.06944444444444445
1 0.38333333333333336 0.2378472222222222 0.04722222222222222 0.059027777777777776
1 0.8222222222222222 0.19618055555555555 0.05277777777777778 0.05555555555555555
1 0.9305555555555556 0.2126736111111111 0.04722222222222222 0.06076388888888889
1 0.9166666666666666 0.4548611111111111 0.05555555555555555 0.06597222222222222
1 0.8090277777777778 0.4019097222222222 0.05416666666666667 0.06076388888888889
1 0.7631944444444444 0.3324652777777778 0.05138888888888889 0.0642361111111111
1 0.6277777777777778 0.3098958333333333 0.058333333333333334 0.0642361111111111
1 0.46458333333333335 0.3862847222222222 0.05416666666666667 0.06770833333333333
1 0.47152777777777777 0.546875 0.05416666666666667 0.06597222222222222
1 0.5340277777777778 0.5963541666666666 0.05416666666666667 0.0642361111111111
1 0.7305555555555555 0.6883680555555556 0.05555555555555555 0.0642361111111111
1 0.8048611111111111 0.7413194444444444 0.05138888888888889 0.06597222222222222
1 0.6166666666666667 0.7604166666666666 0.04722222222222222 0.06597222222222222
1 0.5590277777777778 0.8098958333333334 0.0625 0.06076388888888889
1 0.3548611111111111 0.8446180555555556 0.05138888888888889 0.057291666666666664
1 0.4986111111111111 0.9513888888888888 0.05277777777777778 0.0625
1 0.10138888888888889 0.6796875 0.044444444444444446 0.057291666666666664
1 0.03819444444444445 0.7734375 0.04583333333333333 0.05381944444444445
1 0.12083333333333333 0.8506944444444444 0.044444444444444446 0.059027777777777776
1 0.07569444444444444 0.8758680555555556 0.04861111111111111 0.06076388888888889
1 0.4166666666666667 0.9227430555555556 0.044444444444444446 0.05381944444444445
1 0.21805555555555556 0.9652777777777778 0.05 0.052083333333333336
