1 0.1125 0.11284722222222222 0.058333333333333334 0.06944444444444445
1 0.25277777777777777 0.04600694444444445 0.05555555555555555 0.06076388888888889
1 0.20833333333333334 0.1675347222222222 0.05555555555555555 0.0642361111111111
1 0.11875 0.2873263888888889 0.05416666666666667 0.06076388888888889
1 0.11805555555555555 0.4288194444444444 0.058333333333333334 0.07291666666666667
1 0.08125 0.6987847222222222 0.04861111111111111 0.06076388888888889
1 0.28125 0.7204861111111112 0.05694444444444444 0.06944444444444445
1 0.09930555555555555 0.8194444444444444 0.05694444444444444 0.06597222222222222
1 0.38125 0.796875 0.04027777777777778 0.05555555555555555
1 0.37430555555555556 0.8611111111111112 0.05138888888888889 0.05555555555555555
1 0.3659722222222222 0.9357638888888888 0.05694444444444444 0.05555555555555555
1 0.0625 0.035590277777777776 0.05555555555555555 0.0642361111111111
1 0.6326388888888889 0.03125 0.05138888888888889 0.059027777777777776
1 0.46458333333333335 0.4010416666666667 0.05138888888888889 0.059027777777777776
1 0.5409722222222222 0.3776041666666667 0.04583333333333333 0.057291666666666664
1 0.5965277777777778 0.3776041666666667 0.043055555555555555 0.05381944444444445
1 0.42430555555555555 0.5494791666666666 0.04583333333333333 0.057291666666666664
1 0.45069444444444445 0.6397569444444444 0.05138888888888889 0.06076388888888889
1 0.49166666666666664 0.7369791666666666 0.044444444444444446 0.050347222222222224
1 0.6743055555555556 0.4817708333333333 0.043055555555555555 0.057291666666666664
1 0.7472222222222222 0.4496527777777778 0.04722222222222222 0.06944444444444445
1 0.7798611111111111 0.5928819444444444 0.04861111111111111 0.0642361111111111
1 0.8118055555555556 0.2204861111111111 0.05138888888888889 0.06944444444444445
1 0.5597222222222222 0.8463541666666666 0.05277777777777778 0.0642361111111111
1 0.9013888888888889 0.9236111111111112 0.05 0.0763888888888889
1 0.9041666666666667 0.4930555555555556 0.05277777777777778 0.06944444444444445
1 0.8777777777777778 0.3567708333333333 0.044444444444444446 0.06076388888888889
1 0.7909722222222222 0.8263888888888888 0.04861111111111111 0.059027777777777776
