0 0.2590277777777778 0.10677083333333333 0.06527777777777778 0.0920138888888889
0 0.31805555555555554 0.14149305555555555 0.06111111111111111 0.08506944444444445
0 0.2611111111111111 0.2439236111111111 0.06944444444444445 0.0920138888888889
0 0.22152777777777777 0.3732638888888889 0.07361111111111111 0.08333333333333333
0 0.26180555555555557 0.4965277777777778 0.07083333333333333 0.09375
0 0.33541666666666664 0.4930555555555556 0.07083333333333333 0.1076388888888889
0 0.7020833333333333 0.09895833333333333 0.06527777777777778 0.08680555555555555
0 0.6909722222222222 0.2282986111111111 0.06527777777777778 0.08159722222222222
0 0.6423611111111112 0.3776041666666667 0.07083333333333333 0.09895833333333333
0 0.9493055555555555 0.19010416666666666 0.07916666666666666 0.109375
0 0.7375 0.6458333333333334 0.06666666666666667 0.08333333333333333
0 0.8138888888888889 0.6875 0.075 0.1111111111111111
0 0.6770833333333334 0.7647569444444444 0.07361111111111111 0.0920138888888889
0 0.1125 0.90625 0.075 0.10069444444444445
1 0.4826388888888889 0.8055555555555556 0.05138888888888889 0.06944444444444445
1 0.9826388888888888 0.9253472222222222 0.034722222222222224 0.06597222222222222
7 0.3 0.5755208333333334 0.06666666666666667 0.07118055555555555
7 0.3090277777777778 0.6258680555555556 0.05694444444444444 0.0642361111111111
7 0.325 0.6935763888888888 0.05555555555555555 0.06770833333333333
7 0.5208333333333334 0.6553819444444444 0.04722222222222222 0.0642361111111111
7 0.5958333333333333 0.6484375 0.06111111111111111 0.07118055555555555
7 0.7506944444444444 0.3836805555555556 0.04861111111111111 0.0625
7 0.9770833333333333 0.3923611111111111 0.04583333333333333 0.0798611111111111
7 0.9826388888888888 0.2534722222222222 0.034722222222222224 0.09027777777777778
7 0.5513888888888889 0.1111111111111111 0.05277777777777778 0.0625
7 0.1763888888888889 0.2222222222222222 0.06944444444444445 0.08680555555555555
7 0.48819444444444443 0.3645833333333333 0.05416666666666667 0.06597222222222222
7 0.6722222222222223 0.8611111111111112 0.044444444444444446 0.0625
7 0.9444444444444444 0.2673611111111111 0.03888888888888889 0.052083333333333336
