0 0.41458333333333336 0.296875 0.06805555555555555 0.09722222222222222
0 0.5597222222222222 0.041666666666666664 0.06666666666666667 0.0798611111111111
0 0.8888888888888888 0.11805555555555555 0.06111111111111111 0.09722222222222222
0 0.7944444444444444 0.4618055555555556 0.06944444444444445 0.09375
0 0.5541666666666667 0.2526041666666667 0.08611111111111111 0.11631944444444445
0 0.6222222222222222 0.3871527777777778 0.09166666666666666 0.10069444444444445
0 0.6479166666666667 0.4505208333333333 0.0625 0.08854166666666667
0 0.7305555555555555 0.8697916666666666 0.09166666666666666 0.09375
0 0.44583333333333336 0.8489583333333334 0.07222222222222222 0.09722222222222222
0 0.34930555555555554 0.8628472222222222 0.06805555555555555 0.09375
0 0.13958333333333334 0.7473958333333334 0.07361111111111111 0.0954861111111111
0 0.6013888888888889 0.9383680555555556 0.06111111111111111 0.08159722222222222
1 0.5076388888888889 0.6467013888888888 0.04027777777777778 0.05381944444444445
1 0.22152777777777777 0.6171875 0.05416666666666667 0.06076388888888889
1 0.38263888888888886 0.5815972222222222 0.0625 0.0763888888888889
1 0.9576388888888889 0.0390625 0.05138888888888889 0.07465277777777778
1 0.2916666666666667 0.2942708333333333 0.05277777777777778 0.0642361111111111
7 0.5847222222222223 0.6024305555555556 0.04722222222222222 0.06597222222222222
7 0.8590277777777777 0.3776041666666667 0.04583333333333333 0.057291666666666664
1 0.8659722222222223 0.03211805555555555 0.04861111111111111 0.06076388888888889
0 0.027083333333333334 0.828125 0.05138888888888889 0.09027777777777778
