1 0.1388888888888889 0.09114583333333333 0.041666666666666664 0.057291666666666664
1 0.09166666666666666 0.2092013888888889 0.05277777777777778 0.0642361111111111
1 0.41875 0.0954861111111111 0.04583333333333333 0.06597222222222222
1 0.5048611111111111 0.0798611111111111 0.04583333333333333 0.059027777777777776
1 0.5930555555555556 0.1293402777777778 0.044444444444444446 0.0642361111111111
1 0.7131944444444445 0.15104166666666666 0.04861111111111111 0.059027777777777776
1 0.6354166666666666 0.1857638888888889 0.043055555555555555 0.05555555555555555
1 0.7006944444444444 0.3055555555555556 0.04583333333333333 0.059027777777777776
1 0.5340277777777778 0.2543402777777778 0.04861111111111111 0.057291666666666664
1 0.43125 0.3654513888888889 0.05138888888888889 0.06770833333333333
1 0.3368055555555556 0.3845486111111111 0.05138888888888889 0.06076388888888889
1 0.2520833333333333 0.671875 0.04027777777777778 0.05555555555555555
1 0.3090277777777778 0.7005208333333334 0.043055555555555555 0.0642361111111111
1 0.20833333333333334 0.7335069444444444 0.04722222222222222 0.06770833333333333
1 0.11180555555555556 0.8637152777777778 0.05138888888888889 0.0642361111111111
1 0.03263888888888889 0.8819444444444444 0.05416666666666667 0.0625
1 0.3263888888888889 0.7743055555555556 0.04722222222222222 0.05555555555555555
1 0.4618055555555556 0.8723958333333334 0.06805555555555555 0.07118055555555555
1 0.6083333333333333 0.8385416666666666 0.05277777777777778 0.06944444444444445
1 0.8243055555555555 0.7725694444444444 0.05416666666666667 0.06597222222222222
1 0.9569444444444445 0.7916666666666666 0.05277777777777778 0.06944444444444445
1 0.7840277777777778 0.9401041666666666 0.05694444444444444 0.0642361111111111
1 0.9152777777777777 0.21875 0.03888888888888889 0.07291666666666667
1 0.9472222222222222 0.2725694444444444 0.041666666666666664 0.05555555555555555
1 0.8881944444444444 0.3324652777777778 0.05416666666666667 0.06770833333333333
1 0.8104166666666667 0.3784722222222222 0.0375 0.05555555555555555
