0 0.14027777777777778 0.19010416666666666 0.044444444444444446 0.06076388888888889
0 0.2076388888888889 0.1293402777777778 0.06527777777777778 0.09895833333333333
0 0.26666666666666666 0.5946180555555556 0.058333333333333334 0.07118055555555555
0 0.30277777777777776 0.6571180555555556 0.06944444444444445 0.09895833333333333
0 0.6326388888888889 0.2638888888888889 0.0625 0.10069444444444445
0 0.8298611111111112 0.0720486111111111 0.059722222222222225 0.078125
0 0.8611111111111112 0.1875 0.07222222222222222 0.09027777777777778
0 0.8965277777777778 0.09722222222222222 0.06527777777777778 0.08680555555555555
0 0.7861111111111111 0.6805555555555556 0.07222222222222222 0.10416666666666667
0 0.6625 0.6519097222222222 0.05555555555555555 0.078125
0 0.5576388888888889 0.6545138888888888 0.09861111111111111 0.0798611111111111
0 0.8673611111111111 0.8289930555555556 0.0763888888888889 0.0954861111111111
0 0.15833333333333333 0.6085069444444444 0.07222222222222222 0.0954861111111111
0 0.13541666666666666 0.7786458333333334 0.05416666666666667 0.078125
0 0.027083333333333334 0.7039930555555556 0.05138888888888889 0.078125
0 0.5104166666666666 0.7569444444444444 0.059722222222222225 0.0798611111111111
0 0.0763888888888889 0.9279513888888888 0.06388888888888888 0.07465277777777778
0 0.025 0.3046875 0.04722222222222222 0.078125
0 0.35694444444444445 0.3828125 0.06666666666666667 0.11631944444444445
0 0.39305555555555555 0.2769097222222222 0.08333333333333333 0.1545138888888889
0 0.6194444444444445 0.4670138888888889 0.06944444444444445 0.10416666666666667
1 0.2326388888888889 0.2994791666666667 0.05138888888888889 0.07118055555555555
7 0.022916666666666665 0.9583333333333334 0.043055555555555555 0.08333333333333333
7 0.5472222222222223 0.8185763888888888 0.06111111111111111 0.10243055555555555
7 0.5680555555555555 0.9088541666666666 0.06666666666666667 0.06076388888888889
7 0.9027777777777778 0.6397569444444444 0.04722222222222222 0.0642361111111111
7 0.6416666666666667 0.5269097222222222 0.04722222222222222 0.0642361111111111
7 0.5590277777777778 0.2734375 0.05694444444444444 0.08159722222222222
7 0.9416666666666667 0.05295138888888889 0.05 0.050347222222222224
7 0.8673611111111111 0.515625 0.04583333333333333 0.05555555555555555
7 0.07916666666666666 0.5555555555555556 0.027777777777777776 0.03819444444444445
7 0.18125 0.9756944444444444 0.0375 0.04513888888888889
7 0.8972222222222223 0.5190972222222222 0.027777777777777776 0.034722222222222224
