0 0.2965277777777778 0.21180555555555555 0.07083333333333333 0.08680555555555555
0 0.4847222222222222 0.1605902777777778 0.06388888888888888 0.10590277777777778
0 0.3909722222222222 0.2803819444444444 0.06527777777777778 0.10590277777777778
0 0.6222222222222222 0.6119791666666666 0.06944444444444445 0.08159722222222222
0 0.7708333333333334 0.7647569444444444 0.06388888888888888 0.09895833333333333
0 0.4597222222222222 0.8637152777777778 0.058333333333333334 0.08854166666666667
0 0.2791666666666667 0.9418402777777778 0.06388888888888888 0.08854166666666667
0 0.06388888888888888 0.6024305555555556 0.075 0.09722222222222222
0 0.3854166666666667 0.5720486111111112 0.05694444444444444 0.08159722222222222
1 0.30416666666666664 0.8064236111111112 0.05555555555555555 0.06076388888888889
7 0.39375 0.671875 0.06805555555555555 0.06944444444444445
7 0.22708333333333333 0.6145833333333334 0.10138888888888889 0.1284722222222222
7 0.09444444444444444 0.7951388888888888 0.06666666666666667 0.0763888888888889
7 0.30069444444444443 0.7595486111111112 0.10138888888888889 0.07465277777777778
1 0.4125 0.7291666666666666 0.044444444444444446 0.05555555555555555
7 0.24791666666666667 0.4444444444444444 0.05694444444444444 0.125
7 0.4125 0.5086805555555556 0.058333333333333334 0.05555555555555555
7 0.36319444444444443 0.06076388888888889 0.10416666666666667 0.11805555555555555
7 0.8777777777777778 0.8697916666666666 0.03611111111111111 0.04861111111111111
