1 0.08611111111111111 0.21614583333333334 0.05277777777777778 0.06770833333333333
1 0.21597222222222223 0.3854166666666667 0.05416666666666667 0.0625
1 0.3416666666666667 0.5043402777777778 0.05555555555555555 0.06770833333333333
1 0.04861111111111111 0.7282986111111112 0.06111111111111111 0.06770833333333333
1 0.05694444444444444 0.8038194444444444 0.05 0.06597222222222222
1 0.12569444444444444 0.8194444444444444 0.05694444444444444 0.06944444444444445
1 0.47638888888888886 0.5946180555555556 0.06111111111111111 0.078125
1 0.32013888888888886 0.7039930555555556 0.04861111111111111 0.06770833333333333
1 0.5965277777777778 0.7256944444444444 0.05694444444444444 0.07291666666666667
1 0.3972222222222222 0.9592013888888888 0.044444444444444446 0.06076388888888889
1 0.45625 0.2586805555555556 0.05694444444444444 0.07291666666666667
1 0.19166666666666668 0.029513888888888888 0.06111111111111111 0.05555555555555555
1 0.6576388888888889 0.033854166666666664 0.0625 0.0642361111111111
1 0.5993055555555555 0.3454861111111111 0.05138888888888889 0.08680555555555555
1 0.6472222222222223 0.3836805555555556 0.04722222222222222 0.06597222222222222
1 0.7277777777777777 0.13975694444444445 0.05555555555555555 0.07465277777777778
1 0.6680555555555555 0.17708333333333334 0.05555555555555555 0.06944444444444445
1 0.7986111111111112 0.3706597222222222 0.05 0.06770833333333333
1 0.775 0.5885416666666666 0.06111111111111111 0.0798611111111111
1 0.7645833333333333 0.7213541666666666 0.05694444444444444 0.07118055555555555
1 0.9701388888888889 0.8498263888888888 0.05416666666666667 0.07465277777777778
1 0.9361111111111111 0.9505208333333334 0.06666666666666667 0.078125
