0 0.5784722222222223 0.1484375 0.06805555555555555 0.07465277777777778
0 0.5472222222222223 0.5494791666666666 0.058333333333333334 0.10590277777777778
0 0.7631944444444444 0.5859375 0.06527777777777778 0.109375
0 0.9263888888888889 0.5711805555555556 0.06944444444444445 0.1076388888888889
0 0.5256944444444445 0.6675347222222222 0.0763888888888889 0.109375
0 0.29791666666666666 0.7699652777777778 0.07361111111111111 0.0920138888888889
0 0.08541666666666667 0.6710069444444444 0.0875 0.10243055555555555
0 0.2798611111111111 0.9479166666666666 0.06805555555555555 0.09375
0 0.7180555555555556 0.3706597222222222 0.07222222222222222 0.08506944444444445
0 0.7791666666666667 0.4123263888888889 0.06944444444444445 0.11284722222222222
0 0.3729166666666667 0.2934027777777778 0.06527777777777778 0.0798611111111111
1 0.6395833333333333 0.8550347222222222 0.04583333333333333 0.06770833333333333
1 0.8 0.1814236111111111 0.05277777777777778 0.06770833333333333
7 0.6888888888888889 0.7873263888888888 0.04722222222222222 0.0642361111111111
7 0.7972222222222223 0.7239583333333334 0.09444444444444444 0.10416666666666667
7 0.9875 0.8272569444444444 0.025 0.08159722222222222
7 0.7194444444444444 0.9366319444444444 0.04722222222222222 0.050347222222222224
0 0.016666666666666666 0.9071180555555556 0.030555555555555555 0.08854166666666667
7 0.25 0.5347222222222222 0.058333333333333334 0.0798611111111111
7 0.30972222222222223 0.3914930555555556 0.05 0.07118055555555555
7 0.019444444444444445 0.2569444444444444 0.03611111111111111 0.052083333333333336
7 0.05347222222222222 0.5546875 0.0625 0.09895833333333333
7 0.10138888888888889 0.6059027777777778 0.05277777777777778 0.0625
7 0.80625 0.0546875 0.05694444444444444 0.07118055555555555
7 0.6027777777777777 0.025173611111111112 0.08611111111111111 0.046875
7 0.9756944444444444 0.4461805555555556 0.04861111111111111 0.0763888888888889
7 0.7013888888888888 0.08072916666666667 0.06111111111111111 0.11979166666666667
