0 0.2513888888888889 0.11458333333333333 0.05555555555555555 0.0763888888888889
0 0.29444444444444445 0.03819444444444445 0.08333333333333333 0.06944444444444445
0 0.3840277777777778 0.03211805555555555 0.0763888888888889 0.06076388888888889
0 0.46944444444444444 0.1076388888888889 0.08333333333333333 0.08680555555555555
0 0.36527777777777776 0.2916666666666667 0.06111111111111111 0.08333333333333333
0 0.4263888888888889 0.3498263888888889 0.075 0.06770833333333333
0 0.5173611111111112 0.028645833333333332 0.05416666666666667 0.05381944444444445
0 0.5888888888888889 0.057291666666666664 0.08333333333333333 0.09375
0 0.7798611111111111 0.0798611111111111 0.07361111111111111 0.09027777777777778
0 0.8729166666666667 0.1015625 0.0875 0.078125
0 0.6743055555555556 0.3394097222222222 0.07361111111111111 0.09895833333333333
0 0.9208333333333333 0.4131944444444444 0.08333333333333333 0.08333333333333333
0 0.9541666666666667 0.5052083333333334 0.06111111111111111 0.10069444444444445
0 0.7048611111111112 0.5 0.059722222222222225 0.07291666666666667
0 0.8486111111111111 0.5581597222222222 0.08611111111111111 0.09895833333333333
0 0.6048611111111111 0.6822916666666666 0.0763888888888889 0.08680555555555555
0 0.5194444444444445 0.7552083333333334 0.06388888888888888 0.0798611111111111
0 0.5534722222222223 0.8159722222222222 0.07083333333333333 0.0798611111111111
0 0.6631944444444444 0.9565972222222222 0.059722222222222225 0.0798611111111111
0 0.030555555555555555 0.2604166666666667 0.058333333333333334 0.1076388888888889
1 0.14722222222222223 0.1736111111111111 0.05 0.06944444444444445
0 0.2388888888888889 0.9696180555555556 0.07222222222222222 0.06076388888888889
7 0.5520833333333334 0.7118055555555556 0.09583333333333334 0.1111111111111111
0 0.42986111111111114 0.4913194444444444 0.07361111111111111 0.09722222222222222
7 0.3861111111111111 0.5043402777777778 0.05555555555555555 0.07465277777777778
7 0.024305555555555556 0.8880208333333334 0.04583333333333333 0.10243055555555555
7 0.8694444444444445 0.027777777777777776 0.08055555555555556 0.052083333333333336
7 0.5381944444444444 0.9678819444444444 0.04583333333333333 0.050347222222222224
7 0.4618055555555556 0.7864583333333334 0.0375 0.05555555555555555
