0 0.1840277777777778 0.4027777777777778 0.07916666666666666 0.09027777777777778
0 0.575 0.3489583333333333 0.06111111111111111 0.10416666666666667
0 0.6423611111111112 0.20225694444444445 0.05694444444444444 0.078125
0 0.46875 0.6597222222222222 0.06527777777777778 0.09027777777777778
0 0.6465277777777778 0.6371527777777778 0.05694444444444444 0.11458333333333333
0 0.6243055555555556 0.7803819444444444 0.06805555555555555 0.08159722222222222
0 0.47708333333333336 0.9175347222222222 0.0763888888888889 0.08854166666666667
0 0.7020833333333333 0.8758680555555556 0.0763888888888889 0.0954861111111111
0 0.9388888888888889 0.2977430555555556 0.06944444444444445 0.08506944444444445
0 0.7784722222222222 0.07465277777777778 0.0763888888888889 0.11458333333333333
0 0.20625 0.15104166666666666 0.0625 0.0763888888888889
0 0.20833333333333334 0.2421875 0.07222222222222222 0.0920138888888889
0 0.16458333333333333 0.6067708333333334 0.0763888888888889 0.078125
0 0.04652777777777778 0.625 0.09027777777777778 0.0763888888888889
0 0.9541666666666667 0.9652777777777778 0.05 0.05555555555555555
1 0.775 0.4574652777777778 0.05555555555555555 0.07118055555555555
7 0.7465277777777778 0.2361111111111111 0.08472222222222223 0.12152777777777778
1 0.8083333333333333 0.3671875 0.05277777777777778 0.06076388888888889
1 0.2534722222222222 0.09375 0.059722222222222225 0.06597222222222222
7 0.011805555555555555 0.9305555555555556 0.020833333333333332 0.04861111111111111
