1 0.3020833333333333 0.07378472222222222 0.04583333333333333 0.06770833333333333
1 0.22361111111111112 0.1970486111111111 0.04722222222222222 0.057291666666666664
1 0.3875 0.2065972222222222 0.05277777777777778 0.06597222222222222
1 0.3215277777777778 0.2717013888888889 0.04583333333333333 0.057291666666666664
1 0.2520833333333333 0.2690972222222222 0.04861111111111111 0.05555555555555555
1 0.2916666666666667 0.4071180555555556 0.06388888888888888 0.06770833333333333
1 0.6340277777777777 0.11371527777777778 0.05694444444444444 0.0642361111111111
1 0.8798611111111111 0.05555555555555555 0.059722222222222225 0.07291666666666667
1 0.94375 0.16145833333333334 0.05416666666666667 0.08680555555555555
1 0.8638888888888889 0.3524305555555556 0.05277777777777778 0.0625
1 0.5479166666666667 0.22135416666666666 0.059722222222222225 0.06076388888888889
1 0.5340277777777778 0.3272569444444444 0.04583333333333333 0.057291666666666664
1 0.5020833333333333 0.3637152777777778 0.04027777777777778 0.06076388888888889
1 0.6555555555555556 0.3914930555555556 0.044444444444444446 0.0642361111111111
1 0.5277777777777778 0.4756944444444444 0.05 0.07291666666666667
1 0.625 0.4670138888888889 0.04722222222222222 0.06944444444444445
1 0.8326388888888889 0.53125 0.04861111111111111 0.07291666666666667
1 0.8888888888888888 0.8055555555555556 0.05277777777777778 0.0625
1 0.86875 0.875 0.05416666666666667 0.0763888888888889
1 0.44930555555555557 0.6987847222222222 0.05416666666666667 0.057291666666666664
1 0.46805555555555556 0.7829861111111112 0.06666666666666667 0.07291666666666667
1 0.21944444444444444 0.7456597222222222 0.044444444444444446 0.06770833333333333
1 0.3854166666666667 0.8272569444444444 0.05138888888888889 0.0642361111111111
1 0.2611111111111111 0.9079861111111112 0.04722222222222222 0.05555555555555555
1 0.6388888888888888 0.9592013888888888 0.041666666666666664 0.05381944444444445
1 0.6881944444444444 0.9583333333333334 0.043055555555555555 0.04861111111111111
1 0.11666666666666667 0.8489583333333334 0.06666666666666667 0.059027777777777776
1 0.20347222222222222 0.9704861111111112 0.05694444444444444 0.059027777777777776
