0 0.3770833333333333 0.16145833333333334 0.06805555555555555 0.08680555555555555
0 0.8868055555555555 0.46875 0.07083333333333333 0.10069444444444445
0 0.25277777777777777 0.2404513888888889 0.06944444444444445 0.0920138888888889
0 0.9597222222222223 0.051215277777777776 0.06388888888888888 0.09895833333333333
0 0.30486111111111114 0.3619791666666667 0.08194444444444444 0.0920138888888889
0 0.4395833333333333 0.3888888888888889 0.08472222222222223 0.1076388888888889
1 0.5541666666666667 0.3315972222222222 0.05277777777777778 0.06944444444444445
1 0.5111111111111111 0.3463541666666667 0.04722222222222222 0.07118055555555555
1 0.04513888888888889 0.3932291666666667 0.05694444444444444 0.06770833333333333
1 0.02638888888888889 0.8368055555555556 0.05 0.06944444444444445
1 0.17152777777777778 0.8862847222222222 0.059722222222222225 0.07118055555555555
0 0.19583333333333333 0.1076388888888889 0.075 0.08333333333333333
0 0.5277777777777778 0.2230902777777778 0.07777777777777778 0.0954861111111111
1 0.8993055555555556 0.9262152777777778 0.05416666666666667 0.06770833333333333
7 0.22083333333333333 0.9557291666666666 0.07222222222222222 0.078125
0 0.8409722222222222 0.1076388888888889 0.09305555555555556 0.10416666666666667
0 0.9263888888888889 0.3723958333333333 0.09722222222222222 0.109375
7 0.9618055555555556 0.7065972222222222 0.0763888888888889 0.07291666666666667
7 0.9118055555555555 0.8029513888888888 0.10694444444444444 0.0920138888888889
1 0.011111111111111112 0.8012152777777778 0.019444444444444445 0.0642361111111111
7 0.5451388888888888 0.7621527777777778 0.0375 0.04513888888888889
7 0.7534722222222222 0.4322916666666667 0.04027777777777778 0.04861111111111111
0 0.19166666666666668 0.051215277777777776 0.07222222222222222 0.06076388888888889
