0 0.10208333333333333 0.11631944444444445 0.06805555555555555 0.08333333333333333
0 0.0763888888888889 0.16493055555555555 0.06111111111111111 0.08680555555555555
0 0.32916666666666666 0.5251736111111112 0.06666666666666667 0.0920138888888889
0 0.4840277777777778 0.6171875 0.07916666666666666 0.08159722222222222
0 0.42569444444444443 0.6979166666666666 0.06805555555555555 0.08333333333333333
0 0.029166666666666667 0.8064236111111112 0.05555555555555555 0.10590277777777778
0 0.6631944444444444 0.3055555555555556 0.05694444444444444 0.0763888888888889
0 0.5833333333333334 0.8177083333333334 0.06111111111111111 0.0798611111111111
0 0.7722222222222223 0.8993055555555556 0.06388888888888888 0.08333333333333333
1 0.6138888888888889 0.2847222222222222 0.05277777777777778 0.0625
1 0.21736111111111112 0.4210069444444444 0.04861111111111111 0.07465277777777778
7 0.7402777777777778 0.021701388888888888 0.04722222222222222 0.03993055555555555
7 0.37569444444444444 0.1484375 0.10694444444444444 0.13368055555555555
7 0.2833333333333333 0.18055555555555555 0.041666666666666664 0.05555555555555555
7 0.2763888888888889 0.28125 0.05555555555555555 0.059027777777777776
7 0.20694444444444443 0.8993055555555556 0.041666666666666664 0.059027777777777776
7 0.6270833333333333 0.7456597222222222 0.05416666666666667 0.11284722222222222
7 0.44722222222222224 0.8862847222222222 0.03888888888888889 0.050347222222222224
