0 0.42777777777777776 0.1970486111111111 0.06666666666666667 0.08506944444444445
0 0.47847222222222224 0.10590277777777778 0.08194444444444444 0.0798611111111111
0 0.61875 0.234375 0.05138888888888889 0.1111111111111111
0 0.5763888888888888 0.3133680555555556 0.06388888888888888 0.07465277777777778
0 0.7652777777777777 0.390625 0.06111111111111111 0.0798611111111111
0 0.6048611111111111 0.6553819444444444 0.06805555555555555 0.08159722222222222
0 0.8791666666666667 0.5668402777777778 0.07222222222222222 0.08159722222222222
0 0.034722222222222224 0.3012152777777778 0.06666666666666667 0.1232638888888889
0 0.2847222222222222 0.7916666666666666 0.058333333333333334 0.08333333333333333
1 0.22777777777777777 0.7248263888888888 0.05 0.06076388888888889
7 0.034027777777777775 0.7256944444444444 0.059722222222222225 0.06597222222222222
7 0.04097222222222222 0.6154513888888888 0.034722222222222224 0.043402777777777776
7 0.07916666666666666 0.1736111111111111 0.03611111111111111 0.052083333333333336
7 0.11319444444444444 0.1423611111111111 0.0375 0.052083333333333336
0 0.32430555555555557 0.03125 0.06805555555555555 0.059027777777777776
7 0.9083333333333333 0.7621527777777778 0.06388888888888888 0.08333333333333333
7 0.7513888888888889 0.8342013888888888 0.041666666666666664 0.057291666666666664
7 0.7361111111111112 0.8862847222222222 0.030555555555555555 0.03993055555555555
7 0.7430555555555556 0.9296875 0.041666666666666664 0.06076388888888889
7 0.2013888888888889 0.3888888888888889 0.03333333333333333 0.04861111111111111
7 0.3993055555555556 0.4809027777777778 0.04861111111111111 0.052083333333333336
