1 0.1736111111111111 0.05555555555555555 0.05277777777777778 0.06597222222222222
1 0.24930555555555556 0.07378472222222222 0.04583333333333333 0.06076388888888889
1 0.31875 0.09895833333333333 0.05416666666666667 0.0625
1 0.33125 0.2378472222222222 0.05138888888888889 0.05555555555555555
1 0.058333333333333334 0.2907986111111111 0.05277777777777778 0.06770833333333333
1 0.08333333333333333 0.4635416666666667 0.04722222222222222 0.05555555555555555
1 0.15208333333333332 0.4314236111111111 0.05416666666666667 0.0642361111111111
1 0.275 0.4878472222222222 0.058333333333333334 0.06597222222222222
1 0.3090277777777778 0.3567708333333333 0.043055555555555555 0.05381944444444445
1 0.35555555555555557 0.3611111111111111 0.03888888888888889 0.059027777777777776
1 0.50625 0.10069444444444445 0.05416666666666667 0.0625
1 0.5201388888888889 0.3654513888888889 0.05694444444444444 0.07465277777777778
1 0.4951388888888889 0.5399305555555556 0.05694444444444444 0.06597222222222222
1 0.5375 0.6519097222222222 0.044444444444444446 0.06076388888888889
1 0.5430555555555555 0.7612847222222222 0.04722222222222222 0.057291666666666664
1 0.2048611111111111 0.6267361111111112 0.05416666666666667 0.06597222222222222
1 0.08541666666666667 0.8038194444444444 0.05138888888888889 0.06597222222222222
1 0.10555555555555556 0.6979166666666666 0.044444444444444446 0.059027777777777776
1 0.35833333333333334 0.6979166666666666 0.058333333333333334 0.06944444444444445
1 0.3548611111111111 0.8038194444444444 0.04861111111111111 0.06597222222222222
1 0.3638888888888889 0.8854166666666666 0.06111111111111111 0.06597222222222222
1 0.8777777777777778 0.2326388888888889 0.06111111111111111 0.0763888888888889
1 0.9416666666666667 0.4010416666666667 0.04722222222222222 0.07291666666666667
1 0.6770833333333334 0.4965277777777778 0.05416666666666667 0.0625
1 0.8111111111111111 0.6310763888888888 0.044444444444444446 0.057291666666666664
1 0.8861111111111111 0.7604166666666666 0.05 0.05555555555555555
