1 0.20555555555555555 0.3602430555555556 0.06388888888888888 0.07465277777777778
1 0.13402777777777777 0.6189236111111112 0.05138888888888889 0.07465277777777778
1 0.3625 0.6996527777777778 0.06666666666666667 0.0763888888888889
1 0.08472222222222223 0.8020833333333334 0.05 0.059027777777777776
1 0.13194444444444445 0.8116319444444444 0.044444444444444446 0.05381944444444445
1 0.1909722222222222 0.8029513888888888 0.04583333333333333 0.06076388888888889
1 0.03263888888888889 0.9340277777777778 0.05416666666666667 0.0625
1 0.5569444444444445 0.9487847222222222 0.058333333333333334 0.078125
1 0.5972222222222222 0.734375 0.06666666666666667 0.0763888888888889
1 0.5881944444444445 0.6258680555555556 0.05138888888888889 0.0642361111111111
1 0.6430555555555556 0.5963541666666666 0.058333333333333334 0.07118055555555555
1 0.7104166666666667 0.1484375 0.059722222222222225 0.0642361111111111
1 0.68125 0.1996527777777778 0.04027777777777778 0.04513888888888889
1 0.73125 0.2482638888888889 0.05694444444444444 0.0625
1 0.9298611111111111 0.03993055555555555 0.04861111111111111 0.06944444444444445
1 0.9118055555555555 0.16145833333333334 0.059722222222222225 0.07291666666666667
1 0.8673611111111111 0.2942708333333333 0.04861111111111111 0.06770833333333333
1 0.8631944444444445 0.4956597222222222 0.04583333333333333 0.0642361111111111
1 0.925 0.4817708333333333 0.05 0.07118055555555555
1 0.825 0.8350694444444444 0.05 0.059027777777777776
1 0.7229166666666667 0.8645833333333334 0.04861111111111111 0.059027777777777776
1 0.73125 0.9262152777777778 0.05138888888888889 0.0642361111111111
