1 0.1798611111111111 0.09288194444444445 0.043055555555555555 0.050347222222222224
1 0.3298611111111111 0.07725694444444445 0.059722222222222225 0.06770833333333333
1 0.4861111111111111 0.1449652777777778 0.05277777777777778 0.0642361111111111
1 0.6291666666666667 0.13975694444444445 0.06111111111111111 0.0642361111111111
1 0.8368055555555556 0.0390625 0.059722222222222225 0.0642361111111111
1 0.9097222222222222 0.11805555555555555 0.044444444444444446 0.059027777777777776
1 0.8819444444444444 0.2421875 0.05 0.06770833333333333
1 0.9180555555555555 0.421875 0.05555555555555555 0.0763888888888889
1 0.6833333333333333 0.24739583333333334 0.06111111111111111 0.0642361111111111
1 0.4847222222222222 0.3914930555555556 0.05277777777777778 0.06076388888888889
1 0.4673611111111111 0.4557291666666667 0.04583333333333333 0.0642361111111111
1 0.34652777777777777 0.3567708333333333 0.06527777777777778 0.07465277777777778
1 0.043055555555555555 0.4774305555555556 0.058333333333333334 0.07291666666666667
1 0.12638888888888888 0.5381944444444444 0.044444444444444446 0.06597222222222222
1 0.18680555555555556 0.5546875 0.04861111111111111 0.057291666666666664
1 0.8611111111111112 0.6041666666666666 0.04722222222222222 0.0625
1 0.7854166666666667 0.5616319444444444 0.04861111111111111 0.06076388888888889
1 0.7277777777777777 0.5512152777777778 0.04722222222222222 0.07118055555555555
1 0.6916666666666667 0.7699652777777778 0.05 0.06770833333333333
1 0.7951388888888888 0.8359375 0.05694444444444444 0.07118055555555555
1 0.5916666666666667 0.6961805555555556 0.05277777777777778 0.059027777777777776
1 0.6104166666666667 0.8402777777777778 0.059722222222222225 0.06944444444444445
1 0.6513888888888889 0.9322916666666666 0.05 0.059027777777777776
1 0.4513888888888889 0.6875 0.04722222222222222 0.05555555555555555
1 0.33541666666666664 0.7378472222222222 0.059722222222222225 0.07291666666666667
1 0.23055555555555557 0.7786458333333334 0.044444444444444446 0.0642361111111111
1 0.2847222222222222 0.8246527777777778 0.041666666666666664 0.052083333333333336
1 0.26319444444444445 0.9522569444444444 0.0625 0.06076388888888889
1 0.1638888888888889 0.8619791666666666 0.05277777777777778 0.057291666666666664
1 0.1673611111111111 0.9401041666666666 0.059722222222222225 0.057291666666666664
1 0.6041666666666666 0.6423611111111112 0.05555555555555555 0.059027777777777776
