0 0.16527777777777777 0.4774305555555556 0.075 0.09722222222222222
0 0.33819444444444446 0.4539930555555556 0.06805555555555555 0.08854166666666667
0 0.4222222222222222 0.7013888888888888 0.06666666666666667 0.0798611111111111
0 0.6597222222222222 0.1440972222222222 0.08333333333333333 0.1076388888888889
0 0.23472222222222222 0.058159722222222224 0.07222222222222222 0.10590277777777778
0 0.4708333333333333 0.046875 0.07222222222222222 0.09027777777777778
0 0.23541666666666666 0.7178819444444444 0.0763888888888889 0.078125
0 0.8847222222222222 0.8177083333333334 0.06111111111111111 0.09027777777777778
0 0.5340277777777778 0.4322916666666667 0.07083333333333333 0.10069444444444445
0 0.2048611111111111 0.3828125 0.09027777777777778 0.109375
0 0.9791666666666666 0.7335069444444444 0.041666666666666664 0.109375
0 0.38680555555555557 0.03993055555555555 0.07361111111111111 0.0763888888888889
0 0.39444444444444443 0.9609375 0.06666666666666667 0.06770833333333333
7 0.18194444444444444 0.8151041666666666 0.08333333333333333 0.0954861111111111
1 0.17916666666666667 0.9435763888888888 0.05 0.0642361111111111
0 0.6715277777777777 0.7083333333333334 0.08472222222222223 0.10416666666666667
1 0.5833333333333334 0.7829861111111112 0.05 0.0763888888888889
0 0.11805555555555555 0.11197916666666667 0.1 0.11631944444444445
0 0.6902777777777778 0.013020833333333334 0.06944444444444445 0.022569444444444444
