0 0.6965277777777777 0.1875 0.05138888888888889 0.06944444444444445
0 0.7743055555555556 0.3203125 0.05416666666666667 0.078125
0 0.8965277777777778 0.1996527777777778 0.04583333333333333 0.06597222222222222
0 0.8881944444444444 0.7925347222222222 0.05416666666666667 0.07465277777777778
0 0.2986111111111111 0.5190972222222222 0.07222222222222222 0.08333333333333333
0 0.125 0.4930555555555556 0.075 0.08333333333333333
0 0.2875 0.9461805555555556 0.06388888888888888 0.09722222222222222
0 0.7597222222222222 0.9592013888888888 0.06388888888888888 0.07118055555555555
0 0.4527777777777778 0.3151041666666667 0.06111111111111111 0.08854166666666667
0 0.4861111111111111 0.2630208333333333 0.06388888888888888 0.07465277777777778
0 0.4791666666666667 0.3602430555555556 0.06388888888888888 0.08159722222222222
0 0.7673611111111112 0.7109375 0.06527777777777778 0.0920138888888889
0 0.9506944444444444 0.14322916666666666 0.05416666666666667 0.0954861111111111
1 0.17291666666666666 0.6241319444444444 0.04861111111111111 0.07118055555555555
1 0.9763888888888889 0.2977430555555556 0.04722222222222222 0.06770833333333333
1 0.725 0.3619791666666667 0.041666666666666664 0.06076388888888889
7 0.3611111111111111 0.3003472222222222 0.04722222222222222 0.059027777777777776
7 0.6076388888888888 0.020833333333333332 0.04861111111111111 0.03819444444444445
7 0.13958333333333334 0.05642361111111111 0.05694444444444444 0.07118055555555555
7 0.020833333333333332 0.1189236111111111 0.03888888888888889 0.043402777777777776
7 0.08958333333333333 0.3611111111111111 0.043055555555555555 0.052083333333333336
7 0.014583333333333334 0.5894097222222222 0.02638888888888889 0.0920138888888889
7 0.3125 0.7890625 0.05555555555555555 0.06076388888888889
7 0.5361111111111111 0.6979166666666666 0.1388888888888889 0.1875
0 0.5270833333333333 0.8984375 0.07083333333333333 0.09895833333333333
0 0.8284722222222223 0.9279513888888888 0.06527777777777778 0.09895833333333333
0 0.90625 0.6163194444444444 0.07361111111111111 0.09722222222222222
0 0.18958333333333333 0.9704861111111112 0.0625 0.052083333333333336
7 0.6722222222222223 0.5060763888888888 0.04722222222222222 0.0642361111111111
7 0.21041666666666667 0.4513888888888889 0.0763888888888889 0.12152777777777778
7 0.9256944444444445 0.9782986111111112 0.043055555555555555 0.036458333333333336
7 0.8444444444444444 0.5746527777777778 0.027777777777777776 0.034722222222222224
