0 0.27361111111111114 0.035590277777777776 0.08055555555555556 0.06770833333333333
0 0.14305555555555555 0.10677083333333333 0.06388888888888888 0.09895833333333333
0 0.2986111111111111 0.2534722222222222 0.075 0.08333333333333333
0 0.05486111111111111 0.4548611111111111 0.06805555555555555 0.09027777777777778
0 0.8923611111111112 0.4973958333333333 0.06527777777777778 0.0954861111111111
0 0.9527777777777777 0.5364583333333334 0.06388888888888888 0.09027777777777778
0 0.4013888888888889 0.8472222222222222 0.07222222222222222 0.10069444444444445
0 0.8604166666666667 0.7560763888888888 0.07083333333333333 0.0954861111111111
0 0.8895833333333333 0.6328125 0.0763888888888889 0.0954861111111111
0 0.9034722222222222 0.8819444444444444 0.07083333333333333 0.09722222222222222
0 0.96875 0.8836805555555556 0.0625 0.1111111111111111
1 0.20833333333333334 0.03298611111111111 0.05 0.0625
1 0.12986111111111112 0.025173611111111112 0.04861111111111111 0.046875
0 0.01875 0.875 0.034722222222222224 0.08333333333333333
0 0.6680555555555555 0.3498263888888889 0.06666666666666667 0.08506944444444445
7 0.8076388888888889 0.6102430555555556 0.06527777777777778 0.078125
7 0.9326388888888889 0.9618055555555556 0.07361111111111111 0.059027777777777776
7 0.11736111111111111 0.3671875 0.04861111111111111 0.057291666666666664
7 0.37569444444444444 0.6996527777777778 0.043055555555555555 0.052083333333333336
0 0.46111111111111114 0.8463541666666666 0.06944444444444445 0.11979166666666667
7 0.4486111111111111 0.9774305555555556 0.058333333333333334 0.041666666666666664
7 0.5548611111111111 0.953125 0.05138888888888889 0.06597222222222222
