1 0.17569444444444443 0.16493055555555555 0.05416666666666667 0.06597222222222222
1 0.19791666666666666 0.07552083333333333 0.04583333333333333 0.05381944444444445
1 0.23402777777777778 0.3185763888888889 0.04861111111111111 0.0642361111111111
1 0.31319444444444444 0.3880208333333333 0.05138888888888889 0.06770833333333333
1 0.5041666666666667 0.4314236111111111 0.04722222222222222 0.06770833333333333
1 0.5881944444444445 0.5520833333333334 0.06527777777777778 0.07291666666666667
1 0.6881944444444444 0.5711805555555556 0.04861111111111111 0.06597222222222222
1 0.8666666666666667 0.5954861111111112 0.05555555555555555 0.06597222222222222
1 0.33125 0.5104166666666666 0.05416666666666667 0.0763888888888889
1 0.24444444444444444 0.6015625 0.05555555555555555 0.07465277777777778
1 0.022222222222222223 0.8090277777777778 0.041666666666666664 0.05555555555555555
1 0.2763888888888889 0.8506944444444444 0.044444444444444446 0.0625
1 0.3923611111111111 0.7690972222222222 0.05138888888888889 0.0625
1 0.44513888888888886 0.7274305555555556 0.04861111111111111 0.0763888888888889
1 0.5 0.7760416666666666 0.05555555555555555 0.07291666666666667
1 0.6361111111111111 0.8003472222222222 0.04722222222222222 0.0625
1 0.44722222222222224 0.06684027777777778 0.03888888888888889 0.050347222222222224
1 0.5076388888888889 0.1640625 0.04583333333333333 0.06076388888888889
1 0.625 0.109375 0.044444444444444446 0.0625
1 0.7458333333333333 0.2552083333333333 0.05 0.06597222222222222
1 0.80625 0.3420138888888889 0.05416666666666667 0.0625
1 0.7923611111111111 0.1111111111111111 0.04861111111111111 0.0625
1 0.8263888888888888 0.036458333333333336 0.04722222222222222 0.059027777777777776
1 0.8659722222222223 0.1232638888888889 0.04583333333333333 0.059027777777777776
1 0.9104166666666667 0.051215277777777776 0.05138888888888889 0.057291666666666664
1 0.9701388888888889 0.12239583333333333 0.043055555555555555 0.06770833333333333
