1 0.17777777777777778 0.4887152777777778 0.06111111111111111 0.0642361111111111
1 0.4263888888888889 0.4800347222222222 0.05555555555555555 0.0642361111111111
1 0.6506944444444445 0.3220486111111111 0.05416666666666667 0.0642361111111111
1 0.4222222222222222 0.5633680555555556 0.05277777777777778 0.057291666666666664
1 0.28680555555555554 0.6197916666666666 0.05416666666666667 0.0763888888888889
1 0.44513888888888886 0.7326388888888888 0.05138888888888889 0.06597222222222222
1 0.24930555555555556 0.7178819444444444 0.05694444444444444 0.07465277777777778
1 0.49930555555555556 0.9244791666666666 0.059722222222222225 0.07465277777777778
1 0.3 0.9201388888888888 0.04722222222222222 0.06597222222222222
1 0.12638888888888888 0.6883680555555556 0.05 0.06076388888888889
1 0.05138888888888889 0.7074652777777778 0.058333333333333334 0.06770833333333333
1 0.1388888888888889 0.7717013888888888 0.05277777777777778 0.0642361111111111
1 0.7243055555555555 0.06684027777777778 0.05416666666666667 0.0642361111111111
1 0.2916666666666667 0.4348958333333333 0.04722222222222222 0.06076388888888889
1 0.8548611111111111 0.7361111111111112 0.05138888888888889 0.07291666666666667
1 0.6611111111111111 0.8515625 0.05 0.0642361111111111
1 0.16875 0.9548611111111112 0.05694444444444444 0.0625
1 0.3326388888888889 0.19270833333333334 0.059722222222222225 0.06597222222222222
1 0.49930555555555556 0.1953125 0.059722222222222225 0.06770833333333333
1 0.33958333333333335 0.06163194444444445 0.04861111111111111 0.078125
1 0.9451388888888889 0.6102430555555556 0.059722222222222225 0.07465277777777778
1 0.8340277777777778 0.234375 0.05694444444444444 0.06597222222222222
1 0.7145833333333333 0.6276041666666666 0.05416666666666667 0.07118055555555555
1 0.9631944444444445 0.3081597222222222 0.0625 0.06770833333333333
