0 0.06111111111111111 0.6050347222222222 0.09166666666666666 0.0920138888888889
0 0.2513888888888889 0.7421875 0.07222222222222222 0.0920138888888889
0 0.3715277777777778 0.8854166666666666 0.07361111111111111 0.09722222222222222
0 0.5291666666666667 0.9149305555555556 0.07777777777777778 0.10416666666666667
0 0.8131944444444444 0.4001736111111111 0.0875 0.0920138888888889
0 0.8305555555555556 0.23958333333333334 0.075 0.09375
0 0.825 0.14930555555555555 0.06944444444444445 0.0798611111111111
0 0.22847222222222222 0.15711805555555555 0.05138888888888889 0.06770833333333333
0 0.7888888888888889 0.5998263888888888 0.08055555555555556 0.08159722222222222
7 0.16041666666666668 0.2309027777777778 0.04861111111111111 0.059027777777777776
7 0.25069444444444444 0.2361111111111111 0.05694444444444444 0.06944444444444445
7 0.044444444444444446 0.3315972222222222 0.05555555555555555 0.06597222222222222
7 0.07430555555555556 0.4609375 0.06805555555555555 0.06770833333333333
7 0.034027777777777775 0.8741319444444444 0.05416666666666667 0.07465277777777778
7 0.28125 0.6223958333333334 0.05138888888888889 0.06770833333333333
7 0.5611111111111111 0.2907986111111111 0.05277777777777778 0.06076388888888889
7 0.6694444444444444 0.6223958333333334 0.10277777777777777 0.08506944444444445
1 0.5972222222222222 0.8940972222222222 0.05 0.04861111111111111
1 0.8777777777777778 0.0842013888888889 0.05555555555555555 0.0642361111111111
7 0.6166666666666667 0.019965277777777776 0.03888888888888889 0.036458333333333336
7 0.6076388888888888 0.9305555555555556 0.05694444444444444 0.04513888888888889
