0 0.11875 0.044270833333333336 0.08472222222222223 0.08506944444444445
0 0.29444444444444445 0.0625 0.075 0.09027777777777778
0 0.2875 0.5034722222222222 0.06944444444444445 0.1111111111111111
0 0.25069444444444444 0.6805555555555556 0.06527777777777778 0.09722222222222222
0 0.5659722222222222 0.65625 0.059722222222222225 0.09027777777777778
0 0.7534722222222222 0.5225694444444444 0.059722222222222225 0.09027777777777778
0 0.8881944444444444 0.3402777777777778 0.05138888888888889 0.06944444444444445
0 0.8270833333333333 0.4800347222222222 0.06805555555555555 0.078125
0 0.7611111111111111 0.2586805555555556 0.06944444444444445 0.0798611111111111
0 0.7756944444444445 0.9427083333333334 0.07361111111111111 0.10069444444444445
0 0.8923611111111112 0.5755208333333334 0.07083333333333333 0.078125
0 0.18819444444444444 0.5286458333333334 0.0625 0.07465277777777778
0 0.9055555555555556 0.16666666666666666 0.07777777777777778 0.09375
1 0.1701388888888889 0.1701388888888889 0.04861111111111111 0.06597222222222222
0 0.5388888888888889 0.2795138888888889 0.13055555555555556 0.13541666666666666
7 0.3090277777777778 0.3402777777777778 0.05138888888888889 0.06597222222222222
7 0.5284722222222222 0.4513888888888889 0.07916666666666666 0.1076388888888889
7 0.80625 0.6701388888888888 0.0625 0.125
7 0.8715277777777778 0.6640625 0.0763888888888889 0.08506944444444445
7 0.8951388888888889 0.9479166666666666 0.10972222222222222 0.09027777777777778
7 0.38472222222222224 0.6848958333333334 0.04722222222222222 0.06770833333333333
7 0.43472222222222223 0.6779513888888888 0.05 0.06770833333333333
7 0.6270833333333333 0.9739583333333334 0.0625 0.03819444444444445
7 0.6666666666666666 0.057291666666666664 0.044444444444444446 0.059027777777777776
7 0.013194444444444444 0.1371527777777778 0.02361111111111111 0.08333333333333333
7 0.02013888888888889 0.9765625 0.034722222222222224 0.043402777777777776
7 0.9229166666666667 0.5277777777777778 0.0375 0.04861111111111111
7 0.8458333333333333 0.11979166666666667 0.030555555555555555 0.041666666666666664
0 0.5138888888888888 0.21614583333333334 0.06666666666666667 0.078125
