1 0.1673611111111111 0.0546875 0.043055555555555555 0.050347222222222224
1 0.24861111111111112 0.06684027777777778 0.05 0.057291666666666664
1 0.2520833333333333 0.1840277777777778 0.05138888888888889 0.06597222222222222
1 0.10625 0.11805555555555555 0.043055555555555555 0.04861111111111111
1 0.6194444444444445 0.04861111111111111 0.05 0.059027777777777776
1 0.7291666666666666 0.20225694444444445 0.044444444444444446 0.0642361111111111
1 0.8479166666666667 0.0859375 0.05416666666666667 0.06770833333333333
1 0.8256944444444444 0.1875 0.059722222222222225 0.07291666666666667
1 0.9048611111111111 0.2421875 0.05694444444444444 0.07118055555555555
1 0.84375 0.4097222222222222 0.05138888888888889 0.0625
1 0.9298611111111111 0.4635416666666667 0.05694444444444444 0.06597222222222222
1 0.9743055555555555 0.6024305555555556 0.05138888888888889 0.0763888888888889
1 0.7472222222222222 0.4548611111111111 0.058333333333333334 0.059027777777777776
1 0.6076388888888888 0.5225694444444444 0.04861111111111111 0.0625
1 0.42569444444444443 0.2552083333333333 0.05138888888888889 0.06597222222222222
1 0.40625 0.3862847222222222 0.06527777777777778 0.06770833333333333
1 0.3159722222222222 0.5720486111111112 0.05694444444444444 0.08159722222222222
1 0.2125 0.6293402777777778 0.05 0.06770833333333333
1 0.06736111111111111 0.6128472222222222 0.04861111111111111 0.0625
1 0.1798611111111111 0.7604166666666666 0.05138888888888889 0.06597222222222222
1 0.41180555555555554 0.6215277777777778 0.05416666666666667 0.0763888888888889
1 0.4708333333333333 0.6640625 0.05 0.0642361111111111
1 0.5923611111111111 0.7065972222222222 0.05138888888888889 0.06944444444444445
1 0.6881944444444444 0.5711805555555556 0.04861111111111111 0.06944444444444445
1 0.8069444444444445 0.5147569444444444 0.041666666666666664 0.06076388888888889
1 0.8645833333333334 0.5234375 0.04861111111111111 0.06076388888888889
1 0.8236111111111111 0.6102430555555556 0.05277777777777778 0.06076388888888889
1 0.6951388888888889 0.7465277777777778 0.05416666666666667 0.06597222222222222
1 0.95625 0.84375 0.04861111111111111 0.0625
1 0.5506944444444445 0.7664930555555556 0.04861111111111111 0.06076388888888889
1 0.6097222222222223 0.8463541666666666 0.04722222222222222 0.07118055555555555
1 0.1701388888888889 0.8463541666666666 0.034722222222222224 0.043402777777777776
