1 0.23541666666666666 0.2421875 0.05138888888888889 0.0642361111111111
1 0.07708333333333334 0.3854166666666667 0.04583333333333333 0.06944444444444445
1 0.19791666666666666 0.3585069444444444 0.0375 0.057291666666666664
1 0.2861111111111111 0.3428819444444444 0.044444444444444446 0.06076388888888889
1 0.2048611111111111 0.4348958333333333 0.043055555555555555 0.05381944444444445
1 0.19791666666666666 0.5616319444444444 0.043055555555555555 0.05381944444444445
1 0.15069444444444444 0.5920138888888888 0.04861111111111111 0.0625
1 0.06597222222222222 0.8689236111111112 0.043055555555555555 0.06076388888888889
1 0.11944444444444445 0.9262152777777778 0.04722222222222222 0.05381944444444445
1 0.4097222222222222 0.625 0.04722222222222222 0.0625
1 0.3145833333333333 0.5572916666666666 0.04583333333333333 0.05555555555555555
1 0.4847222222222222 0.4895833333333333 0.05 0.06944444444444445
1 0.45 0.07552083333333333 0.05 0.057291666666666664
1 0.45416666666666666 0.22743055555555555 0.06388888888888888 0.059027777777777776
1 0.6861111111111111 0.2013888888888889 0.05 0.0625
1 0.7902777777777777 0.2109375 0.05 0.057291666666666664
1 0.7513888888888889 0.2543402777777778 0.05 0.05381944444444445
1 0.8715277777777778 0.3229166666666667 0.04861111111111111 0.059027777777777776
1 0.6347222222222222 0.4105902777777778 0.05 0.057291666666666664
1 0.6243055555555556 0.4878472222222222 0.04027777777777778 0.04861111111111111
1 0.6680555555555555 0.4748263888888889 0.05277777777777778 0.06076388888888889
1 0.5708333333333333 0.6041666666666666 0.05 0.06944444444444445
1 0.7798611111111111 0.6675347222222222 0.04583333333333333 0.06076388888888889
1 0.6055555555555555 0.7647569444444444 0.04722222222222222 0.050347222222222224
1 0.7 0.9626736111111112 0.05 0.05381944444444445
1 0.9625 0.6371527777777778 0.05 0.0625
1 0.4986111111111111 0.7404513888888888 0.05 0.057291666666666664
1 0.5041666666666667 0.6631944444444444 0.044444444444444446 0.059027777777777776
1 0.38680555555555557 0.9053819444444444 0.05138888888888889 0.06076388888888889
1 0.6152777777777778 0.8411458333333334 0.03888888888888889 0.05381944444444445
1 0.7284722222222222 0.7630208333333334 0.043055555555555555 0.057291666666666664
