1 0.28680555555555554 0.027777777777777776 0.04583333333333333 0.052083333333333336
1 0.2534722222222222 0.10069444444444445 0.04583333333333333 0.05555555555555555
1 0.4652777777777778 0.04774305555555555 0.05277777777777778 0.06076388888888889
1 0.5840277777777778 0.1579861111111111 0.04861111111111111 0.0625
1 0.5861111111111111 0.22569444444444445 0.05555555555555555 0.06597222222222222
1 0.7652777777777777 0.2230902777777778 0.05 0.0642361111111111
1 0.8083333333333333 0.3090277777777778 0.05277777777777778 0.06597222222222222
1 0.7826388888888889 0.04861111111111111 0.043055555555555555 0.059027777777777776
1 0.9201388888888888 0.22743055555555555 0.04861111111111111 0.07291666666666667
1 0.9736111111111111 0.4409722222222222 0.04722222222222222 0.0798611111111111
1 0.7368055555555556 0.4348958333333333 0.05138888888888889 0.0642361111111111
1 0.45694444444444443 0.3541666666666667 0.041666666666666664 0.04861111111111111
1 0.42986111111111114 0.5052083333333334 0.04027777777777778 0.059027777777777776
1 0.8416666666666667 0.5555555555555556 0.05 0.0625
1 0.7590277777777777 0.6310763888888888 0.04861111111111111 0.0642361111111111
1 0.6923611111111111 0.8255208333333334 0.04583333333333333 0.0642361111111111
1 0.8395833333333333 0.7777777777777778 0.04027777777777778 0.0625
1 0.8597222222222223 0.8975694444444444 0.04722222222222222 0.059027777777777776
1 0.4888888888888889 0.8133680555555556 0.058333333333333334 0.07465277777777778
1 0.41875 0.7630208333333334 0.043055555555555555 0.050347222222222224
1 0.20625 0.4053819444444444 0.04861111111111111 0.057291666666666664
1 0.06458333333333334 0.5173611111111112 0.04861111111111111 0.0625
1 0.15208333333333332 0.6041666666666666 0.059722222222222225 0.06944444444444445
1 0.11527777777777778 0.8029513888888888 0.05555555555555555 0.06770833333333333
1 0.043055555555555555 0.6927083333333334 0.058333333333333334 0.06944444444444445
