0 0.23958333333333334 0.14322916666666666 0.0625 0.0954861111111111
0 0.33958333333333335 0.06510416666666667 0.06527777777777778 0.08506944444444445
0 0.6104166666666667 0.17274305555555555 0.07083333333333333 0.10590277777777778
0 0.6944444444444444 0.18836805555555555 0.08333333333333333 0.10243055555555555
0 0.7041666666666667 0.2664930555555556 0.06944444444444445 0.0920138888888889
0 0.8909722222222223 0.09895833333333333 0.10138888888888889 0.125
0 0.47638888888888886 0.4670138888888889 0.06944444444444445 0.11805555555555555
0 0.43819444444444444 0.734375 0.07083333333333333 0.10069444444444445
0 0.17847222222222223 0.5190972222222222 0.06527777777777778 0.08680555555555555
0 0.25555555555555554 0.8168402777777778 0.058333333333333334 0.08159722222222222
0 0.23958333333333334 0.4019097222222222 0.08194444444444444 0.13368055555555555
0 0.2222222222222222 0.2378472222222222 0.06666666666666667 0.08333333333333333
0 0.24375 0.296875 0.07083333333333333 0.08680555555555555
0 0.8201388888888889 0.9609375 0.0763888888888889 0.06770833333333333
0 0.017361111111111112 0.2647569444444444 0.03194444444444444 0.078125
7 0.5430555555555555 0.515625 0.04722222222222222 0.059027777777777776
7 0.5069444444444444 0.7144097222222222 0.044444444444444446 0.06076388888888889
7 0.6076388888888888 0.8211805555555556 0.04583333333333333 0.059027777777777776
7 0.9465277777777777 0.8203125 0.059722222222222225 0.06770833333333333
7 0.7090277777777778 0.5373263888888888 0.04583333333333333 0.057291666666666664
0 0.6597222222222222 0.3203125 0.075 0.11631944444444445
7 0.22569444444444445 0.8489583333333334 0.05694444444444444 0.06944444444444445
7 0.24027777777777778 0.029513888888888888 0.044444444444444446 0.052083333333333336
7 0.9805555555555555 0.033854166666666664 0.03888888888888889 0.050347222222222224
