1 0.22083333333333333 0.1545138888888889 0.04722222222222222 0.052083333333333336
1 0.25625 0.22916666666666666 0.04861111111111111 0.052083333333333336
1 0.38472222222222224 0.09461805555555555 0.058333333333333334 0.07465277777777778
1 0.5472222222222223 0.0685763888888889 0.05555555555555555 0.06076388888888889
1 0.6895833333333333 0.05381944444444445 0.06527777777777778 0.06944444444444445
1 0.8152777777777778 0.15104166666666666 0.05555555555555555 0.06597222222222222
1 0.93125 0.07725694444444445 0.05138888888888889 0.0642361111111111
1 0.9583333333333334 0.1605902777777778 0.044444444444444446 0.057291666666666664
1 0.6097222222222223 0.2725694444444444 0.06388888888888888 0.0763888888888889
1 0.28125 0.3159722222222222 0.05416666666666667 0.0798611111111111
1 0.33819444444444446 0.2309027777777778 0.05416666666666667 0.059027777777777776
1 0.45416666666666666 0.4253472222222222 0.058333333333333334 0.0763888888888889
1 0.06180555555555556 0.6822916666666666 0.04027777777777778 0.0625
1 0.0798611111111111 0.9652777777777778 0.05138888888888889 0.05555555555555555
1 0.23125 0.9236111111111112 0.043055555555555555 0.05555555555555555
1 0.36875 0.8342013888888888 0.05138888888888889 0.06076388888888889
1 0.31805555555555554 0.71875 0.05555555555555555 0.059027777777777776
1 0.5673611111111111 0.7751736111111112 0.05138888888888889 0.07465277777777778
1 0.7347222222222223 0.6762152777777778 0.05277777777777778 0.0642361111111111
1 0.9555555555555556 0.5763888888888888 0.044444444444444446 0.0625
1 0.7930555555555555 0.5069444444444444 0.041666666666666664 0.059027777777777776
1 0.8680555555555556 0.5572916666666666 0.05 0.0798611111111111
1 0.7458333333333333 0.8611111111111112 0.05277777777777778 0.06597222222222222
1 0.8083333333333333 0.7881944444444444 0.044444444444444446 0.052083333333333336
1 0.8645833333333334 0.7690972222222222 0.04583333333333333 0.059027777777777776
1 0.9159722222222222 0.9244791666666666 0.05416666666666667 0.0642361111111111
1 0.4638888888888889 0.9236111111111112 0.04722222222222222 0.0625
1 0.5458333333333333 0.9262152777777778 0.05277777777777778 0.0642361111111111
1 0.6756944444444445 0.9505208333333334 0.05416666666666667 0.06076388888888889
1 0.9243055555555556 0.7595486111111112 0.043055555555555555 0.05381944444444445
1 0.7729166666666667 0.2126736111111111 0.04027777777777778 0.0642361111111111
