1 0.12916666666666668 0.3723958333333333 0.06944444444444445 0.08506944444444445
1 0.6152777777777778 0.3645833333333333 0.06111111111111111 0.06597222222222222
1 0.22291666666666668 0.2786458333333333 0.05416666666666667 0.0642361111111111
1 0.7666666666666667 0.1171875 0.05555555555555555 0.0642361111111111
1 0.3333333333333333 0.4817708333333333 0.06388888888888888 0.0642361111111111
1 0.16666666666666666 0.7204861111111112 0.06111111111111111 0.08333333333333333
1 0.30694444444444446 0.8697916666666666 0.05277777777777778 0.0625
1 0.3506944444444444 0.9574652777777778 0.059722222222222225 0.07118055555555555
1 0.6041666666666666 0.6493055555555556 0.05555555555555555 0.0625
1 0.9729166666666667 0.6996527777777778 0.05416666666666667 0.07291666666666667
1 0.30486111111111114 0.2604166666666667 0.04583333333333333 0.0625
1 0.49583333333333335 0.049479166666666664 0.05 0.06770833333333333
1 0.5493055555555556 0.0720486111111111 0.04583333333333333 0.07118055555555555
1 0.8916666666666667 0.8454861111111112 0.058333333333333334 0.06944444444444445
1 0.6458333333333334 0.5850694444444444 0.05555555555555555 0.07291666666666667
