1 0.029861111111111113 0.3984375 0.04861111111111111 0.0642361111111111
1 0.13541666666666666 0.6137152777777778 0.05416666666666667 0.05381944444444445
1 0.06388888888888888 0.6788194444444444 0.05 0.06597222222222222
1 0.2263888888888889 0.7682291666666666 0.05 0.07465277777777778
1 0.07430555555555556 0.8472222222222222 0.04861111111111111 0.059027777777777776
1 0.44166666666666665 0.5112847222222222 0.04722222222222222 0.057291666666666664
1 0.5125 0.4644097222222222 0.04722222222222222 0.06076388888888889
1 0.5888888888888889 0.4730902777777778 0.06111111111111111 0.07118055555555555
1 0.7395833333333334 0.1909722222222222 0.05694444444444444 0.0798611111111111
1 0.9444444444444444 0.1579861111111111 0.05555555555555555 0.06944444444444445
1 0.90625 0.0798611111111111 0.05138888888888889 0.06597222222222222
1 0.85 0.5303819444444444 0.05277777777777778 0.06770833333333333
1 0.9569444444444445 0.6779513888888888 0.05 0.07118055555555555
1 0.5618055555555556 0.6032986111111112 0.043055555555555555 0.06770833333333333
1 0.36875 0.5373263888888888 0.05138888888888889 0.057291666666666664
1 0.7006944444444444 0.8689236111111112 0.05138888888888889 0.06076388888888889
1 0.9236111111111112 0.9270833333333334 0.05 0.06944444444444445
1 0.8388888888888889 0.7456597222222222 0.04722222222222222 0.057291666666666664
1 0.34097222222222223 0.9288194444444444 0.05416666666666667 0.059027777777777776
1 0.4222222222222222 0.7986111111111112 0.05277777777777778 0.0625
1 0.4548611111111111 0.15538194444444445 0.04861111111111111 0.057291666666666664
1 0.6256944444444444 0.14149305555555555 0.059722222222222225 0.07118055555555555
