0 0.23819444444444443 0.03298611111111111 0.06805555555555555 0.0625
0 0.2847222222222222 0.06510416666666667 0.06666666666666667 0.08854166666666667
0 0.24722222222222223 0.15625 0.08333333333333333 0.0763888888888889
0 0.20902777777777778 0.2864583333333333 0.08194444444444444 0.08333333333333333
0 0.2513888888888889 0.40625 0.06666666666666667 0.09722222222222222
0 0.3215277777777778 0.40625 0.06805555555555555 0.11458333333333333
0 0.68125 0.13802083333333334 0.07361111111111111 0.078125
0 0.6180555555555556 0.2942708333333333 0.06944444444444445 0.10590277777777778
0 0.9409722222222222 0.09809027777777778 0.0763888888888889 0.11284722222222222
0 0.9652777777777778 0.3125 0.06944444444444445 0.09375
0 0.7215277777777778 0.5538194444444444 0.0625 0.09027777777777778
0 0.6618055555555555 0.6692708333333334 0.07083333333333333 0.08854166666666667
0 0.09513888888888888 0.8159722222222222 0.07083333333333333 0.09722222222222222
0 0.8034722222222223 0.5954861111111112 0.07916666666666666 0.1076388888888889
1 0.47152777777777777 0.7074652777777778 0.05138888888888889 0.07118055555555555
1 0.9652777777777778 0.8567708333333334 0.044444444444444446 0.06770833333333333
1 0.5118055555555555 0.5729166666666666 0.04861111111111111 0.059027777777777776
