1 0.08125 0.125 0.05138888888888889 0.06597222222222222
1 0.16180555555555556 0.0685763888888889 0.04861111111111111 0.06076388888888889
1 0.22152777777777777 0.057291666666666664 0.04861111111111111 0.06944444444444445
1 0.39166666666666666 0.0390625 0.05555555555555555 0.06076388888888889
1 0.5694444444444444 0.06684027777777778 0.044444444444444446 0.06076388888888889
1 0.5159722222222223 0.21354166666666666 0.05416666666666667 0.059027777777777776
1 0.6013888888888889 0.2309027777777778 0.044444444444444446 0.059027777777777776
1 0.12152777777777778 0.25 0.043055555555555555 0.06597222222222222
1 0.1763888888888889 0.3472222222222222 0.05555555555555555 0.06944444444444445
1 0.06666666666666667 0.4236111111111111 0.05 0.06597222222222222
1 0.42430555555555555 0.4401041666666667 0.05138888888888889 0.06770833333333333
1 0.5104166666666666 0.4539930555555556 0.04583333333333333 0.057291666666666664
1 0.9770833333333333 0.2508680555555556 0.04583333333333333 0.06770833333333333
1 0.7319444444444444 0.4175347222222222 0.044444444444444446 0.05381944444444445
1 0.6493055555555556 0.2621527777777778 0.04583333333333333 0.059027777777777776
1 0.78125 0.5373263888888888 0.0625 0.06770833333333333
1 0.6402777777777777 0.6102430555555556 0.05277777777777778 0.06770833333333333
1 0.42916666666666664 0.7005208333333334 0.06111111111111111 0.07465277777777778
1 0.05277777777777778 0.7196180555555556 0.044444444444444446 0.057291666666666664
1 0.11388888888888889 0.7699652777777778 0.04722222222222222 0.0642361111111111
1 0.37916666666666665 0.7760416666666666 0.044444444444444446 0.059027777777777776
1 0.6368055555555555 0.9105902777777778 0.04027777777777778 0.05381944444444445
1 0.41180555555555554 0.9314236111111112 0.043055555555555555 0.05381944444444445
1 0.9493055555555555 0.9435763888888888 0.043055555555555555 0.05381944444444445
