1 0.02638888888888889 0.2300347222222222 0.05 0.057291666666666664
1 0.29097222222222224 0.14930555555555555 0.04583333333333333 0.052083333333333336
1 0.34652777777777777 0.08680555555555555 0.05138888888888889 0.0625
1 0.49930555555555556 0.08506944444444445 0.04027777777777778 0.05555555555555555
1 0.6256944444444444 0.11284722222222222 0.05138888888888889 0.059027777777777776
1 0.7673611111111112 0.11631944444444445 0.05138888888888889 0.06944444444444445
1 0.6847222222222222 0.1831597222222222 0.04722222222222222 0.0642361111111111
1 0.5479166666666667 0.2109375 0.05694444444444444 0.06076388888888889
1 0.23333333333333334 0.23350694444444445 0.05 0.0642361111111111
1 0.5208333333333334 0.3663194444444444 0.05 0.0625
1 0.8118055555555556 0.23350694444444445 0.05138888888888889 0.0642361111111111
1 0.9465277777777777 0.3272569444444444 0.05694444444444444 0.06770833333333333
1 0.775 0.3368055555555556 0.05277777777777778 0.06597222222222222
1 0.5854166666666667 0.4253472222222222 0.05138888888888889 0.06597222222222222
1 0.6583333333333333 0.3984375 0.04722222222222222 0.057291666666666664
1 0.325 0.4244791666666667 0.05 0.06770833333333333
1 0.37569444444444444 0.4340277777777778 0.043055555555555555 0.0625
1 0.0625 0.8428819444444444 0.05555555555555555 0.0642361111111111
1 0.1423611111111111 0.7847222222222222 0.04027777777777778 0.05555555555555555
1 0.26180555555555557 0.8081597222222222 0.05138888888888889 0.06770833333333333
1 0.4166666666666667 0.8125 0.044444444444444446 0.0625
1 0.5229166666666667 0.7595486111111112 0.06527777777777778 0.08159722222222222
1 0.7159722222222222 0.6501736111111112 0.04861111111111111 0.06770833333333333
1 0.8930555555555556 0.5920138888888888 0.05 0.06597222222222222
1 0.9027777777777778 0.6753472222222222 0.05 0.0625
1 0.9576388888888889 0.6927083333333334 0.05138888888888889 0.06597222222222222
1 0.9618055555555556 0.8498263888888888 0.05416666666666667 0.07118055555555555
1 0.7243055555555555 0.8107638888888888 0.04861111111111111 0.0625
1 0.5097222222222222 0.890625 0.058333333333333334 0.0625
1 0.36666666666666664 0.8706597222222222 0.041666666666666664 0.05381944444444445
1 0.11319444444444444 0.8888888888888888 0.04583333333333333 0.052083333333333336
1 0.15763888888888888 0.9392361111111112 0.043055555555555555 0.0625
1 0.7604166666666666 0.9236111111111112 0.05416666666666667 0.06597222222222222
