1 0.15555555555555556 0.11458333333333333 0.05277777777777778 0.06597222222222222
1 0.06597222222222222 0.2065972222222222 0.05416666666666667 0.06597222222222222
1 0.16458333333333333 0.5008680555555556 0.05416666666666667 0.06076388888888889
1 0.2902777777777778 0.7083333333333334 0.05 0.059027777777777776
1 0.3548611111111111 0.7473958333333334 0.05138888888888889 0.0642361111111111
1 0.29791666666666666 0.7725694444444444 0.05138888888888889 0.06944444444444445
1 0.25763888888888886 0.8046875 0.05138888888888889 0.08159722222222222
1 0.5152777777777777 0.08854166666666667 0.05 0.059027777777777776
1 0.5604166666666667 0.13194444444444445 0.043055555555555555 0.04861111111111111
1 0.7145833333333333 0.20572916666666666 0.05416666666666667 0.0642361111111111
1 0.8236111111111111 0.06076388888888889 0.058333333333333334 0.06597222222222222
1 0.8298611111111112 0.3081597222222222 0.05138888888888889 0.06770833333333333
1 0.50625 0.20052083333333334 0.05138888888888889 0.0642361111111111
1 0.6104166666666667 0.4079861111111111 0.05138888888888889 0.0763888888888889
1 0.41388888888888886 0.4140625 0.06388888888888888 0.07465277777777778
1 0.48541666666666666 0.546875 0.05138888888888889 0.06597222222222222
1 0.5326388888888889 0.6432291666666666 0.05416666666666667 0.06770833333333333
1 0.5944444444444444 0.7630208333333334 0.05277777777777778 0.06770833333333333
1 0.47430555555555554 0.8046875 0.04583333333333333 0.05381944444444445
1 0.7729166666666667 0.5590277777777778 0.05138888888888889 0.059027777777777776
1 0.9756944444444444 0.5616319444444444 0.043055555555555555 0.06770833333333333
1 0.8402777777777778 0.7222222222222222 0.044444444444444446 0.06597222222222222
1 0.68125 0.5321180555555556 0.04583333333333333 0.07118055555555555
