1 0.09444444444444444 0.1814236111111111 0.05 0.0642361111111111
1 0.20694444444444443 0.2526041666666667 0.04722222222222222 0.06076388888888889
1 0.43194444444444446 0.033854166666666664 0.058333333333333334 0.0642361111111111
1 0.4847222222222222 0.1189236111111111 0.05 0.05381944444444445
1 0.6618055555555555 0.1519097222222222 0.043055555555555555 0.06076388888888889
1 0.7340277777777777 0.09375 0.04583333333333333 0.052083333333333336
1 0.7375 0.1918402777777778 0.04722222222222222 0.0642361111111111
1 0.8729166666666667 0.22395833333333334 0.04861111111111111 0.0625
1 0.5222222222222223 0.21354166666666666 0.05 0.05555555555555555
1 0.36944444444444446 0.1970486111111111 0.05555555555555555 0.0642361111111111
1 0.25555555555555554 0.4826388888888889 0.05555555555555555 0.06597222222222222
1 0.15833333333333333 0.5546875 0.05277777777777778 0.06770833333333333
1 0.36736111111111114 0.6076388888888888 0.04861111111111111 0.0625
1 0.41458333333333336 0.7161458333333334 0.04861111111111111 0.0642361111111111
1 0.5090277777777777 0.6935763888888888 0.04861111111111111 0.0642361111111111
1 0.6104166666666667 0.7326388888888888 0.04861111111111111 0.059027777777777776
1 0.8277777777777777 0.6918402777777778 0.04722222222222222 0.06770833333333333
1 0.7895833333333333 0.9071180555555556 0.04583333333333333 0.057291666666666664
1 0.8402777777777778 0.8958333333333334 0.044444444444444446 0.06597222222222222
1 0.4486111111111111 0.8350694444444444 0.05 0.05555555555555555
1 0.15347222222222223 0.4774305555555556 0.04583333333333333 0.052083333333333336
1 0.28402777777777777 0.796875 0.043055555555555555 0.0625
1 0.6180555555555556 0.4479166666666667 0.041666666666666664 0.059027777777777776
1 0.6375 0.5572916666666666 0.044444444444444446 0.0625
1 0.6631944444444444 0.390625 0.05138888888888889 0.06944444444444445
1 0.5465277777777777 0.2942708333333333 0.05138888888888889 0.057291666666666664
1 0.8506944444444444 0.3159722222222222 0.043055555555555555 0.059027777777777776
1 0.9152777777777777 0.5859375 0.044444444444444446 0.057291666666666664
1 0.2847222222222222 0.8828125 0.03888888888888889 0.05381944444444445
1 0.23472222222222222 0.7942708333333334 0.044444444444444446 0.057291666666666664
1 0.5479166666666667 0.9392361111111112 0.043055555555555555 0.059027777777777776
