1 0.25277777777777777 0.5086805555555556 0.05277777777777778 0.06944444444444445
1 0.9520833333333333 0.4418402777777778 0.05138888888888889 0.07465277777777778
0 0.1951388888888889 0.06684027777777778 0.0625 0.08159722222222222
0 0.5902777777777778 0.07118055555555555 0.06666666666666667 0.0763888888888889
0 0.8326388888888889 0.24131944444444445 0.0625 0.0798611111111111
0 0.6020833333333333 0.4991319444444444 0.0763888888888889 0.08506944444444445
0 0.4895833333333333 0.6736111111111112 0.07361111111111111 0.1076388888888889
0 0.5368055555555555 0.8064236111111112 0.0625 0.08854166666666667
0 0.64375 0.90625 0.05138888888888889 0.0763888888888889
0 0.8076388888888889 0.7708333333333334 0.05694444444444444 0.0798611111111111
0 0.8263888888888888 0.7048611111111112 0.06666666666666667 0.08680555555555555
0 0.28402777777777777 0.7204861111111112 0.0625 0.10416666666666667
0 0.1840277777777778 0.7118055555555556 0.0763888888888889 0.09027777777777778
0 0.18263888888888888 0.8394097222222222 0.0625 0.10590277777777778
7 0.8770833333333333 0.7803819444444444 0.05694444444444444 0.07465277777777778
7 0.46875 0.9505208333333334 0.06527777777777778 0.0642361111111111
7 0.24722222222222223 0.8463541666666666 0.04722222222222222 0.05381944444444445
7 0.28402777777777777 0.8993055555555556 0.043055555555555555 0.05555555555555555
1 0.07916666666666666 0.7560763888888888 0.05 0.06770833333333333
7 0.6319444444444444 0.4288194444444444 0.09444444444444444 0.1076388888888889
7 0.5388888888888889 0.030381944444444444 0.07222222222222222 0.057291666666666664
7 0.22430555555555556 0.234375 0.04861111111111111 0.0625
7 0.03680555555555556 0.4470486111111111 0.043055555555555555 0.050347222222222224
7 0.034027777777777775 0.7265625 0.034722222222222224 0.050347222222222224
7 0.44930555555555557 0.5303819444444444 0.04861111111111111 0.06076388888888889
