1 0.18055555555555555 0.036458333333333336 0.05 0.0625
1 0.2638888888888889 0.043402777777777776 0.05 0.059027777777777776
1 0.35555555555555557 0.08072916666666667 0.03888888888888889 0.057291666666666664
1 0.6833333333333333 0.11024305555555555 0.05 0.06076388888888889
1 0.75625 0.20399305555555555 0.04861111111111111 0.06076388888888889
1 0.94375 0.2404513888888889 0.05416666666666667 0.06770833333333333
1 0.9666666666666667 0.4010416666666667 0.044444444444444446 0.059027777777777776
1 0.9215277777777777 0.4201388888888889 0.04583333333333333 0.05555555555555555
1 0.8173611111111111 0.3333333333333333 0.043055555555555555 0.052083333333333336
1 0.8576388888888888 0.3793402777777778 0.043055555555555555 0.05381944444444445
1 0.6409722222222223 0.5130208333333334 0.04027777777777778 0.05381944444444445
1 0.8951388888888889 0.6527777777777778 0.05138888888888889 0.06597222222222222
1 0.8819444444444444 0.78125 0.04722222222222222 0.059027777777777776
1 0.5944444444444444 0.5703125 0.04722222222222222 0.06076388888888889
1 0.5159722222222223 0.5876736111111112 0.04583333333333333 0.0642361111111111
1 0.5458333333333333 0.8532986111111112 0.05555555555555555 0.07465277777777778
1 0.43194444444444446 0.8576388888888888 0.05 0.07291666666666667
1 0.3659722222222222 0.4704861111111111 0.04027777777777778 0.059027777777777776
1 0.47708333333333336 0.3020833333333333 0.0375 0.06597222222222222
1 0.32916666666666666 0.22743055555555555 0.03888888888888889 0.059027777777777776
1 0.24513888888888888 0.3046875 0.04861111111111111 0.057291666666666664
1 0.24930555555555556 0.4427083333333333 0.05138888888888889 0.052083333333333336
1 0.275 0.6701388888888888 0.05 0.06597222222222222
1 0.19722222222222222 0.7230902777777778 0.05555555555555555 0.078125
1 0.1701388888888889 0.8732638888888888 0.05138888888888889 0.0763888888888889
