0 0.4097222222222222 0.033854166666666664 0.06944444444444445 0.0642361111111111
0 0.26458333333333334 0.4331597222222222 0.06805555555555555 0.0920138888888889
0 0.22430555555555556 0.6467013888888888 0.0625 0.0954861111111111
0 0.7479166666666667 0.4071180555555556 0.07083333333333333 0.09895833333333333
0 0.8347222222222223 0.12152777777777778 0.06944444444444445 0.1111111111111111
0 0.8055555555555556 0.3107638888888889 0.07777777777777778 0.10416666666666667
0 0.5527777777777778 0.22916666666666666 0.06388888888888888 0.09375
0 0.9013888888888889 0.3559027777777778 0.058333333333333334 0.06597222222222222
0 0.47152777777777777 0.9470486111111112 0.06527777777777778 0.0920138888888889
7 0.013888888888888888 0.24913194444444445 0.025 0.0642361111111111
7 0.2638888888888889 0.2361111111111111 0.04722222222222222 0.06597222222222222
7 0.4111111111111111 0.18836805555555555 0.06388888888888888 0.08506944444444445
7 0.6041666666666666 0.6345486111111112 0.044444444444444446 0.06076388888888889
7 0.7909722222222222 0.5173611111111112 0.043055555555555555 0.05555555555555555
7 0.9430555555555555 0.3836805555555556 0.044444444444444446 0.059027777777777776
7 0.9291666666666667 0.2743055555555556 0.04722222222222222 0.04861111111111111
7 0.4527777777777778 0.3958333333333333 0.05277777777777778 0.0763888888888889
7 0.33958333333333335 0.017361111111111112 0.05138888888888889 0.03125
7 0.24097222222222223 0.026909722222222224 0.06805555555555555 0.050347222222222224
7 0.5784722222222223 0.1484375 0.0375 0.05381944444444445
7 0.6340277777777777 0.9765625 0.043055555555555555 0.036458333333333336
7 0.475 0.7352430555555556 0.06111111111111111 0.0920138888888889
7 0.7826388888888889 0.8394097222222222 0.04583333333333333 0.057291666666666664
7 0.7854166666666667 0.7977430555555556 0.04861111111111111 0.03993055555555555
7 0.9090277777777778 0.84375 0.05694444444444444 0.07291666666666667
7 0.9513888888888888 0.8619791666666666 0.03611111111111111 0.07118055555555555
7 0.32222222222222224 0.8289930555555556 0.075 0.11284722222222222
7 0.027777777777777776 0.4791666666666667 0.05277777777777778 0.05555555555555555
