0 0.28680555555555554 0.2482638888888889 0.07083333333333333 0.0798611111111111
0 0.07013888888888889 0.3697916666666667 0.06527777777777778 0.10416666666666667
0 0.08888888888888889 0.5295138888888888 0.06666666666666667 0.09027777777777778
0 0.5104166666666666 0.8333333333333334 0.059722222222222225 0.09375
0 0.6229166666666667 0.12760416666666666 0.0763888888888889 0.109375
0 0.9229166666666667 0.03211805555555555 0.06805555555555555 0.06076388888888889
0 0.2125 0.8020833333333334 0.06666666666666667 0.10069444444444445
0 0.31805555555555554 0.9383680555555556 0.06666666666666667 0.09895833333333333
1 0.45416666666666666 0.6284722222222222 0.05277777777777778 0.06944444444444445
7 0.9256944444444445 0.5651041666666666 0.043055555555555555 0.05381944444444445
7 0.9583333333333334 0.1935763888888889 0.04722222222222222 0.06076388888888889
7 0.7756944444444445 0.3029513888888889 0.06527777777777778 0.07465277777777778
7 0.9166666666666666 0.5225694444444444 0.044444444444444446 0.05555555555555555
7 0.4479166666666667 0.9236111111111112 0.034722222222222224 0.04861111111111111
7 0.46944444444444444 0.4644097222222222 0.06666666666666667 0.078125
7 0.48125 0.5815972222222222 0.034722222222222224 0.04513888888888889
7 0.2708333333333333 0.15538194444444445 0.044444444444444446 0.057291666666666664
7 0.17847222222222223 0.140625 0.03194444444444444 0.06597222222222222
1 0.13402777777777777 0.1267361111111111 0.05416666666666667 0.0763888888888889
7 0.018055555555555554 0.125 0.03333333333333333 0.06597222222222222
7 0.015277777777777777 0.08072916666666667 0.027777777777777776 0.043402777777777776
7 0.6534722222222222 0.2309027777777778 0.0763888888888889 0.08680555555555555
7 0.6583333333333333 0.04079861111111111 0.04722222222222222 0.07118055555555555
