1 0.12986111111111112 0.3880208333333333 0.04583333333333333 0.05381944444444445
1 0.05486111111111111 0.7248263888888888 0.05416666666666667 0.05381944444444445
1 0.3298611111111111 0.6805555555555556 0.059722222222222225 0.06597222222222222
1 0.09513888888888888 0.8585069444444444 0.05416666666666667 0.06770833333333333
1 0.18888888888888888 0.8446180555555556 0.044444444444444446 0.0642361111111111
1 0.29583333333333334 0.8168402777777778 0.03888888888888889 0.057291666666666664
1 0.2638888888888889 0.2109375 0.05555555555555555 0.06076388888888889
1 0.4013888888888889 0.234375 0.044444444444444446 0.06597222222222222
1 0.5229166666666667 0.23177083333333334 0.05416666666666667 0.0642361111111111
1 0.6305555555555555 0.2517361111111111 0.04722222222222222 0.05555555555555555
1 0.5493055555555556 0.1189236111111111 0.059722222222222225 0.06076388888888889
1 0.7368055555555556 0.042534722222222224 0.05416666666666667 0.06076388888888889
1 0.7333333333333333 0.1362847222222222 0.044444444444444446 0.0642361111111111
1 0.6895833333333333 0.1310763888888889 0.043055555555555555 0.050347222222222224
1 0.8722222222222222 0.1605902777777778 0.044444444444444446 0.07118055555555555
1 0.8534722222222222 0.05295138888888889 0.04027777777777778 0.05381944444444445
1 0.9298611111111111 0.3125 0.04583333333333333 0.06597222222222222
1 0.8701388888888889 0.4036458333333333 0.04583333333333333 0.06076388888888889
1 0.8840277777777777 0.4644097222222222 0.04861111111111111 0.06076388888888889
1 0.7034722222222223 0.5138888888888888 0.05138888888888889 0.0625
1 0.9 0.6128472222222222 0.03888888888888889 0.0625
1 0.8138888888888889 0.4826388888888889 0.044444444444444446 0.05555555555555555
1 0.8493055555555555 0.6805555555555556 0.05416666666666667 0.06944444444444445
1 0.4840277777777778 0.4774305555555556 0.04861111111111111 0.06597222222222222
1 0.3638888888888889 0.4105902777777778 0.058333333333333334 0.06076388888888889
1 0.32222222222222224 0.53125 0.04722222222222222 0.059027777777777776
1 0.5993055555555555 0.6675347222222222 0.04861111111111111 0.057291666666666664
1 0.6444444444444445 0.3211805555555556 0.05277777777777778 0.059027777777777776
