0 0.5333333333333333 0.1328125 0.058333333333333334 0.08506944444444445
0 0.6152777777777778 0.07291666666666667 0.07222222222222222 0.09375
0 0.5631944444444444 0.1970486111111111 0.06805555555555555 0.08506944444444445
0 0.69375 0.3697916666666667 0.06527777777777778 0.08680555555555555
0 0.6875 0.4904513888888889 0.06944444444444445 0.07465277777777778
0 0.9361111111111111 0.4696180555555556 0.07222222222222222 0.11284722222222222
0 0.9659722222222222 0.6848958333333334 0.06805555555555555 0.0954861111111111
0 0.6305555555555555 0.6649305555555556 0.06944444444444445 0.10069444444444445
0 0.7270833333333333 0.9175347222222222 0.0625 0.08506944444444445
0 0.8069444444444445 0.9444444444444444 0.07222222222222222 0.09722222222222222
0 0.23958333333333334 0.3776041666666667 0.06805555555555555 0.08854166666666667
0 0.2861111111111111 0.421875 0.06388888888888888 0.08333333333333333
0 0.24930555555555556 0.5086805555555556 0.07916666666666666 0.08333333333333333
0 0.22013888888888888 0.640625 0.07083333333333333 0.08680555555555555
0 0.25416666666666665 0.7638888888888888 0.06944444444444445 0.09375
0 0.3194444444444444 0.7717013888888888 0.07222222222222222 0.109375
7 0.1486111111111111 0.5026041666666666 0.06944444444444445 0.078125
7 0.28680555555555554 0.8472222222222222 0.059722222222222225 0.0763888888888889
7 0.29375 0.8967013888888888 0.05416666666666667 0.07465277777777778
7 0.30486111111111114 0.9670138888888888 0.059722222222222225 0.059027777777777776
7 0.5402777777777777 0.3680555555555556 0.05 0.059027777777777776
7 0.48194444444444445 0.6354166666666666 0.044444444444444446 0.06597222222222222
7 0.7381944444444445 0.6545138888888888 0.04861111111111111 0.07291666666666667
7 0.58125 0.9244791666666666 0.0625 0.07118055555555555
7 0.5145833333333333 0.9366319444444444 0.04583333333333333 0.06076388888888889
7 0.9784722222222222 0.5355902777777778 0.043055555555555555 0.10243055555555555
7 0.5659722222222222 0.09635416666666667 0.08472222222222223 0.11284722222222222
7 0.025 0.2534722222222222 0.04722222222222222 0.09027777777777778
7 0.4652777777777778 0.17447916666666666 0.03888888888888889 0.06076388888888889
