0 0.9104166666666667 0.8940972222222222 0.07361111111111111 0.09722222222222222
0 0.025694444444444443 0.1953125 0.04861111111111111 0.10243055555555555
0 0.1 0.8194444444444444 0.075 0.10069444444444445
0 0.029166666666666667 0.8342013888888888 0.05555555555555555 0.0954861111111111
1 0.55 0.6597222222222222 0.05555555555555555 0.0625
1 0.9006944444444445 0.25 0.04861111111111111 0.0763888888888889
1 0.40902777777777777 0.1076388888888889 0.04583333333333333 0.059027777777777776
7 0.40347222222222223 0.4270833333333333 0.09861111111111111 0.10416666666666667
7 0.5583333333333333 0.4782986111111111 0.07777777777777778 0.09895833333333333
7 0.6486111111111111 0.5407986111111112 0.075 0.0954861111111111
7 0.8340277777777778 0.3880208333333333 0.05138888888888889 0.06076388888888889
7 0.8541666666666666 0.5164930555555556 0.04722222222222222 0.05381944444444445
7 0.8361111111111111 0.7473958333333334 0.058333333333333334 0.078125
7 0.8381944444444445 0.8107638888888888 0.06527777777777778 0.07291666666666667
7 0.9652777777777778 0.7682291666666666 0.05277777777777778 0.07118055555555555
7 0.4576388888888889 0.6059027777777778 0.07083333333333333 0.09027777777777778
7 0.3784722222222222 0.6744791666666666 0.09861111111111111 0.078125
7 0.5180555555555556 0.5190972222222222 0.041666666666666664 0.052083333333333336
7 0.625 0.12760416666666666 0.05555555555555555 0.07465277777777778
7 0.9326388888888889 0.04861111111111111 0.05416666666666667 0.0625
7 0.9194444444444444 0.3038194444444444 0.07777777777777778 0.09027777777777778
