0 0.5291666666666667 0.2829861111111111 0.07222222222222222 0.1111111111111111
0 0.8180555555555555 0.4296875 0.06944444444444445 0.09895833333333333
0 0.9277777777777778 0.5668402777777778 0.07222222222222222 0.11284722222222222
0 0.8756944444444444 0.7421875 0.06527777777777778 0.08854166666666667
0 0.6013888888888889 0.6996527777777778 0.06388888888888888 0.08333333333333333
0 0.19444444444444445 0.8532986111111112 0.06666666666666667 0.08854166666666667
0 0.7138888888888889 0.5694444444444444 0.05277777777777778 0.0763888888888889
0 0.3770833333333333 0.5303819444444444 0.05416666666666667 0.08159722222222222
0 0.46041666666666664 0.6345486111111112 0.08472222222222223 0.1232638888888889
0 0.56875 0.0920138888888889 0.07083333333333333 0.09027777777777778
1 0.15138888888888888 0.5711805555555556 0.05277777777777778 0.059027777777777776
1 0.24097222222222223 0.9756944444444444 0.059722222222222225 0.03819444444444445
1 0.4 0.3133680555555556 0.05277777777777778 0.0920138888888889
7 0.4326388888888889 0.3324652777777778 0.043055555555555555 0.0642361111111111
1 0.3472222222222222 0.3446180555555556 0.04722222222222222 0.06770833333333333
7 0.32916666666666666 0.3046875 0.041666666666666664 0.06770833333333333
7 0.39861111111111114 0.10069444444444445 0.06944444444444445 0.06944444444444445
7 0.46875 0.1345486111111111 0.10138888888888889 0.109375
7 0.2465277777777778 0.1779513888888889 0.0875 0.0920138888888889
7 0.14444444444444443 0.4583333333333333 0.07222222222222222 0.10069444444444445
7 0.09444444444444444 0.4262152777777778 0.04722222222222222 0.06076388888888889
7 0.030555555555555555 0.9461805555555556 0.05555555555555555 0.07291666666666667
7 0.011805555555555555 0.8897569444444444 0.020833333333333332 0.07118055555555555
7 0.5659722222222222 0.7552083333333334 0.07916666666666666 0.0763888888888889
7 0.5548611111111111 0.8333333333333334 0.07361111111111111 0.08680555555555555
7 0.6069444444444444 0.8949652777777778 0.06666666666666667 0.11284722222222222
7 0.8548611111111111 0.6831597222222222 0.0375 0.043402777777777776
7 0.9166666666666666 0.4210069444444444 0.04722222222222222 0.05381944444444445
7 0.9576388888888889 0.4227430555555556 0.05694444444444444 0.07465277777777778
7 0.9444444444444444 0.2690972222222222 0.06111111111111111 0.09375
7 0.9680555555555556 0.12760416666666666 0.041666666666666664 0.06770833333333333
7 0.36666666666666664 0.21961805555555555 0.03611111111111111 0.046875
7 0.575 0.2994791666666667 0.03611111111111111 0.046875
7 0.2638888888888889 0.5815972222222222 0.041666666666666664 0.052083333333333336
