1 0.8673611111111111 0.140625 0.05694444444444444 0.0763888888888889
1 0.5090277777777777 0.3897569444444444 0.059722222222222225 0.06770833333333333
1 0.3541666666666667 0.3715277777777778 0.05277777777777778 0.06944444444444445
1 0.044444444444444446 0.5442708333333334 0.05277777777777778 0.06770833333333333
1 0.29097222222222224 0.8012152777777778 0.05694444444444444 0.07465277777777778
1 0.6194444444444445 0.6866319444444444 0.058333333333333334 0.07118055555555555
1 0.7868055555555555 0.5269097222222222 0.059722222222222225 0.07465277777777778
1 0.8708333333333333 0.7074652777777778 0.05555555555555555 0.07118055555555555
1 0.5006944444444444 0.1597222222222222 0.04861111111111111 0.06597222222222222
1 0.45069444444444445 0.15104166666666666 0.05138888888888889 0.06944444444444445
1 0.5631944444444444 0.6032986111111112 0.0625 0.078125
