0 0.24166666666666667 0.03298611111111111 0.075 0.0625
0 0.5847222222222223 0.3940972222222222 0.07222222222222222 0.08333333333333333
0 0.4583333333333333 0.578125 0.07777777777777778 0.0763888888888889
0 0.47152777777777777 0.796875 0.059722222222222225 0.09375
0 0.19166666666666668 0.7682291666666666 0.06111111111111111 0.08159722222222222
0 0.9201388888888888 0.6796875 0.059722222222222225 0.07465277777777778
0 0.18888888888888888 0.4270833333333333 0.06388888888888888 0.09027777777777778
0 0.7347222222222223 0.051215277777777776 0.06111111111111111 0.08159722222222222
0 0.5409722222222222 0.8298611111111112 0.06527777777777778 0.06597222222222222
0 0.5125 0.9053819444444444 0.07777777777777778 0.0920138888888889
0 0.5708333333333333 0.6710069444444444 0.06111111111111111 0.0920138888888889
7 0.6777777777777778 0.140625 0.04722222222222222 0.059027777777777776
7 0.2833333333333333 0.14756944444444445 0.044444444444444446 0.06944444444444445
7 0.33055555555555555 0.4774305555555556 0.15555555555555556 0.16319444444444445
7 0.02013888888888889 0.7005208333333334 0.0375 0.08159722222222222
7 0.021527777777777778 0.9079861111111112 0.04027777777777778 0.10416666666666667
7 0.0625 0.9557291666666666 0.041666666666666664 0.05381944444444445
7 0.49722222222222223 0.9713541666666666 0.06111111111111111 0.043402777777777776
7 0.7888888888888889 0.6032986111111112 0.041666666666666664 0.07465277777777778
