0 0.15416666666666667 0.4670138888888889 0.07222222222222222 0.0763888888888889
0 0.4131944444444444 0.6371527777777778 0.06527777777777778 0.09722222222222222
0 0.69375 0.05642361111111111 0.05694444444444444 0.0920138888888889
0 0.75625 0.3637152777777778 0.07916666666666666 0.11979166666666667
0 0.9347222222222222 0.1970486111111111 0.06944444444444445 0.08854166666666667
0 0.8430555555555556 0.6996527777777778 0.08333333333333333 0.09375
0 0.9388888888888889 0.7855902777777778 0.06388888888888888 0.0920138888888889
0 0.7569444444444444 0.9088541666666666 0.06944444444444445 0.11979166666666667
0 0.6736111111111112 0.9227430555555556 0.06944444444444445 0.078125
0 0.5131944444444444 0.9131944444444444 0.05694444444444444 0.08680555555555555
0 0.6826388888888889 0.4279513888888889 0.0763888888888889 0.078125
0 0.15138888888888888 0.4140625 0.058333333333333334 0.06770833333333333
1 0.08611111111111111 0.6909722222222222 0.05 0.04861111111111111
0 0.2222222222222222 0.5885416666666666 0.06666666666666667 0.13194444444444445
1 0.6354166666666666 0.7925347222222222 0.04583333333333333 0.07465277777777778
7 0.09375 0.2777777777777778 0.05138888888888889 0.06597222222222222
7 0.45416666666666666 0.3315972222222222 0.08055555555555556 0.08680555555555555
7 0.6923611111111111 0.21875 0.04583333333333333 0.0625
7 0.9555555555555556 0.0390625 0.06666666666666667 0.07465277777777778
7 0.46805555555555556 0.7369791666666666 0.075 0.09895833333333333
7 0.08194444444444444 0.7465277777777778 0.05555555555555555 0.05555555555555555
