1 0.09166666666666666 0.1623263888888889 0.05277777777777778 0.06076388888888889
1 0.027777777777777776 0.3237847222222222 0.05277777777777778 0.06770833333333333
1 0.3819444444444444 0.11979166666666667 0.044444444444444446 0.059027777777777776
1 0.1423611111111111 0.3871527777777778 0.04583333333333333 0.0625
1 0.1986111111111111 0.6119791666666666 0.05555555555555555 0.07465277777777778
1 0.42777777777777776 0.6857638888888888 0.05 0.05555555555555555
1 0.44027777777777777 0.7508680555555556 0.041666666666666664 0.06076388888888889
1 0.3284722222222222 0.3767361111111111 0.05138888888888889 0.059027777777777776
1 0.1451388888888889 0.6553819444444444 0.04861111111111111 0.057291666666666664
1 0.0763888888888889 0.6284722222222222 0.044444444444444446 0.0625
1 0.22291666666666668 0.8446180555555556 0.0375 0.06076388888888889
1 0.46944444444444444 0.8602430555555556 0.05 0.057291666666666664
1 0.5520833333333334 0.8810763888888888 0.05416666666666667 0.06076388888888889
1 0.6381944444444444 0.8984375 0.04583333333333333 0.057291666666666664
1 0.6375 0.8194444444444444 0.06111111111111111 0.0625
1 0.6645833333333333 0.7378472222222222 0.05416666666666667 0.06597222222222222
1 0.7090277777777778 0.6631944444444444 0.05694444444444444 0.07291666666666667
1 0.8319444444444445 0.7022569444444444 0.06111111111111111 0.07465277777777778
1 0.9763888888888889 0.6145833333333334 0.04722222222222222 0.06944444444444445
1 0.8902777777777777 0.3940972222222222 0.04722222222222222 0.05555555555555555
1 0.9111111111111111 0.19791666666666666 0.05555555555555555 0.059027777777777776
1 0.7680555555555556 0.0625 0.05 0.0625
1 0.7194444444444444 0.2361111111111111 0.05555555555555555 0.059027777777777776
1 0.6409722222222223 0.2942708333333333 0.05694444444444444 0.057291666666666664
1 0.46875 0.20225694444444445 0.05694444444444444 0.06770833333333333
