1 0.14722222222222223 0.2222222222222222 0.041666666666666664 0.059027777777777776
1 0.06180555555555556 0.3211805555555556 0.05416666666666667 0.0625
1 0.13680555555555557 0.4340277777777778 0.04583333333333333 0.0625
1 0.18194444444444444 0.5807291666666666 0.05 0.06076388888888889
1 0.10625 0.5668402777777778 0.05694444444444444 0.06076388888888889
1 0.35555555555555557 0.8611111111111112 0.05555555555555555 0.06944444444444445
1 0.29305555555555557 0.7482638888888888 0.04722222222222222 0.06944444444444445
1 0.28958333333333336 0.4001736111111111 0.043055555555555555 0.043402777777777776
1 0.30416666666666664 0.4479166666666667 0.041666666666666664 0.052083333333333336
1 0.36041666666666666 0.2873263888888889 0.05138888888888889 0.0642361111111111
1 0.4083333333333333 0.3307291666666667 0.05 0.06076388888888889
1 0.5493055555555556 0.3350694444444444 0.04861111111111111 0.0625
1 0.5055555555555555 0.18229166666666666 0.04722222222222222 0.06944444444444445
1 0.8763888888888889 0.11284722222222222 0.06111111111111111 0.059027777777777776
1 0.7534722222222222 0.2552083333333333 0.05416666666666667 0.059027777777777776
1 0.9486111111111111 0.3515625 0.05555555555555555 0.06770833333333333
1 0.7763888888888889 0.3793402777777778 0.05277777777777778 0.07465277777777778
1 0.6701388888888888 0.4288194444444444 0.059722222222222225 0.06597222222222222
1 0.48125 0.5086805555555556 0.04861111111111111 0.05555555555555555
1 0.44722222222222224 0.5850694444444444 0.05555555555555555 0.06597222222222222
1 0.5756944444444444 0.6822916666666666 0.059722222222222225 0.0763888888888889
1 0.7270833333333333 0.5217013888888888 0.04861111111111111 0.0642361111111111
1 0.6638888888888889 0.5060763888888888 0.05277777777777778 0.0642361111111111
1 0.7923611111111111 0.5251736111111112 0.05138888888888889 0.06770833333333333
1 0.8520833333333333 0.4878472222222222 0.04583333333333333 0.0625
1 0.94375 0.5616319444444444 0.05694444444444444 0.07118055555555555
1 0.7881944444444444 0.6875 0.05416666666666667 0.07291666666666667
1 0.7673611111111112 0.8532986111111112 0.04861111111111111 0.06076388888888889
1 0.8930555555555556 0.6796875 0.05277777777777778 0.06770833333333333
1 0.9305555555555556 0.7352430555555556 0.04722222222222222 0.05381944444444445
1 0.8743055555555556 0.9192708333333334 0.05138888888888889 0.0642361111111111
1 0.4583333333333333 0.7378472222222222 0.05 0.06597222222222222
1 0.6736111111111112 0.0998263888888889 0.05277777777777778 0.057291666666666664
