1 0.09791666666666667 0.15104166666666666 0.04583333333333333 0.06597222222222222
1 0.15347222222222223 0.1623263888888889 0.05694444444444444 0.06076388888888889
1 0.06180555555555556 0.2387152777777778 0.04861111111111111 0.06076388888888889
1 0.04583333333333333 0.4427083333333333 0.04722222222222222 0.06944444444444445
1 0.058333333333333334 0.6302083333333334 0.05277777777777778 0.06597222222222222
1 0.2777777777777778 0.2708333333333333 0.04722222222222222 0.059027777777777776
1 0.5701388888888889 0.5112847222222222 0.04861111111111111 0.057291666666666664
1 0.40902777777777777 0.7604166666666666 0.059722222222222225 0.06944444444444445
1 0.46944444444444444 0.8993055555555556 0.06111111111111111 0.07291666666666667
1 0.4125 0.5338541666666666 0.05277777777777778 0.078125
1 0.55625 0.8394097222222222 0.0625 0.06770833333333333
1 0.20069444444444445 0.5486111111111112 0.04583333333333333 0.059027777777777776
1 0.1701388888888889 0.8229166666666666 0.04583333333333333 0.06597222222222222
1 0.5777777777777777 0.9114583333333334 0.041666666666666664 0.05555555555555555
1 0.7784722222222222 0.3472222222222222 0.034722222222222224 0.05555555555555555
1 0.6076388888888888 0.3619791666666667 0.059722222222222225 0.0642361111111111
1 0.925 0.7491319444444444 0.044444444444444446 0.0642361111111111
1 0.13472222222222222 0.9340277777777778 0.05277777777777778 0.0625
