0 0.6611111111111111 0.5607638888888888 0.05555555555555555 0.08680555555555555
0 0.48333333333333334 0.5928819444444444 0.06111111111111111 0.08159722222222222
0 0.08819444444444445 0.3177083333333333 0.09861111111111111 0.12152777777777778
0 0.2548611111111111 0.11458333333333333 0.06527777777777778 0.08333333333333333
0 0.029861111111111113 0.23524305555555555 0.05694444444444444 0.07465277777777778
0 0.4548611111111111 0.4461805555555556 0.05694444444444444 0.0798611111111111
0 0.16875 0.7925347222222222 0.07361111111111111 0.09895833333333333
0 0.35625 0.5911458333333334 0.05138888888888889 0.08159722222222222
0 0.43125 0.7413194444444444 0.0763888888888889 0.10069444444444445
1 0.14305555555555555 0.4001736111111111 0.05 0.06076388888888889
7 0.6805555555555556 0.3411458333333333 0.075 0.0920138888888889
7 0.9618055555555556 0.3958333333333333 0.0763888888888889 0.2013888888888889
0 0.5458333333333333 0.16493055555555555 0.06388888888888888 0.09722222222222222
1 0.04375 0.7074652777777778 0.05138888888888889 0.0642361111111111
7 0.18611111111111112 0.5520833333333334 0.08055555555555556 0.09027777777777778
7 0.13819444444444445 0.6944444444444444 0.15416666666666667 0.21875
7 0.2076388888888889 0.9748263888888888 0.05416666666666667 0.03993055555555555
7 0.5145833333333333 0.9270833333333334 0.08194444444444444 0.12152777777777778
7 0.8076388888888889 0.7569444444444444 0.059722222222222225 0.08333333333333333
7 0.85 0.8602430555555556 0.04722222222222222 0.057291666666666664
7 0.4152777777777778 0.40625 0.044444444444444446 0.05555555555555555
7 0.2388888888888889 0.3046875 0.09722222222222222 0.1579861111111111
7 0.29583333333333334 0.328125 0.05 0.06597222222222222
7 0.010416666666666666 0.3645833333333333 0.018055555555555554 0.059027777777777776
7 0.24791666666666667 0.8663194444444444 0.0375 0.052083333333333336
