1 0.09097222222222222 0.09027777777777778 0.05138888888888889 0.06944444444444445
1 0.06666666666666667 0.2942708333333333 0.04722222222222222 0.06076388888888889
1 0.14583333333333334 0.2282986111111111 0.058333333333333334 0.07465277777777778
1 0.36666666666666664 0.2934027777777778 0.05277777777777778 0.059027777777777776
1 0.20625 0.0625 0.04861111111111111 0.059027777777777776
1 0.4131944444444444 0.0859375 0.04583333333333333 0.057291666666666664
1 0.4666666666666667 0.06336805555555555 0.041666666666666664 0.057291666666666664
1 0.5138888888888888 0.04774305555555555 0.041666666666666664 0.050347222222222224
1 0.56875 0.059895833333333336 0.04583333333333333 0.06076388888888889
1 0.4986111111111111 0.1501736111111111 0.041666666666666664 0.057291666666666664
1 0.5166666666666667 0.2682291666666667 0.04722222222222222 0.05381944444444445
1 0.6618055555555555 0.11371527777777778 0.04861111111111111 0.0642361111111111
1 0.7048611111111112 0.171875 0.04027777777777778 0.059027777777777776
1 0.6138888888888889 0.2144097222222222 0.04722222222222222 0.05381944444444445
1 0.7125 0.3090277777777778 0.05 0.07291666666666667
1 0.8173611111111111 0.2595486111111111 0.043055555555555555 0.0642361111111111
1 0.8631944444444445 0.4791666666666667 0.04861111111111111 0.06597222222222222
1 0.8895833333333333 0.7291666666666666 0.059722222222222225 0.0763888888888889
1 0.5979166666666667 0.5755208333333334 0.04861111111111111 0.057291666666666664
1 0.4270833333333333 0.4340277777777778 0.04583333333333333 0.05555555555555555
1 0.22569444444444445 0.421875 0.05138888888888889 0.06597222222222222
1 0.27847222222222223 0.5190972222222222 0.043055555555555555 0.05555555555555555
1 0.36319444444444443 0.4105902777777778 0.04861111111111111 0.050347222222222224
1 0.3423611111111111 0.5494791666666666 0.043055555555555555 0.050347222222222224
1 0.31319444444444444 0.6006944444444444 0.0375 0.05555555555555555
1 0.13333333333333333 0.5434027777777778 0.044444444444444446 0.059027777777777776
1 0.3958333333333333 0.5928819444444444 0.05 0.06076388888888889
1 0.3333333333333333 0.6701388888888888 0.05555555555555555 0.059027777777777776
1 0.6756944444444445 0.6380208333333334 0.04583333333333333 0.057291666666666664
1 0.725 0.9340277777777778 0.03888888888888889 0.059027777777777776
1 0.5583333333333333 0.9166666666666666 0.03888888888888889 0.04861111111111111
