0 0.25069444444444444 0.4670138888888889 0.0763888888888889 0.08333333333333333
0 0.44375 0.4565972222222222 0.07361111111111111 0.06944444444444445
0 0.7131944444444445 0.4166666666666667 0.05694444444444444 0.09027777777777778
0 0.6409722222222223 0.5763888888888888 0.07083333333333333 0.08333333333333333
0 0.36666666666666664 0.6258680555555556 0.07222222222222222 0.08854166666666667
0 0.5576388888888889 0.8836805555555556 0.059722222222222225 0.08680555555555555
1 0.6819444444444445 0.15711805555555555 0.041666666666666664 0.0642361111111111
4 0.9090277777777778 0.8602430555555556 0.09583333333333334 0.08159722222222222
0 0.6784722222222223 0.9722222222222222 0.07083333333333333 0.041666666666666664
0 0.5069444444444444 0.9765625 0.08055555555555556 0.043402777777777776
7 0.21388888888888888 0.5425347222222222 0.05277777777777778 0.057291666666666664
7 0.4965277777777778 0.0625 0.05138888888888889 0.06944444444444445
