1 0.10069444444444445 0.09461805555555555 0.05138888888888889 0.06770833333333333
1 0.12708333333333333 0.1857638888888889 0.04861111111111111 0.059027777777777776
1 0.05138888888888889 0.19010416666666666 0.044444444444444446 0.06076388888888889
1 0.47291666666666665 0.15538194444444445 0.05416666666666667 0.0642361111111111
1 0.7625 0.07378472222222222 0.04722222222222222 0.06770833333333333
1 0.7958333333333333 0.2560763888888889 0.041666666666666664 0.0642361111111111
1 0.8048611111111111 0.4192708333333333 0.0625 0.078125
1 0.9284722222222223 0.3411458333333333 0.04861111111111111 0.06076388888888889
1 0.65625 0.4644097222222222 0.043055555555555555 0.050347222222222224
1 0.32708333333333334 0.3767361111111111 0.05416666666666667 0.06597222222222222
1 0.08611111111111111 0.3715277777777778 0.04722222222222222 0.059027777777777776
1 0.4201388888888889 0.5451388888888888 0.043055555555555555 0.05555555555555555
1 0.2604166666666667 0.5338541666666666 0.04583333333333333 0.06076388888888889
1 0.12777777777777777 0.6944444444444444 0.04722222222222222 0.05555555555555555
1 0.09791666666666667 0.8836805555555556 0.04861111111111111 0.04861111111111111
1 0.2388888888888889 0.9661458333333334 0.058333333333333334 0.0642361111111111
1 0.37430555555555556 0.96875 0.04861111111111111 0.0625
1 0.3784722222222222 0.8029513888888888 0.04027777777777778 0.05381944444444445
1 0.4909722222222222 0.7092013888888888 0.04861111111111111 0.078125
1 0.5604166666666667 0.5407986111111112 0.04861111111111111 0.05381944444444445
1 0.48541666666666666 0.5338541666666666 0.05138888888888889 0.06076388888888889
1 0.5861111111111111 0.6640625 0.05555555555555555 0.06076388888888889
1 0.78125 0.625 0.04861111111111111 0.0625
1 0.8347222222222223 0.6484375 0.03888888888888889 0.050347222222222224
1 0.8243055555555555 0.7013888888888888 0.05416666666666667 0.052083333333333336
1 0.9604166666666667 0.6822916666666666 0.06527777777777778 0.06597222222222222
