1 0.18819444444444444 0.2682291666666667 0.05138888888888889 0.050347222222222224
1 0.1625 0.3289930555555556 0.058333333333333334 0.06770833333333333
1 0.2798611111111111 0.5303819444444444 0.04027777777777778 0.057291666666666664
1 0.45625 0.4149305555555556 0.04027777777777778 0.0625
1 0.44930555555555557 0.5460069444444444 0.043055555555555555 0.057291666666666664
1 0.4548611111111111 0.6371527777777778 0.05138888888888889 0.0625
1 0.19027777777777777 0.7630208333333334 0.05277777777777778 0.057291666666666664
1 0.31180555555555556 0.8741319444444444 0.05694444444444444 0.06770833333333333
1 0.44930555555555557 0.8342013888888888 0.04861111111111111 0.06770833333333333
1 0.3034722222222222 0.7421875 0.04583333333333333 0.057291666666666664
1 0.07430555555555556 0.4331597222222222 0.06805555555555555 0.06770833333333333
1 0.78125 0.4427083333333333 0.05694444444444444 0.0625
1 0.85 0.4756944444444444 0.05277777777777778 0.06597222222222222
1 0.8583333333333333 0.3619791666666667 0.04722222222222222 0.06770833333333333
1 0.96875 0.5208333333333334 0.05138888888888889 0.06597222222222222
1 0.6763888888888889 0.6918402777777778 0.04722222222222222 0.057291666666666664
1 0.8569444444444444 0.7144097222222222 0.05 0.0642361111111111
1 0.7958333333333333 0.7404513888888888 0.04722222222222222 0.06076388888888889
1 0.7111111111111111 0.8888888888888888 0.04722222222222222 0.05555555555555555
