1 0.1875 0.4244791666666667 0.05277777777777778 0.0642361111111111
1 0.05347222222222222 0.5199652777777778 0.0625 0.06076388888888889
1 0.09930555555555555 0.6866319444444444 0.05694444444444444 0.06076388888888889
1 0.07083333333333333 0.9470486111111112 0.05555555555555555 0.06076388888888889
1 0.25069444444444444 0.5998263888888888 0.05694444444444444 0.06770833333333333
1 0.2625 0.3628472222222222 0.05555555555555555 0.06944444444444445
1 0.3472222222222222 0.3828125 0.05277777777777778 0.06770833333333333
1 0.3159722222222222 0.09375 0.059722222222222225 0.0763888888888889
1 0.40347222222222223 0.1736111111111111 0.05416666666666667 0.059027777777777776
1 0.4722222222222222 0.2543402777777778 0.05 0.0642361111111111
1 0.6368055555555555 0.1519097222222222 0.05416666666666667 0.07118055555555555
1 0.7618055555555555 0.07552083333333333 0.04861111111111111 0.0642361111111111
1 0.9541666666666667 0.11805555555555555 0.05 0.07291666666666667
1 0.6527777777777778 0.2795138888888889 0.04722222222222222 0.0625
1 0.5395833333333333 0.3585069444444444 0.05416666666666667 0.06076388888888889
1 0.6666666666666666 0.4401041666666667 0.058333333333333334 0.0642361111111111
1 0.8604166666666667 0.3585069444444444 0.0625 0.06076388888888889
1 0.9305555555555556 0.4340277777777778 0.044444444444444446 0.059027777777777776
1 0.8625 0.4262152777777778 0.05555555555555555 0.0642361111111111
1 0.375 0.5824652777777778 0.058333333333333334 0.06076388888888889
1 0.5277777777777778 0.5659722222222222 0.058333333333333334 0.07291666666666667
1 0.5701388888888889 0.6848958333333334 0.05694444444444444 0.0642361111111111
1 0.20069444444444445 0.8064236111111112 0.05138888888888889 0.06770833333333333
1 0.38958333333333334 0.7743055555555556 0.04583333333333333 0.06597222222222222
1 0.5055555555555555 0.9019097222222222 0.05555555555555555 0.06770833333333333
1 0.6430555555555556 0.5998263888888888 0.05277777777777778 0.0642361111111111
1 0.6868055555555556 0.7465277777777778 0.05416666666666667 0.06597222222222222
1 0.8486111111111111 0.8854166666666666 0.06111111111111111 0.06944444444444445
1 0.95625 0.6892361111111112 0.04583333333333333 0.059027777777777776
1 0.8090277777777778 0.6215277777777778 0.05138888888888889 0.07291666666666667
