0 0.17708333333333334 0.1935763888888889 0.07083333333333333 0.08854166666666667
0 0.93125 0.06336805555555555 0.04583333333333333 0.06076388888888889
0 0.9368055555555556 0.2517361111111111 0.06527777777777778 0.08680555555555555
0 0.8916666666666667 0.4704861111111111 0.058333333333333334 0.09027777777777778
0 0.4666666666666667 0.8211805555555556 0.07777777777777778 0.08680555555555555
0 0.3909722222222222 0.9166666666666666 0.07916666666666666 0.0763888888888889
0 0.22847222222222222 0.9565972222222222 0.07361111111111111 0.07291666666666667
0 0.18819444444444444 0.8619791666666666 0.0625 0.0920138888888889
0 0.46805555555555556 0.1545138888888889 0.058333333333333334 0.08333333333333333
0 0.5777777777777777 0.5182291666666666 0.06111111111111111 0.10590277777777778
7 0.6763888888888889 0.06336805555555555 0.04722222222222222 0.0642361111111111
7 0.3388888888888889 0.6779513888888888 0.058333333333333334 0.07465277777777778
7 0.4125 0.6970486111111112 0.05277777777777778 0.0642361111111111
1 0.5416666666666666 0.7569444444444444 0.05 0.059027777777777776
7 0.23541666666666666 0.8454861111111112 0.034722222222222224 0.04861111111111111
7 0.2743055555555556 0.8993055555555556 0.0375 0.05555555555555555
7 0.3861111111111111 0.8480902777777778 0.044444444444444446 0.043402777777777776
7 0.5847222222222223 0.8255208333333334 0.03888888888888889 0.05381944444444445
7 0.8569444444444444 0.8151041666666666 0.041666666666666664 0.050347222222222224
7 0.049305555555555554 0.7144097222222222 0.043055555555555555 0.057291666666666664
7 0.03194444444444444 0.9470486111111112 0.06111111111111111 0.08506944444444445
7 0.013888888888888888 0.8515625 0.025 0.078125
7 0.15902777777777777 0.7317708333333334 0.04861111111111111 0.06076388888888889
7 0.18194444444444444 0.296875 0.05 0.05555555555555555
7 0.5673611111111111 0.3706597222222222 0.04027777777777778 0.06770833333333333
7 0.9784722222222222 0.6640625 0.043055555555555555 0.109375
7 0.5597222222222222 0.7074652777777778 0.03888888888888889 0.050347222222222224
