0 0.6895833333333333 0.234375 0.0625 0.09375
0 0.6034722222222222 0.4227430555555556 0.0763888888888889 0.0920138888888889
0 0.27708333333333335 0.5798611111111112 0.05694444444444444 0.0763888888888889
0 0.7215277777777778 0.7682291666666666 0.0625 0.08506944444444445
0 0.5416666666666666 0.7960069444444444 0.075 0.078125
1 0.44375 0.9340277777777778 0.05416666666666667 0.06944444444444445
0 0.3472222222222222 0.8645833333333334 0.08055555555555556 0.1111111111111111
7 0.044444444444444446 0.6345486111111112 0.04722222222222222 0.078125
7 0.1076388888888889 0.2829861111111111 0.04861111111111111 0.0625
7 0.30972222222222223 0.1909722222222222 0.05 0.07291666666666667
7 0.9027777777777778 0.3723958333333333 0.075 0.078125
7 0.9722222222222222 0.5199652777777778 0.05555555555555555 0.0642361111111111
7 0.008333333333333333 0.9444444444444444 0.013888888888888888 0.041666666666666664
7 0.07291666666666667 0.4878472222222222 0.043055555555555555 0.0625
7 0.02013888888888889 0.3671875 0.034722222222222224 0.043402777777777776
7 0.02013888888888889 0.4861111111111111 0.0375 0.05555555555555555
7 0.7111111111111111 0.04861111111111111 0.05277777777777778 0.09375
