0 0.6965277777777777 0.10850694444444445 0.0625 0.09895833333333333
0 0.4284722222222222 0.1440972222222222 0.07361111111111111 0.09375
0 0.325 0.3289930555555556 0.06388888888888888 0.08159722222222222
0 0.08055555555555556 0.4288194444444444 0.06666666666666667 0.09027777777777778
0 0.14027777777777778 0.6848958333333334 0.06111111111111111 0.078125
0 0.4111111111111111 0.5989583333333334 0.07222222222222222 0.1111111111111111
0 0.6972222222222222 0.7543402777777778 0.06666666666666667 0.08854166666666667
0 0.7673611111111112 0.7387152777777778 0.07361111111111111 0.08159722222222222
0 0.5791666666666667 0.9435763888888888 0.08055555555555556 0.08159722222222222
0 0.03125 0.5182291666666666 0.059722222222222225 0.0920138888888889
0 0.125 0.6119791666666666 0.06388888888888888 0.0920138888888889
0 0.39861111111111114 0.4626736111111111 0.058333333333333334 0.07118055555555555
0 0.9680555555555556 0.9565972222222222 0.06388888888888888 0.0798611111111111
7 0.20555555555555555 0.2725694444444444 0.05277777777777778 0.06597222222222222
7 0.24722222222222223 0.25 0.05555555555555555 0.06944444444444445
1 0.3819444444444444 0.5147569444444444 0.04722222222222222 0.05381944444444445
7 0.39444444444444443 0.3940972222222222 0.06666666666666667 0.09027777777777778
7 0.7347222222222223 0.9730902777777778 0.05555555555555555 0.03993055555555555
0 0.3194444444444444 0.9739583333333334 0.08333333333333333 0.041666666666666664
0 0.8597222222222223 0.9809027777777778 0.06666666666666667 0.03819444444444445
0 0.4423611111111111 0.4045138888888889 0.07361111111111111 0.10069444444444445
