0 0.4111111111111111 0.1640625 0.06944444444444445 0.0954861111111111
0 0.4666666666666667 0.265625 0.06944444444444445 0.10069444444444445
0 0.5111111111111111 0.4340277777777778 0.05555555555555555 0.08680555555555555
0 0.5555555555555556 0.5772569444444444 0.07777777777777778 0.0920138888888889
0 0.7652777777777777 0.4340277777777778 0.08611111111111111 0.1111111111111111
0 0.6722222222222223 0.4496527777777778 0.075 0.09027777777777778
0 0.8430555555555556 0.2170138888888889 0.08055555555555556 0.09375
0 0.9423611111111111 0.3116319444444444 0.07361111111111111 0.0954861111111111
0 0.7604166666666666 0.7881944444444444 0.0625 0.08680555555555555
0 0.034027777777777775 0.7144097222222222 0.06527777777777778 0.0920138888888889
0 0.9243055555555556 0.9609375 0.07083333333333333 0.06770833333333333
7 0.22291666666666668 0.1076388888888889 0.06805555555555555 0.1423611111111111
7 0.08611111111111111 0.21354166666666666 0.05 0.0625
7 0.07777777777777778 0.2690972222222222 0.05 0.0625
7 0.21805555555555556 0.5425347222222222 0.07777777777777778 0.08854166666666667
7 0.0875 0.4913194444444444 0.06111111111111111 0.08680555555555555
7 0.18888888888888888 0.9027777777777778 0.06666666666666667 0.08680555555555555
1 0.7361111111111112 0.6414930555555556 0.05277777777777778 0.0642361111111111
1 0.9194444444444444 0.765625 0.05555555555555555 0.0625
1 0.6361111111111111 0.3142361111111111 0.05 0.0763888888888889
7 0.9861111111111112 0.2456597222222222 0.027777777777777776 0.07465277777777778
7 0.36041666666666666 0.9418402777777778 0.043055555555555555 0.06076388888888889
