1 0.022916666666666665 0.4348958333333333 0.043055555555555555 0.06770833333333333
1 0.30416666666666664 0.2552083333333333 0.05 0.059027777777777776
1 0.30972222222222223 0.1918402777777778 0.04722222222222222 0.057291666666666664
1 0.3715277777777778 0.3923611111111111 0.05416666666666667 0.059027777777777776
1 0.46041666666666664 0.3168402777777778 0.043055555555555555 0.057291666666666664
1 0.7395833333333334 0.07552083333333333 0.05416666666666667 0.07465277777777778
1 0.8770833333333333 0.1267361111111111 0.043055555555555555 0.0625
1 0.8361111111111111 0.2508680555555556 0.044444444444444446 0.0642361111111111
1 0.8104166666666667 0.3854166666666667 0.05138888888888889 0.059027777777777776
1 0.775 0.4435763888888889 0.05 0.0642361111111111
1 0.8145833333333333 0.7378472222222222 0.059722222222222225 0.0798611111111111
1 0.9215277777777777 0.9036458333333334 0.043055555555555555 0.06076388888888889
1 0.5159722222222223 0.5173611111111112 0.05416666666666667 0.0798611111111111
1 0.32430555555555557 0.6232638888888888 0.04861111111111111 0.06944444444444445
1 0.3611111111111111 0.7291666666666666 0.044444444444444446 0.0625
1 0.27708333333333335 0.7734375 0.0625 0.07118055555555555
1 0.2826388888888889 0.9149305555555556 0.05416666666666667 0.0625
1 0.23194444444444445 0.9678819444444444 0.05277777777777778 0.0642361111111111
1 0.5284722222222222 0.9618055555555556 0.04861111111111111 0.059027777777777776
1 0.6069444444444444 0.4756944444444444 0.04722222222222222 0.059027777777777776
1 0.5916666666666667 0.6545138888888888 0.044444444444444446 0.06944444444444445
