1 0.07569444444444444 0.17100694444444445 0.04861111111111111 0.06076388888888889
1 0.32013888888888886 0.06510416666666667 0.05416666666666667 0.06770833333333333
1 0.3701388888888889 0.2013888888888889 0.04861111111111111 0.0625
1 0.42430555555555555 0.21614583333333334 0.04583333333333333 0.057291666666666664
1 0.5875 0.2977430555555556 0.058333333333333334 0.06076388888888889
1 0.6465277777777778 0.3767361111111111 0.05138888888888889 0.0625
1 0.5729166666666666 0.3715277777777778 0.043055555555555555 0.05555555555555555
1 0.6013888888888889 0.4670138888888889 0.044444444444444446 0.052083333333333336
1 0.6555555555555556 0.5234375 0.041666666666666664 0.06076388888888889
1 0.9291666666666667 0.625 0.05277777777777778 0.0625
1 0.9222222222222223 0.8350694444444444 0.05277777777777778 0.0763888888888889
1 0.91875 0.07118055555555555 0.04861111111111111 0.05555555555555555
1 0.13055555555555556 0.3428819444444444 0.04722222222222222 0.06076388888888889
1 0.09791666666666667 0.4253472222222222 0.05694444444444444 0.06944444444444445
1 0.4625 0.5078125 0.05 0.06770833333333333
1 0.225 0.2092013888888889 0.04722222222222222 0.0642361111111111
1 0.275 0.1892361111111111 0.041666666666666664 0.052083333333333336
1 0.3388888888888889 0.4296875 0.03888888888888889 0.05381944444444445
1 0.375 0.6675347222222222 0.05277777777777778 0.057291666666666664
1 0.2423611111111111 0.7404513888888888 0.0375 0.043402777777777776
1 0.16527777777777777 0.6666666666666666 0.04722222222222222 0.05555555555555555
1 0.6131944444444445 0.7491319444444444 0.04861111111111111 0.05381944444444445
1 0.4534722222222222 0.8524305555555556 0.04583333333333333 0.05555555555555555
