1 0.04097222222222222 0.050347222222222224 0.05694444444444444 0.05555555555555555
1 0.1486111111111111 0.03819444444444445 0.05277777777777778 0.07291666666666667
1 0.1840277777777778 0.20399305555555555 0.0625 0.07118055555555555
1 0.3173611111111111 0.19010416666666666 0.04583333333333333 0.05381944444444445
1 0.34930555555555554 0.08506944444444445 0.04861111111111111 0.06597222222222222
1 0.4986111111111111 0.15104166666666666 0.06111111111111111 0.07291666666666667
1 0.4722222222222222 0.2326388888888889 0.05555555555555555 0.05555555555555555
1 0.5048611111111111 0.3506944444444444 0.05138888888888889 0.06944444444444445
1 0.7486111111111111 0.15711805555555555 0.05555555555555555 0.06076388888888889
1 0.9229166666666667 0.2951388888888889 0.043055555555555555 0.059027777777777776
1 0.9715277777777778 0.3133680555555556 0.043055555555555555 0.057291666666666664
1 0.9333333333333333 0.4088541666666667 0.05 0.07118055555555555
1 0.7979166666666667 0.3628472222222222 0.059722222222222225 0.059027777777777776
1 0.7659722222222223 0.453125 0.059722222222222225 0.06944444444444445
1 0.0375 0.4704861111111111 0.04722222222222222 0.0625
1 0.24097222222222223 0.3897569444444444 0.04583333333333333 0.050347222222222224
1 0.3194444444444444 0.5095486111111112 0.041666666666666664 0.0642361111111111
1 0.4173611111111111 0.3897569444444444 0.043055555555555555 0.057291666666666664
1 0.6041666666666666 0.4913194444444444 0.03888888888888889 0.04861111111111111
1 0.8465277777777778 0.5842013888888888 0.05416666666666667 0.057291666666666664
1 0.8430555555555556 0.7795138888888888 0.05277777777777778 0.06944444444444445
1 0.9090277777777778 0.8229166666666666 0.043055555555555555 0.059027777777777776
1 0.5430555555555555 0.6805555555555556 0.044444444444444446 0.059027777777777776
1 0.5868055555555556 0.6753472222222222 0.04027777777777778 0.052083333333333336
1 0.2569444444444444 0.59375 0.04722222222222222 0.05555555555555555
1 0.29305555555555557 0.7404513888888888 0.05 0.05381944444444445
1 0.4625 0.8394097222222222 0.04722222222222222 0.0642361111111111
1 0.6409722222222223 0.8012152777777778 0.05138888888888889 0.07118055555555555
1 0.3298611111111111 0.8732638888888888 0.05416666666666667 0.0625
1 0.1076388888888889 0.828125 0.05138888888888889 0.0625
1 0.6611111111111111 0.9609375 0.058333333333333334 0.06770833333333333
1 0.96875 0.5277777777777778 0.05138888888888889 0.0625
1 0.8902777777777777 0.4644097222222222 0.05555555555555555 0.0642361111111111
