0 0.12986111111111112 0.2743055555555556 0.0763888888888889 0.1111111111111111
0 0.11180555555555556 0.8255208333333334 0.059722222222222225 0.07465277777777778
0 0.4375 0.8723958333333334 0.08055555555555556 0.1232638888888889
0 0.6798611111111111 0.7578125 0.06527777777777778 0.06770833333333333
0 0.6666666666666666 0.04861111111111111 0.08333333333333333 0.08680555555555555
0 0.4986111111111111 0.06163194444444445 0.08333333333333333 0.10590277777777778
0 0.4618055555555556 0.12586805555555555 0.0875 0.09895833333333333
0 0.8326388888888889 0.059027777777777776 0.08194444444444444 0.09722222222222222
1 0.6138888888888889 0.6701388888888888 0.041666666666666664 0.06597222222222222
7 0.2326388888888889 0.3975694444444444 0.03194444444444444 0.041666666666666664
7 0.9215277777777777 0.3454861111111111 0.04861111111111111 0.06944444444444445
7 0.6645833333333333 0.5052083333333334 0.08194444444444444 0.10416666666666667
7 0.8895833333333333 0.9583333333333334 0.08472222222222223 0.0798611111111111
7 0.17569444444444443 0.7291666666666666 0.07083333333333333 0.09722222222222222
7 0.15625 0.6397569444444444 0.04027777777777778 0.05381944444444445
7 0.7881944444444444 0.9800347222222222 0.05694444444444444 0.03298611111111111
7 0.013194444444444444 0.11805555555555555 0.02361111111111111 0.10069444444444445
