1 0.3076388888888889 0.13020833333333334 0.05416666666666667 0.0625
1 0.38472222222222224 0.057291666666666664 0.041666666666666664 0.052083333333333336
1 0.28888888888888886 0.2803819444444444 0.044444444444444446 0.057291666666666664
1 0.15347222222222223 0.4131944444444444 0.05138888888888889 0.05555555555555555
1 0.12291666666666666 0.4991319444444444 0.05416666666666667 0.07118055555555555
1 0.2763888888888889 0.5451388888888888 0.04722222222222222 0.06597222222222222
1 0.5666666666666667 0.5043402777777778 0.05555555555555555 0.078125
1 0.6659722222222222 0.5260416666666666 0.05694444444444444 0.07291666666666667
1 0.6645833333333333 0.6484375 0.05138888888888889 0.06770833333333333
1 0.7597222222222222 0.8003472222222222 0.05 0.06944444444444445
1 0.7020833333333333 0.8133680555555556 0.04583333333333333 0.06076388888888889
1 0.8798611111111111 0.7100694444444444 0.05694444444444444 0.06597222222222222
1 0.9680555555555556 0.5902777777777778 0.04722222222222222 0.07291666666666667
1 0.33055555555555555 0.6137152777777778 0.05 0.05381944444444445
1 0.16805555555555557 0.7204861111111112 0.05277777777777778 0.059027777777777776
1 0.3375 0.7543402777777778 0.04722222222222222 0.06770833333333333
1 0.38333333333333336 0.8272569444444444 0.04722222222222222 0.057291666666666664
1 0.3729166666666667 0.890625 0.05138888888888889 0.05555555555555555
1 0.14375 0.8081597222222222 0.059722222222222225 0.06076388888888889
1 0.49583333333333335 0.7057291666666666 0.05277777777777778 0.07465277777777778
1 0.4666666666666667 0.8619791666666666 0.05555555555555555 0.057291666666666664
1 0.9305555555555556 0.15625 0.03888888888888889 0.059027777777777776
1 0.8895833333333333 0.20052083333333334 0.04027777777777778 0.050347222222222224
1 0.8444444444444444 0.2222222222222222 0.044444444444444446 0.05555555555555555
