1 0.05138888888888889 0.1189236111111111 0.04722222222222222 0.0642361111111111
1 0.17291666666666666 0.0642361111111111 0.05416666666666667 0.06597222222222222
1 0.46111111111111114 0.04513888888888889 0.04722222222222222 0.059027777777777776
1 0.5979166666666667 0.06076388888888889 0.043055555555555555 0.06597222222222222
1 0.9097222222222222 0.2048611111111111 0.058333333333333334 0.06944444444444445
1 0.27569444444444446 0.1840277777777778 0.05138888888888889 0.05555555555555555
1 0.04513888888888889 0.421875 0.04583333333333333 0.0625
1 0.21805555555555556 0.4609375 0.05 0.0642361111111111
1 0.10416666666666667 0.4817708333333333 0.058333333333333334 0.06770833333333333
1 0.049305555555555554 0.5581597222222222 0.05138888888888889 0.06076388888888889
1 0.09652777777777778 0.6692708333333334 0.04861111111111111 0.06076388888888889
1 0.4513888888888889 0.6371527777777778 0.05555555555555555 0.06944444444444445
1 0.31527777777777777 0.7144097222222222 0.05277777777777778 0.057291666666666664
1 0.08402777777777778 0.8402777777777778 0.043055555555555555 0.05555555555555555
1 0.36666666666666664 0.8420138888888888 0.04722222222222222 0.059027777777777776
1 0.5180555555555556 0.7951388888888888 0.05 0.06597222222222222
1 0.7118055555555556 0.6467013888888888 0.05138888888888889 0.0642361111111111
1 0.7097222222222223 0.5277777777777778 0.05277777777777778 0.0625
1 0.6819444444444445 0.4496527777777778 0.05 0.0625
1 0.7881944444444444 0.8446180555555556 0.05416666666666667 0.0642361111111111
1 0.7875 0.5703125 0.05277777777777778 0.06076388888888889
1 0.17430555555555555 0.9001736111111112 0.04583333333333333 0.057291666666666664
1 0.18680555555555556 0.7326388888888888 0.05138888888888889 0.059027777777777776
1 0.3597222222222222 0.5642361111111112 0.041666666666666664 0.05555555555555555
