0 0.6972222222222222 0.1762152777777778 0.06944444444444445 0.08854166666666667
0 0.7430555555555556 0.3888888888888889 0.07222222222222222 0.09375
0 0.5159722222222223 0.6328125 0.0763888888888889 0.09895833333333333
0 0.5756944444444444 0.6796875 0.07361111111111111 0.0954861111111111
0 0.5291666666666667 0.7821180555555556 0.08333333333333333 0.10243055555555555
0 0.81875 0.9201388888888888 0.07916666666666666 0.09722222222222222
0 0.9180555555555555 0.9461805555555556 0.07777777777777778 0.08333333333333333
0 0.11805555555555555 0.4487847222222222 0.07222222222222222 0.0920138888888889
1 0.12916666666666668 0.3871527777777778 0.04722222222222222 0.0625
1 0.1763888888888889 0.8107638888888888 0.044444444444444446 0.059027777777777776
6 0.3284722222222222 0.2925347222222222 0.2513888888888889 0.4496527777777778
1 0.4083333333333333 0.796875 0.05555555555555555 0.06944444444444445
7 0.4041666666666667 0.578125 0.05555555555555555 0.06944444444444445
7 0.13541666666666666 0.0625 0.043055555555555555 0.06597222222222222
0 0.01875 0.12413194444444445 0.034722222222222224 0.11979166666666667
7 0.9041666666666667 0.028645833333333332 0.044444444444444446 0.05381944444444445
7 0.9326388888888889 0.4097222222222222 0.05416666666666667 0.06944444444444445
7 0.9826388888888888 0.5642361111111112 0.034722222222222224 0.10416666666666667
0 0.04513888888888889 0.7491319444444444 0.0875 0.08854166666666667
