1 0.6847222222222222 0.06684027777777778 0.05 0.07118055555555555
1 0.85 0.19444444444444445 0.044444444444444446 0.06597222222222222
1 0.9701388888888889 0.3315972222222222 0.043055555555555555 0.0625
1 0.8159722222222222 0.3263888888888889 0.05416666666666667 0.06944444444444445
1 0.8951388888888889 0.3498263888888889 0.04861111111111111 0.0642361111111111
1 0.45208333333333334 0.3515625 0.0625 0.07118055555555555
1 0.5666666666666667 0.6180555555555556 0.05555555555555555 0.07291666666666667
1 0.7222222222222222 0.6970486111111112 0.058333333333333334 0.07465277777777778
1 0.8569444444444444 0.7708333333333334 0.058333333333333334 0.07291666666666667
1 0.9729166666666667 0.9036458333333334 0.05416666666666667 0.0642361111111111
1 0.66875 0.9114583333333334 0.04583333333333333 0.059027777777777776
1 0.5541666666666667 0.7734375 0.05 0.0642361111111111
1 0.4652777777777778 0.7248263888888888 0.044444444444444446 0.057291666666666664
1 0.5756944444444444 0.4539930555555556 0.04583333333333333 0.07118055555555555
1 0.49444444444444446 0.9157986111111112 0.05277777777777778 0.057291666666666664
1 0.16041666666666668 0.03993055555555555 0.04861111111111111 0.06597222222222222
1 0.041666666666666664 0.3758680555555556 0.058333333333333334 0.08854166666666667
1 0.1111111111111111 0.3984375 0.058333333333333334 0.0642361111111111
1 0.20972222222222223 0.5755208333333334 0.058333333333333334 0.07118055555555555
1 0.2659722222222222 0.6666666666666666 0.06805555555555555 0.07291666666666667
1 0.25833333333333336 0.7447916666666666 0.06666666666666667 0.07291666666666667
1 0.18958333333333333 0.7829861111111112 0.0625 0.06597222222222222
