1 0.09652777777777778 0.14583333333333334 0.05138888888888889 0.05555555555555555
1 0.07222222222222222 0.20833333333333334 0.04722222222222222 0.05555555555555555
1 0.1284722222222222 0.2144097222222222 0.04583333333333333 0.05381944444444445
1 0.10486111111111111 0.2699652777777778 0.04583333333333333 0.057291666666666664
1 0.034722222222222224 0.3350694444444444 0.044444444444444446 0.0625
1 0.07361111111111111 0.4071180555555556 0.03888888888888889 0.06076388888888889
1 0.22083333333333333 0.1527777777777778 0.04722222222222222 0.0625
1 0.4395833333333333 0.0763888888888889 0.04027777777777778 0.06597222222222222
1 0.5076388888888889 0.2578125 0.05138888888888889 0.06076388888888889
1 0.32013888888888886 0.4401041666666667 0.04027777777777778 0.057291666666666664
1 0.2951388888888889 0.5928819444444444 0.04861111111111111 0.057291666666666664
1 0.17152777777777778 0.5720486111111112 0.05416666666666667 0.0642361111111111
1 0.12083333333333333 0.6111111111111112 0.044444444444444446 0.05555555555555555
1 0.06736111111111111 0.9244791666666666 0.04861111111111111 0.06076388888888889
1 0.3347222222222222 0.9227430555555556 0.04722222222222222 0.057291666666666664
1 0.5708333333333333 0.9192708333333334 0.03888888888888889 0.057291666666666664
1 0.5972222222222222 0.8671875 0.04722222222222222 0.057291666666666664
1 0.7180555555555556 0.8003472222222222 0.041666666666666664 0.05555555555555555
1 0.8354166666666667 0.7526041666666666 0.04861111111111111 0.06770833333333333
1 0.6590277777777778 0.7465277777777778 0.04583333333333333 0.0625
1 0.8854166666666666 0.5868055555555556 0.059722222222222225 0.059027777777777776
1 0.8118055555555556 0.5026041666666666 0.04861111111111111 0.057291666666666664
1 0.7090277777777778 0.6223958333333334 0.043055555555555555 0.05381944444444445
1 0.6722222222222223 0.5329861111111112 0.05555555555555555 0.07291666666666667
1 0.75 0.3784722222222222 0.05277777777777778 0.0625
1 0.7451388888888889 0.2282986111111111 0.05416666666666667 0.07118055555555555
1 0.6215277777777778 0.23958333333333334 0.043055555555555555 0.052083333333333336
1 0.5722222222222222 0.2065972222222222 0.05 0.05555555555555555
1 0.7111111111111111 0.0390625 0.044444444444444446 0.05381944444444445
1 0.7986111111111112 0.1032986111111111 0.04722222222222222 0.06076388888888889
1 0.9069444444444444 0.15104166666666666 0.05277777777777778 0.06597222222222222
1 0.9104166666666667 0.3420138888888889 0.04861111111111111 0.05555555555555555
1 0.8708333333333333 0.0798611111111111 0.05 0.05555555555555555
