0 0.17847222222222223 0.3289930555555556 0.06805555555555555 0.109375
0 0.12291666666666666 0.4522569444444444 0.0625 0.08854166666666667
0 0.2298611111111111 0.7899305555555556 0.059722222222222225 0.08333333333333333
0 0.025 0.7569444444444444 0.04722222222222222 0.08333333333333333
0 0.7125 0.06076388888888889 0.07222222222222222 0.10069444444444445
0 0.8381944444444445 0.4913194444444444 0.06527777777777778 0.09375
0 0.7743055555555556 0.9253472222222222 0.07083333333333333 0.11458333333333333
7 0.91875 0.8342013888888888 0.10138888888888889 0.11631944444444445
7 0.9638888888888889 0.7612847222222222 0.04722222222222222 0.08506944444444445
7 0.9798611111111111 0.8810763888888888 0.04027777777777778 0.08854166666666667
7 0.2375 0.2916666666666667 0.05 0.0625
7 0.8534722222222222 0.6354166666666666 0.0375 0.041666666666666664
7 0.9368055555555556 0.4453125 0.034722222222222224 0.046875
7 0.03611111111111111 0.013888888888888888 0.03888888888888889 0.024305555555555556
