0 0.25 0.0763888888888889 0.06944444444444445 0.0798611111111111
0 0.3819444444444444 0.1892361111111111 0.075 0.08333333333333333
0 0.5423611111111111 0.18229166666666666 0.05416666666666667 0.0798611111111111
0 0.5729166666666666 0.13541666666666666 0.06527777777777778 0.0763888888888889
0 0.7888888888888889 0.5407986111111112 0.06666666666666667 0.0920138888888889
0 0.9465277777777777 0.6371527777777778 0.08194444444444444 0.09027777777777778
0 0.8798611111111111 0.71875 0.06527777777777778 0.09375
0 0.4152777777777778 0.6276041666666666 0.06111111111111111 0.0954861111111111
0 0.10486111111111111 0.3602430555555556 0.05694444444444444 0.07118055555555555
0 0.49444444444444446 0.8298611111111112 0.06388888888888888 0.1076388888888889
7 0.2701388888888889 0.5789930555555556 0.04861111111111111 0.057291666666666664
7 0.36944444444444446 0.6979166666666666 0.06944444444444445 0.0625
7 0.33402777777777776 0.7664930555555556 0.04027777777777778 0.043402777777777776
7 0.6444444444444445 0.9123263888888888 0.044444444444444446 0.05381944444444445
1 0.6854166666666667 0.4435763888888889 0.05694444444444444 0.078125
7 0.7375 0.3012152777777778 0.05555555555555555 0.0642361111111111
7 0.7395833333333334 0.203125 0.0375 0.052083333333333336
7 0.8409722222222222 0.1605902777777778 0.1125 0.1371527777777778
7 0.30277777777777776 0.2543402777777778 0.04722222222222222 0.057291666666666664
7 0.9138888888888889 0.9045138888888888 0.044444444444444446 0.059027777777777776
7 0.27847222222222223 0.6223958333333334 0.04583333333333333 0.057291666666666664
7 0.24375 0.5980902777777778 0.043055555555555555 0.05381944444444445
7 0.2388888888888889 0.6692708333333334 0.04722222222222222 0.057291666666666664
