1 0.13958333333333334 0.6171875 0.04583333333333333 0.06076388888888889
1 0.07291666666666667 0.8315972222222222 0.0625 0.07291666666666667
1 0.25555555555555554 0.9079861111111112 0.044444444444444446 0.059027777777777776
1 0.13194444444444445 0.8949652777777778 0.044444444444444446 0.06076388888888889
1 0.17708333333333334 0.9036458333333334 0.04861111111111111 0.057291666666666664
1 0.46319444444444446 0.9157986111111112 0.05416666666666667 0.07118055555555555
1 0.34305555555555556 0.4895833333333333 0.044444444444444446 0.052083333333333336
1 0.1638888888888889 0.1154513888888889 0.044444444444444446 0.057291666666666664
1 0.5166666666666667 0.25 0.058333333333333334 0.07291666666666667
1 0.5270833333333333 0.1440972222222222 0.04583333333333333 0.06597222222222222
1 0.6208333333333333 0.24305555555555555 0.05555555555555555 0.05555555555555555
1 0.48541666666666666 0.4704861111111111 0.05138888888888889 0.059027777777777776
1 0.3611111111111111 0.7508680555555556 0.05555555555555555 0.06076388888888889
1 0.40347222222222223 0.7960069444444444 0.04583333333333333 0.050347222222222224
1 0.5826388888888889 0.4565972222222222 0.05138888888888889 0.06944444444444445
1 0.6590277777777778 0.4739583333333333 0.05416666666666667 0.05555555555555555
1 0.7680555555555556 0.2439236111111111 0.05555555555555555 0.07118055555555555
1 0.7013888888888888 0.3342013888888889 0.044444444444444446 0.06076388888888889
1 0.8402777777777778 0.4930555555555556 0.05277777777777778 0.06597222222222222
1 0.8194444444444444 0.5859375 0.04722222222222222 0.057291666666666664
1 0.6979166666666666 0.7569444444444444 0.04861111111111111 0.059027777777777776
1 0.8631944444444445 0.11631944444444445 0.05416666666666667 0.06944444444444445
1 0.9152777777777777 0.125 0.03888888888888889 0.04513888888888889
1 0.9576388888888889 0.15885416666666666 0.04583333333333333 0.0642361111111111
1 0.8791666666666667 0.2109375 0.05 0.06770833333333333
1 0.9208333333333333 0.5920138888888888 0.05 0.05555555555555555
1 0.975 0.5842013888888888 0.03888888888888889 0.0642361111111111
1 0.9194444444444444 0.6640625 0.044444444444444446 0.050347222222222224
1 0.8138888888888889 0.7994791666666666 0.05277777777777778 0.06770833333333333
1 0.7118055555555556 0.8758680555555556 0.05694444444444444 0.0642361111111111
1 0.475 0.7074652777777778 0.04722222222222222 0.057291666666666664
