1 0.018055555555555554 0.2717013888888889 0.03333333333333333 0.057291666666666664
1 0.043055555555555555 0.3359375 0.05 0.06770833333333333
1 0.10833333333333334 0.28125 0.05277777777777778 0.06597222222222222
1 0.2326388888888889 0.1814236111111111 0.04861111111111111 0.057291666666666664
1 0.3 0.17447916666666666 0.04722222222222222 0.0642361111111111
1 0.2013888888888889 0.265625 0.041666666666666664 0.059027777777777776
1 0.2534722222222222 0.2951388888888889 0.05416666666666667 0.0798611111111111
1 0.5215277777777778 0.06163194444444445 0.04583333333333333 0.07465277777777778
1 0.9159722222222222 0.3055555555555556 0.04583333333333333 0.06944444444444445
1 0.9659722222222222 0.3611111111111111 0.05416666666666667 0.0798611111111111
1 0.56875 0.2300347222222222 0.04027777777777778 0.0642361111111111
1 0.625 0.3151041666666667 0.05277777777777778 0.0642361111111111
1 0.43333333333333335 0.3611111111111111 0.05277777777777778 0.05555555555555555
1 0.5083333333333333 0.5607638888888888 0.06388888888888888 0.0798611111111111
1 0.8854166666666666 0.6258680555555556 0.05416666666666667 0.07465277777777778
1 0.8375 0.7109375 0.05 0.057291666666666664
1 0.6847222222222222 0.7274305555555556 0.05 0.05555555555555555
1 0.7222222222222222 0.7821180555555556 0.04722222222222222 0.057291666666666664
1 0.39652777777777776 0.6232638888888888 0.04583333333333333 0.059027777777777776
1 0.11180555555555556 0.7361111111111112 0.05416666666666667 0.0625
1 0.22847222222222222 0.9019097222222222 0.059722222222222225 0.078125
1 0.325 0.7638888888888888 0.041666666666666664 0.04861111111111111
1 0.41388888888888886 0.7986111111111112 0.05277777777777778 0.06597222222222222
1 0.5041666666666667 0.7473958333333334 0.03888888888888889 0.0642361111111111
1 0.5125 0.8541666666666666 0.05 0.059027777777777776
1 0.6118055555555556 0.9010416666666666 0.05138888888888889 0.06597222222222222
1 0.6965277777777777 0.9314236111111112 0.04861111111111111 0.06076388888888889
1 0.9729166666666667 0.8098958333333334 0.04861111111111111 0.06770833333333333
1 0.7958333333333333 0.7630208333333334 0.044444444444444446 0.057291666666666664
1 0.03611111111111111 0.9652777777777778 0.06388888888888888 0.06944444444444445
1 0.10069444444444445 0.8845486111111112 0.04861111111111111 0.050347222222222224
1 0.5333333333333333 0.9184027777777778 0.04722222222222222 0.05555555555555555
1 0.6284722222222222 0.4227430555555556 0.05138888888888889 0.06770833333333333
