1 0.09236111111111112 0.03993055555555555 0.04583333333333333 0.059027777777777776
1 0.1284722222222222 0.11197916666666667 0.043055555555555555 0.07465277777777778
1 0.08611111111111111 0.4470486111111111 0.06111111111111111 0.06770833333333333
1 0.19236111111111112 0.3645833333333333 0.04861111111111111 0.059027777777777776
1 0.21388888888888888 0.3177083333333333 0.05 0.052083333333333336
1 0.33819444444444446 0.3307291666666667 0.05138888888888889 0.06076388888888889
1 0.39444444444444443 0.10069444444444445 0.05277777777777778 0.0625
1 0.2951388888888889 0.16493055555555555 0.05138888888888889 0.07291666666666667
1 0.4840277777777778 0.15104166666666666 0.0625 0.0798611111111111
1 0.6020833333333333 0.1484375 0.05416666666666667 0.06076388888888889
1 0.7041666666666667 0.06770833333333333 0.05 0.059027777777777776
1 0.7743055555555556 0.10243055555555555 0.04861111111111111 0.0625
1 0.6673611111111111 0.3524305555555556 0.05416666666666667 0.07291666666666667
1 0.7194444444444444 0.359375 0.044444444444444446 0.0625
1 0.9666666666666667 0.2361111111111111 0.05 0.05555555555555555
1 0.71875 0.5651041666666666 0.05416666666666667 0.0642361111111111
1 0.8777777777777778 0.6345486111111112 0.05 0.0642361111111111
1 0.41944444444444445 0.4522569444444444 0.041666666666666664 0.05381944444444445
1 0.29791666666666666 0.4453125 0.04583333333333333 0.057291666666666664
1 0.38472222222222224 0.4991319444444444 0.05 0.05381944444444445
1 0.50625 0.5095486111111112 0.059722222222222225 0.06076388888888889
1 0.48541666666666666 0.6076388888888888 0.04027777777777778 0.059027777777777776
1 0.43819444444444444 0.6258680555555556 0.04583333333333333 0.06770833333333333
1 0.06527777777777778 0.6675347222222222 0.04722222222222222 0.057291666666666664
1 0.16597222222222222 0.7161458333333334 0.04583333333333333 0.057291666666666664
1 0.12222222222222222 0.7413194444444444 0.04722222222222222 0.0625
1 0.4361111111111111 0.7083333333333334 0.05277777777777778 0.0625
1 0.4465277777777778 0.8072916666666666 0.059722222222222225 0.0625
1 0.6868055555555556 0.7439236111111112 0.05138888888888889 0.06076388888888889
1 0.7715277777777778 0.734375 0.05138888888888889 0.0625
1 0.8451388888888889 0.7465277777777778 0.0625 0.0625
1 0.8194444444444444 0.8151041666666666 0.04722222222222222 0.06076388888888889
1 0.9069444444444444 0.8862847222222222 0.058333333333333334 0.078125
