1 0.43125 0.03125 0.04027777777777778 0.059027777777777776
1 0.8826388888888889 0.11979166666666667 0.043055555555555555 0.06944444444444445
1 0.8458333333333333 0.2664930555555556 0.05555555555555555 0.06076388888888889
1 0.6631944444444444 0.1953125 0.05138888888888889 0.07118055555555555
1 0.41041666666666665 0.2482638888888889 0.05694444444444444 0.0625
1 0.20625 0.1918402777777778 0.04027777777777778 0.050347222222222224
1 0.24305555555555555 0.1527777777777778 0.044444444444444446 0.05555555555555555
1 0.11944444444444445 0.390625 0.05 0.07291666666666667
1 0.04097222222222222 0.5277777777777778 0.05416666666666667 0.0763888888888889
1 0.11736111111111111 0.5364583333333334 0.05138888888888889 0.05555555555555555
1 0.20277777777777778 0.4817708333333333 0.041666666666666664 0.06770833333333333
1 0.34444444444444444 0.5043402777777778 0.05277777777777778 0.057291666666666664
1 0.5493055555555556 0.5130208333333334 0.04861111111111111 0.06076388888888889
1 0.8701388888888889 0.5911458333333334 0.05138888888888889 0.06770833333333333
1 0.9090277777777778 0.7100694444444444 0.05416666666666667 0.07291666666666667
1 0.975 0.8767361111111112 0.04722222222222222 0.0798611111111111
1 0.7694444444444445 0.6163194444444444 0.05 0.06944444444444445
1 0.6402777777777777 0.5512152777777778 0.044444444444444446 0.057291666666666664
1 0.575 0.5911458333333334 0.05 0.057291666666666664
1 0.6569444444444444 0.7786458333333334 0.05 0.06770833333333333
1 0.5104166666666666 0.609375 0.04583333333333333 0.059027777777777776
1 0.5027777777777778 0.7803819444444444 0.03888888888888889 0.0642361111111111
1 0.4465277777777778 0.7717013888888888 0.05416666666666667 0.0642361111111111
1 0.27152777777777776 0.7682291666666666 0.04583333333333333 0.0642361111111111
1 0.18541666666666667 0.859375 0.05138888888888889 0.06597222222222222
1 0.30833333333333335 0.9670138888888888 0.058333333333333334 0.0625
1 0.2375 0.9175347222222222 0.04722222222222222 0.05381944444444445
1 0.11805555555555555 0.9635416666666666 0.05555555555555555 0.0625
1 0.11527777777777778 0.6345486111111112 0.05 0.057291666666666664
