0 0.2798611111111111 0.4123263888888889 0.059722222222222225 0.10243055555555555
0 0.1798611111111111 0.4027777777777778 0.07916666666666666 0.08680555555555555
0 0.18194444444444444 0.5286458333333334 0.06388888888888888 0.09895833333333333
0 0.4826388888888889 0.3654513888888889 0.07361111111111111 0.09895833333333333
0 0.5333333333333333 0.4965277777777778 0.06111111111111111 0.0798611111111111
0 0.6444444444444445 0.5972222222222222 0.04722222222222222 0.06597222222222222
0 0.8041666666666667 0.4583333333333333 0.05555555555555555 0.0798611111111111
0 0.825 0.3897569444444444 0.058333333333333334 0.08854166666666667
0 0.5965277777777778 0.1875 0.0763888888888889 0.0798611111111111
0 0.6333333333333333 0.1171875 0.08055555555555556 0.09895833333333333
0 0.6979166666666666 0.90625 0.04861111111111111 0.06944444444444445
0 0.8972222222222223 0.9253472222222222 0.044444444444444446 0.06597222222222222
0 0.48680555555555555 0.9748263888888888 0.07083333333333333 0.036458333333333336
1 0.24861111111111112 0.20052083333333334 0.06111111111111111 0.078125
1 0.07222222222222222 0.4479166666666667 0.041666666666666664 0.059027777777777776
7 0.8756944444444444 0.4635416666666667 0.05694444444444444 0.0763888888888889
1 0.9527777777777777 0.1267361111111111 0.06666666666666667 0.0798611111111111
7 0.24166666666666667 0.5442708333333334 0.041666666666666664 0.05381944444444445
7 0.2826388888888889 0.5815972222222222 0.034722222222222224 0.052083333333333336
7 0.6034722222222222 0.7282986111111112 0.04583333333333333 0.05381944444444445
0 0.9534722222222223 0.8637152777777778 0.0625 0.10590277777777778
7 0.02847222222222222 0.4140625 0.043055555555555555 0.05381944444444445
7 0.034027777777777775 0.13541666666666666 0.0375 0.04513888888888889
7 0.4513888888888889 0.2170138888888889 0.044444444444444446 0.059027777777777776
