0 0.2701388888888889 0.09809027777777778 0.05694444444444444 0.078125
0 0.23402777777777778 0.171875 0.05694444444444444 0.0763888888888889
0 0.36041666666666666 0.3177083333333333 0.059722222222222225 0.08333333333333333
0 0.16319444444444445 0.4357638888888889 0.07916666666666666 0.1076388888888889
0 0.24305555555555555 0.8376736111111112 0.06388888888888888 0.10590277777777778
0 0.49166666666666664 0.7751736111111112 0.06388888888888888 0.0920138888888889
0 0.5013888888888889 0.2595486111111111 0.05277777777777778 0.0920138888888889
1 0.18194444444444444 0.9565972222222222 0.05 0.06597222222222222
7 0.049305555555555554 0.05642361111111111 0.05694444444444444 0.078125
7 0.6861111111111111 0.4097222222222222 0.08333333333333333 0.09375
7 0.5847222222222223 0.7456597222222222 0.03888888888888889 0.05381944444444445
7 0.8951388888888889 0.9670138888888888 0.059722222222222225 0.05555555555555555
7 0.2625 0.6701388888888888 0.041666666666666664 0.04861111111111111
7 0.015277777777777777 0.5434027777777778 0.027777777777777776 0.1076388888888889
7 0.47847222222222224 0.010416666666666666 0.03194444444444444 0.017361111111111112
7 0.21736111111111112 0.9678819444444444 0.034722222222222224 0.043402777777777776
