1 0.19444444444444445 0.20399305555555555 0.05555555555555555 0.06770833333333333
1 0.44166666666666665 0.1605902777777778 0.05 0.0642361111111111
1 0.5861111111111111 0.0876736111111111 0.05277777777777778 0.0642361111111111
1 0.6951388888888889 0.1779513888888889 0.05138888888888889 0.0642361111111111
1 0.8951388888888889 0.09722222222222222 0.05138888888888889 0.0625
1 0.8388888888888889 0.10503472222222222 0.05 0.06770833333333333
1 0.8659722222222223 0.19618055555555555 0.05416666666666667 0.05555555555555555
1 0.9555555555555556 0.4114583333333333 0.04722222222222222 0.07291666666666667
1 0.8652777777777778 0.6119791666666666 0.05555555555555555 0.07118055555555555
1 0.9354166666666667 0.5789930555555556 0.04027777777777778 0.057291666666666664
1 0.7958333333333333 0.6111111111111112 0.05277777777777778 0.059027777777777776
1 0.7145833333333333 0.6475694444444444 0.05694444444444444 0.06597222222222222
1 0.5479166666666667 0.2595486111111111 0.043055555555555555 0.057291666666666664
1 0.16041666666666668 0.4809027777777778 0.05138888888888889 0.06597222222222222
1 0.2847222222222222 0.3715277777777778 0.05 0.0625
1 0.5513888888888889 0.3732638888888889 0.04722222222222222 0.05555555555555555
1 0.5979166666666667 0.4210069444444444 0.04027777777777778 0.057291666666666664
1 0.5826388888888889 0.6059027777777778 0.04861111111111111 0.059027777777777776
1 0.7319444444444444 0.7335069444444444 0.05277777777777778 0.07118055555555555
1 0.7680555555555556 0.7994791666666666 0.05 0.0642361111111111
1 0.6888888888888889 0.8836805555555556 0.044444444444444446 0.059027777777777776
1 0.4652777777777778 0.7838541666666666 0.04722222222222222 0.05381944444444445
1 0.3701388888888889 0.75 0.04861111111111111 0.059027777777777776
1 0.15763888888888888 0.9375 0.05694444444444444 0.0625
1 0.09652777777777778 0.9305555555555556 0.05416666666666667 0.059027777777777776
1 0.044444444444444446 0.8680555555555556 0.044444444444444446 0.0625
