0 0.36319444444444443 0.1605902777777778 0.07083333333333333 0.08854166666666667
0 0.6340277777777777 0.1154513888888889 0.07361111111111111 0.08506944444444445
0 0.6743055555555556 0.5347222222222222 0.07083333333333333 0.09027777777777778
0 0.5006944444444444 0.5538194444444444 0.08472222222222223 0.1111111111111111
0 0.4736111111111111 0.625 0.07777777777777778 0.09375
0 0.55 0.421875 0.06388888888888888 0.09375
7 0.14027777777777778 0.7847222222222222 0.06111111111111111 0.1111111111111111
7 0.23819444444444443 0.8854166666666666 0.02638888888888889 0.03819444444444445
4 0.8986111111111111 0.3880208333333333 0.09166666666666666 0.08854166666666667
7 0.83125 0.5633680555555556 0.07916666666666666 0.10243055555555555
7 0.9284722222222223 0.8420138888888888 0.04583333333333333 0.0625
7 0.25 0.0234375 0.07777777777777778 0.043402777777777776
7 0.65 0.9730902777777778 0.06111111111111111 0.046875
