0 0.22361111111111112 0.046875 0.08055555555555556 0.08680555555555555
0 0.26319444444444445 0.1684027777777778 0.06805555555555555 0.09375
0 0.3298611111111111 0.1736111111111111 0.06805555555555555 0.1076388888888889
0 0.6361111111111111 0.06510416666666667 0.07222222222222222 0.0954861111111111
0 0.7375 0.3220486111111111 0.06388888888888888 0.08854166666666667
0 0.6798611111111111 0.4348958333333333 0.07083333333333333 0.08854166666666667
0 0.9708333333333333 0.08333333333333333 0.058333333333333334 0.09722222222222222
0 0.6111111111111112 0.7690972222222222 0.075 0.09027777777777778
0 0.10208333333333333 0.5703125 0.0763888888888889 0.09895833333333333
0 0.049305555555555554 0.8854166666666666 0.08472222222222223 0.1111111111111111
0 0.8104166666666667 0.3550347222222222 0.07083333333333333 0.0954861111111111
1 0.4826388888888889 0.4730902777777778 0.05416666666666667 0.078125
0 0.9881944444444445 0.4939236111111111 0.02361111111111111 0.0954861111111111
1 0.9770833333333333 0.609375 0.04583333333333333 0.06944444444444445
1 0.48541666666666666 0.043402777777777776 0.043055555555555555 0.06944444444444445
7 0.5958333333333333 0.3315972222222222 0.06944444444444445 0.06597222222222222
7 0.7465277777777778 0.059895833333333336 0.05138888888888889 0.07465277777777778
7 0.5243055555555556 0.3385416666666667 0.04861111111111111 0.0625
7 0.50625 0.7881944444444444 0.04861111111111111 0.08680555555555555
7 0.45416666666666666 0.9331597222222222 0.044444444444444446 0.057291666666666664
