0 0.3902777777777778 0.1701388888888889 0.06388888888888888 0.1111111111111111
0 0.7229166666666667 0.3246527777777778 0.07083333333333333 0.09375
0 0.06041666666666667 0.3949652777777778 0.06527777777777778 0.109375
0 0.03611111111111111 0.5842013888888888 0.06944444444444445 0.10243055555555555
0 0.2875 0.8229166666666666 0.06111111111111111 0.08333333333333333
0 0.49583333333333335 0.9175347222222222 0.075 0.0920138888888889
0 0.6534722222222222 0.6701388888888888 0.06805555555555555 0.09375
0 0.9215277777777777 0.8359375 0.0875 0.109375
0 0.30833333333333335 0.05295138888888889 0.05555555555555555 0.078125
0 0.13472222222222222 0.6267361111111112 0.06111111111111111 0.06944444444444445
7 0.6236111111111111 0.8793402777777778 0.075 0.08506944444444445
7 0.28958333333333336 0.3263888888888889 0.05138888888888889 0.0625
7 0.16597222222222222 0.1293402777777778 0.07916666666666666 0.08854166666666667
7 0.15416666666666667 0.19791666666666666 0.04722222222222222 0.059027777777777776
7 0.013888888888888888 0.6840277777777778 0.025 0.0763888888888889
7 0.02361111111111111 0.7960069444444444 0.044444444444444446 0.06770833333333333
7 0.1597222222222222 0.5477430555555556 0.058333333333333334 0.0642361111111111
7 0.17291666666666666 0.65625 0.04583333333333333 0.05555555555555555
7 0.7520833333333333 0.5625 0.0763888888888889 0.07291666666666667
7 0.5326388888888889 0.7664930555555556 0.04583333333333333 0.057291666666666664
7 0.41944444444444445 0.09027777777777778 0.05 0.06944444444444445
1 0.3368055555555556 0.1076388888888889 0.04861111111111111 0.0625
7 0.8319444444444445 0.8402777777777778 0.06944444444444445 0.125
7 0.8673611111111111 0.890625 0.0375 0.0625
7 0.9194444444444444 0.9791666666666666 0.06666666666666667 0.03819444444444445
7 0.45555555555555555 0.2690972222222222 0.03888888888888889 0.04513888888888889
7 0.8763888888888889 0.018229166666666668 0.03611111111111111 0.03298611111111111
7 0.8777777777777778 0.4809027777777778 0.03333333333333333 0.04861111111111111
7 0.4305555555555556 0.1753472222222222 0.030555555555555555 0.052083333333333336
