0 0.23055555555555557 0.3810763888888889 0.058333333333333334 0.07465277777777778
0 0.18680555555555556 0.4930555555555556 0.05694444444444444 0.06597222222222222
0 0.28194444444444444 0.5512152777777778 0.06666666666666667 0.08159722222222222
0 0.7652777777777777 0.4800347222222222 0.06666666666666667 0.08159722222222222
0 0.20069444444444445 0.5876736111111112 0.06527777777777778 0.08159722222222222
0 0.6395833333333333 0.0920138888888889 0.06805555555555555 0.06944444444444445
0 0.8458333333333333 0.5763888888888888 0.07222222222222222 0.08333333333333333
1 0.2013888888888889 0.026909722222222224 0.03611111111111111 0.050347222222222224
1 0.36041666666666666 0.3177083333333333 0.04027777777777778 0.052083333333333336
1 0.6680555555555555 0.9782986111111112 0.058333333333333334 0.043402777777777776
1 0.19791666666666666 0.6848958333333334 0.04861111111111111 0.0642361111111111
7 0.03819444444444445 0.5633680555555556 0.04583333333333333 0.050347222222222224
7 0.2652777777777778 0.1527777777777778 0.06388888888888888 0.09375
7 0.5409722222222222 0.1623263888888889 0.0625 0.10243055555555555
1 0.8805555555555555 0.09375 0.05555555555555555 0.06597222222222222
7 0.8388888888888889 0.7760416666666666 0.06944444444444445 0.1076388888888889
7 0.5944444444444444 0.7612847222222222 0.09166666666666666 0.08854166666666667
7 0.25277777777777777 0.7491319444444444 0.08611111111111111 0.09895833333333333
7 0.3013888888888889 0.8654513888888888 0.08611111111111111 0.1267361111111111
