1 0.025694444444444443 0.4105902777777778 0.04861111111111111 0.06076388888888889
1 0.20902777777777778 0.08333333333333333 0.04861111111111111 0.0625
1 0.18611111111111112 0.1875 0.05 0.059027777777777776
1 0.2465277777777778 0.1605902777777778 0.05138888888888889 0.0642361111111111
1 0.19236111111111112 0.2847222222222222 0.05694444444444444 0.06944444444444445
1 0.48541666666666666 0.09027777777777778 0.04583333333333333 0.059027777777777776
1 0.5659722222222222 0.0998263888888889 0.05416666666666667 0.07118055555555555
1 0.5159722222222223 0.5060763888888888 0.04583333333333333 0.057291666666666664
1 0.46319444444444446 0.5078125 0.05694444444444444 0.057291666666666664
1 0.6465277777777778 0.5234375 0.05138888888888889 0.0642361111111111
1 0.3215277777777778 0.6397569444444444 0.05694444444444444 0.06770833333333333
1 0.49722222222222223 0.6684027777777778 0.05277777777777778 0.06597222222222222
1 0.6381944444444444 0.6597222222222222 0.05138888888888889 0.06944444444444445
1 0.23125 0.8029513888888888 0.05138888888888889 0.057291666666666664
1 0.17430555555555555 0.9305555555555556 0.04583333333333333 0.05555555555555555
1 0.27291666666666664 0.9357638888888888 0.05416666666666667 0.06597222222222222
1 0.30833333333333335 0.7786458333333334 0.044444444444444446 0.06770833333333333
1 0.3854166666666667 0.7230902777777778 0.05138888888888889 0.06770833333333333
1 0.4986111111111111 0.7447916666666666 0.041666666666666664 0.0625
1 0.81875 0.6996527777777778 0.059722222222222225 0.06944444444444445
1 0.8402777777777778 0.8255208333333334 0.05 0.06770833333333333
1 0.7625 0.7907986111111112 0.058333333333333334 0.057291666666666664
1 0.7743055555555556 0.859375 0.05416666666666667 0.06597222222222222
1 0.8333333333333334 0.4036458333333333 0.05277777777777778 0.07118055555555555
1 0.7819444444444444 0.1467013888888889 0.05 0.0642361111111111
1 0.9027777777777778 0.08854166666666667 0.05277777777777778 0.06597222222222222
1 0.9527777777777777 0.1519097222222222 0.04722222222222222 0.0642361111111111
1 0.8430555555555556 0.1701388888888889 0.04722222222222222 0.06944444444444445
1 0.8895833333333333 0.19618055555555555 0.04861111111111111 0.0625
1 0.9756944444444444 0.3359375 0.04861111111111111 0.07465277777777778
1 0.9569444444444445 0.5364583333333334 0.041666666666666664 0.0625
1 0.9090277777777778 0.5329861111111112 0.0375 0.0625
1 0.6611111111111111 0.8810763888888888 0.04722222222222222 0.06076388888888889
