0 0.03263888888888889 0.09027777777777778 0.0625 0.08680555555555555
0 0.12222222222222222 0.3454861111111111 0.06111111111111111 0.09027777777777778
0 0.06736111111111111 0.4661458333333333 0.07083333333333333 0.0920138888888889
0 0.36527777777777776 0.12760416666666666 0.06666666666666667 0.08159722222222222
0 0.41458333333333336 0.5564236111111112 0.0625 0.0920138888888889
0 0.5777777777777777 0.7621527777777778 0.07222222222222222 0.09027777777777778
0 0.7472222222222222 0.7065972222222222 0.07222222222222222 0.10416666666666667
0 0.5909722222222222 0.9149305555555556 0.05416666666666667 0.10069444444444445
0 0.19791666666666666 0.3888888888888889 0.08194444444444444 0.09027777777777778
1 0.40902777777777777 0.6388888888888888 0.04583333333333333 0.06944444444444445
1 0.4548611111111111 0.4609375 0.04027777777777778 0.050347222222222224
1 0.8048611111111111 0.2170138888888889 0.04583333333333333 0.059027777777777776
7 0.022916666666666665 0.8168402777777778 0.043055555555555555 0.11284722222222222
7 0.9055555555555556 0.9123263888888888 0.06388888888888888 0.0954861111111111
7 0.93125 0.5407986111111112 0.08194444444444444 0.08854166666666667
7 0.8097222222222222 0.5243055555555556 0.04722222222222222 0.0625
7 0.9381944444444444 0.1111111111111111 0.06805555555555555 0.14930555555555555
7 0.45555555555555555 0.203125 0.06666666666666667 0.10069444444444445
7 0.4625 0.3289930555555556 0.06666666666666667 0.08506944444444445
7 0.12361111111111112 0.0685763888888889 0.05277777777777778 0.07465277777777778
