0 0.5930555555555556 0.15104166666666666 0.06666666666666667 0.1284722222222222
0 0.18611111111111112 0.5625 0.06388888888888888 0.09722222222222222
0 0.19652777777777777 0.9548611111111112 0.0875 0.0763888888888889
0 0.31180555555555556 0.6831597222222222 0.08194444444444444 0.08854166666666667
0 0.8368055555555556 0.4322916666666667 0.06527777777777778 0.08333333333333333
0 0.6472222222222223 0.4296875 0.058333333333333334 0.07465277777777778
0 0.8763888888888889 0.5338541666666666 0.07222222222222222 0.08159722222222222
0 0.8243055555555555 0.9348958333333334 0.06527777777777778 0.08506944444444445
0 0.07847222222222222 0.6310763888888888 0.07916666666666666 0.1232638888888889
0 0.32222222222222224 0.2282986111111111 0.06111111111111111 0.0954861111111111
7 0.1388888888888889 0.4661458333333333 0.07222222222222222 0.13368055555555555
1 0.4125 0.044270833333333336 0.041666666666666664 0.06076388888888889
7 0.3541666666666667 0.359375 0.04722222222222222 0.0625
7 0.2298611111111111 0.7682291666666666 0.04861111111111111 0.07465277777777778
7 0.46944444444444444 0.7907986111111112 0.06388888888888888 0.0920138888888889
7 0.9083333333333333 0.6571180555555556 0.05277777777777778 0.07465277777777778
7 0.9701388888888889 0.9487847222222222 0.059722222222222225 0.0954861111111111
7 0.9826388888888888 0.2586805555555556 0.034722222222222224 0.0798611111111111
7 0.8840277777777777 0.4166666666666667 0.034722222222222224 0.04861111111111111
7 0.925 0.4670138888888889 0.03888888888888889 0.052083333333333336
7 0.8097222222222222 0.3064236111111111 0.05 0.07465277777777778
7 0.7027777777777777 0.3038194444444444 0.041666666666666664 0.059027777777777776
7 0.8243055555555555 0.2092013888888889 0.04583333333333333 0.0642361111111111
7 0.7277777777777777 0.2751736111111111 0.030555555555555555 0.036458333333333336
7 0.6618055555555555 0.2942708333333333 0.043055555555555555 0.05381944444444445
7 0.36944444444444446 0.0998263888888889 0.06944444444444445 0.0954861111111111
7 0.3333333333333333 0.03125 0.06388888888888888 0.059027777777777776
7 0.6236111111111111 0.7699652777777778 0.03611111111111111 0.057291666666666664
