0 0.11597222222222223 0.2222222222222222 0.0763888888888889 0.08680555555555555
0 0.21666666666666667 0.3203125 0.06111111111111111 0.08854166666666667
0 0.48680555555555555 0.4809027777777778 0.05416666666666667 0.0798611111111111
0 0.3159722222222222 0.08333333333333333 0.0763888888888889 0.10069444444444445
0 0.7354166666666667 0.1293402777777778 0.059722222222222225 0.0954861111111111
0 0.030555555555555555 0.7829861111111112 0.058333333333333334 0.08680555555555555
0 0.20277777777777778 0.9592013888888888 0.06666666666666667 0.07118055555555555
0 0.7256944444444444 0.9583333333333334 0.07083333333333333 0.07291666666666667
0 0.27569444444444446 0.23350694444444445 0.0625 0.06770833333333333
0 0.9736111111111111 0.171875 0.05277777777777778 0.10069444444444445
1 0.47152777777777777 0.19010416666666666 0.05138888888888889 0.06770833333333333
1 0.8097222222222222 0.4722222222222222 0.03333333333333333 0.05555555555555555
3 0.8284722222222223 0.4270833333333333 0.05694444444444444 0.0625
1 0.8604166666666667 0.3949652777777778 0.043055555555555555 0.05381944444444445
1 0.7756944444444445 0.5894097222222222 0.04861111111111111 0.06076388888888889
1 0.01875 0.6336805555555556 0.034722222222222224 0.0625
7 0.37222222222222223 0.3090277777777778 0.07777777777777778 0.0798611111111111
7 0.35 0.13975694444444445 0.05277777777777778 0.06770833333333333
7 0.4618055555555556 0.0390625 0.059722222222222225 0.07465277777777778
7 0.43125 0.050347222222222224 0.0375 0.04513888888888889
7 0.5034722222222222 0.1501736111111111 0.04583333333333333 0.06076388888888889
7 0.4666666666666667 0.3715277777777778 0.041666666666666664 0.05555555555555555
7 0.3784722222222222 0.4626736111111111 0.06527777777777778 0.078125
7 0.38680555555555557 0.390625 0.043055555555555555 0.05555555555555555
7 0.33958333333333335 0.5798611111111112 0.05138888888888889 0.0625
1 0.19305555555555556 0.7508680555555556 0.05 0.06770833333333333
7 0.02013888888888889 0.9722222222222222 0.0375 0.052083333333333336
7 0.35694444444444445 0.9453125 0.06388888888888888 0.0954861111111111
7 0.04097222222222222 0.4157986111111111 0.07916666666666666 0.1371527777777778
