1 0.05416666666666667 0.1762152777777778 0.05 0.0642361111111111
1 0.08333333333333333 0.4027777777777778 0.05277777777777778 0.0625
1 0.2 0.3420138888888889 0.05555555555555555 0.07291666666666667
1 0.28125 0.3984375 0.05694444444444444 0.06076388888888889
1 0.40208333333333335 0.3185763888888889 0.06527777777777778 0.0642361111111111
1 0.8590277777777777 0.3029513888888889 0.0625 0.08159722222222222
1 0.7666666666666667 0.2777777777777778 0.05277777777777778 0.05555555555555555
1 0.7131944444444445 0.4357638888888889 0.05416666666666667 0.0625
1 0.9361111111111111 0.2890625 0.04722222222222222 0.06076388888888889
1 0.3076388888888889 0.5164930555555556 0.05138888888888889 0.057291666666666664
1 0.22430555555555556 0.8550347222222222 0.05694444444444444 0.0642361111111111
1 0.5131944444444444 0.7300347222222222 0.04861111111111111 0.06076388888888889
1 0.5638888888888889 0.5894097222222222 0.041666666666666664 0.050347222222222224
1 0.45208333333333334 0.6128472222222222 0.04583333333333333 0.05555555555555555
1 0.7465277777777778 0.5894097222222222 0.05138888888888889 0.050347222222222224
1 0.5659722222222222 0.421875 0.04583333333333333 0.0625
1 0.9451388888888889 0.5217013888888888 0.05416666666666667 0.0642361111111111
1 0.9486111111111111 0.7083333333333334 0.05277777777777778 0.06944444444444445
1 0.42916666666666664 0.8567708333333334 0.05 0.06076388888888889
