0 0.09166666666666666 0.06770833333333333 0.06944444444444445 0.09375
0 0.21805555555555556 0.34375 0.06944444444444445 0.09375
0 0.19305555555555556 0.5963541666666666 0.06944444444444445 0.08159722222222222
0 0.5145833333333333 0.3828125 0.059722222222222225 0.0954861111111111
0 0.3236111111111111 0.4817708333333333 0.06388888888888888 0.08854166666666667
0 0.7166666666666667 0.5989583333333334 0.06111111111111111 0.08680555555555555
0 0.4895833333333333 0.8689236111111112 0.0625 0.078125
1 0.46111111111111114 0.171875 0.05 0.07291666666666667
7 0.4888888888888889 0.12413194444444445 0.044444444444444446 0.05381944444444445
7 0.48194444444444445 0.024305555555555556 0.07222222222222222 0.04513888888888889
7 0.4548611111111111 0.4765625 0.04027777777777778 0.050347222222222224
7 0.32222222222222224 0.8072916666666666 0.027777777777777776 0.041666666666666664
1 0.6951388888888889 0.7413194444444444 0.05416666666666667 0.06944444444444445
1 0.5402777777777777 0.9357638888888888 0.04722222222222222 0.059027777777777776
7 0.6395833333333333 0.8932291666666666 0.034722222222222224 0.050347222222222224
7 0.40625 0.8767361111111112 0.06527777777777778 0.07291666666666667
7 0.9354166666666667 0.10850694444444445 0.04861111111111111 0.05381944444444445
7 0.925 0.06684027777777778 0.03888888888888889 0.05381944444444445
7 0.89375 0.16493055555555555 0.043055555555555555 0.05555555555555555
7 0.018055555555555554 0.5954861111111112 0.03333333333333333 0.07291666666666667
