0 0.1423611111111111 0.2760416666666667 0.07916666666666666 0.09027777777777778
0 0.34444444444444444 0.3967013888888889 0.06666666666666667 0.0920138888888889
0 0.6 0.4704861111111111 0.06388888888888888 0.08680555555555555
0 0.24166666666666667 0.8541666666666666 0.06944444444444445 0.10069444444444445
0 0.4465277777777778 0.3793402777777778 0.0763888888888889 0.0954861111111111
0 0.7298611111111111 0.3975694444444444 0.08472222222222223 0.09027777777777778
0 0.6979166666666666 0.8975694444444444 0.08472222222222223 0.1111111111111111
0 0.6104166666666667 0.8810763888888888 0.07916666666666666 0.10590277777777778
0 0.3458333333333333 0.7760416666666666 0.06388888888888888 0.08333333333333333
0 0.025 0.3541666666666667 0.04722222222222222 0.08680555555555555
0 0.7041666666666667 0.9583333333333334 0.06944444444444445 0.06597222222222222
1 0.21319444444444444 0.1467013888888889 0.05138888888888889 0.0642361111111111
1 0.5055555555555555 0.1840277777777778 0.04722222222222222 0.059027777777777776
1 0.3770833333333333 0.11371527777777778 0.0625 0.07465277777777778
7 0.5840277777777778 0.13802083333333334 0.05138888888888889 0.06770833333333333
7 0.24583333333333332 0.7352430555555556 0.04722222222222222 0.057291666666666664
7 0.17847222222222223 0.4704861111111111 0.04861111111111111 0.052083333333333336
0 0.8791666666666667 0.8159722222222222 0.08333333333333333 0.11458333333333333
7 0.9784722222222222 0.7439236111111112 0.043055555555555555 0.057291666666666664
7 0.7979166666666667 0.019097222222222224 0.06527777777777778 0.034722222222222224
7 0.3715277777777778 0.8498263888888888 0.04027777777777778 0.057291666666666664
0 0.22083333333333333 0.9539930555555556 0.06388888888888888 0.08159722222222222
