1 0.027777777777777776 0.515625 0.05277777777777778 0.06597222222222222
1 0.024305555555555556 0.1501736111111111 0.04583333333333333 0.06076388888888889
1 0.35694444444444445 0.3463541666666667 0.05277777777777778 0.06770833333333333
1 0.42777777777777776 0.6501736111111112 0.05277777777777778 0.07465277777777778
1 0.5590277777777778 0.6119791666666666 0.05694444444444444 0.06770833333333333
1 0.3472222222222222 0.9592013888888888 0.05277777777777778 0.08159722222222222
1 0.21944444444444444 0.8949652777777778 0.05 0.05381944444444445
1 0.14930555555555555 0.7109375 0.04583333333333333 0.05381944444444445
1 0.6625 0.4800347222222222 0.05 0.07118055555555555
1 0.7944444444444444 0.4661458333333333 0.05277777777777778 0.07465277777777778
1 0.7993055555555556 0.6588541666666666 0.05138888888888889 0.06770833333333333
1 0.8840277777777777 0.7300347222222222 0.0625 0.08506944444444445
1 0.91875 0.9123263888888888 0.04861111111111111 0.07465277777777778
1 0.9388888888888889 0.4878472222222222 0.04722222222222222 0.0625
1 0.7048611111111112 0.11197916666666667 0.04583333333333333 0.06076388888888889
1 0.9291666666666667 0.1814236111111111 0.044444444444444446 0.06770833333333333
1 0.5118055555555555 0.0876736111111111 0.05416666666666667 0.06770833333333333
1 0.5340277777777778 0.3680555555555556 0.043055555555555555 0.05555555555555555
1 0.6951388888888889 0.3767361111111111 0.043055555555555555 0.05555555555555555
