1 0.059027777777777776 0.1362847222222222 0.04861111111111111 0.057291666666666664
1 0.09861111111111111 0.1918402777777778 0.05277777777777778 0.0642361111111111
1 0.09166666666666666 0.3420138888888889 0.05555555555555555 0.0625
1 0.15555555555555556 0.5416666666666666 0.05277777777777778 0.06944444444444445
1 0.021527777777777778 0.4965277777777778 0.04027777777777778 0.06944444444444445
1 0.4930555555555556 0.11458333333333333 0.04722222222222222 0.06597222222222222
1 0.7840277777777778 0.0642361111111111 0.05138888888888889 0.05555555555555555
1 0.7916666666666666 0.15104166666666666 0.05277777777777778 0.06944444444444445
1 0.8993055555555556 0.24131944444444445 0.04583333333333333 0.06597222222222222
1 0.8444444444444444 0.296875 0.05555555555555555 0.06944444444444445
1 0.9736111111111111 0.3723958333333333 0.04722222222222222 0.07465277777777778
1 0.9729166666666667 0.5763888888888888 0.05416666666666667 0.07291666666666667
1 0.8791666666666667 0.3923611111111111 0.05277777777777778 0.0625
1 0.7034722222222223 0.3949652777777778 0.059722222222222225 0.06770833333333333
1 0.24375 0.15625 0.05138888888888889 0.059027777777777776
1 0.29791666666666666 0.2890625 0.04861111111111111 0.05381944444444445
1 0.4097222222222222 0.3993055555555556 0.05 0.059027777777777776
1 0.35555555555555557 0.4704861111111111 0.058333333333333334 0.06597222222222222
1 0.45069444444444445 0.4609375 0.05416666666666667 0.07465277777777778
1 0.5513888888888889 0.5121527777777778 0.06388888888888888 0.06944444444444445
1 0.4895833333333333 0.5772569444444444 0.059722222222222225 0.07465277777777778
1 0.8673611111111111 0.7048611111111112 0.05694444444444444 0.0798611111111111
1 0.8645833333333334 0.8125 0.04583333333333333 0.059027777777777776
1 0.7152777777777778 0.6258680555555556 0.06388888888888888 0.07465277777777778
1 0.7638888888888888 0.8003472222222222 0.04722222222222222 0.059027777777777776
1 0.8402777777777778 0.9227430555555556 0.04722222222222222 0.0642361111111111
1 0.6597222222222222 0.8715277777777778 0.06111111111111111 0.06944444444444445
1 0.68125 0.7751736111111112 0.04861111111111111 0.06076388888888889
1 0.7055555555555556 0.7282986111111112 0.03888888888888889 0.05381944444444445
1 0.09236111111111112 0.7942708333333334 0.05416666666666667 0.06770833333333333
1 0.15694444444444444 0.7352430555555556 0.05555555555555555 0.07118055555555555
1 0.28958333333333336 0.7352430555555556 0.05694444444444444 0.0642361111111111
1 0.32430555555555557 0.6979166666666666 0.04861111111111111 0.05555555555555555
1 0.36736111111111114 0.8342013888888888 0.05416666666666667 0.0642361111111111
1 0.5465277777777777 0.8446180555555556 0.04861111111111111 0.05381944444444445
1 0.39375 0.890625 0.05694444444444444 0.059027777777777776
1 0.5201388888888889 0.9175347222222222 0.05694444444444444 0.05381944444444445
