1 0.022222222222222223 0.17881944444444445 0.041666666666666664 0.06944444444444445
1 0.07569444444444444 0.08333333333333333 0.059722222222222225 0.06597222222222222
1 0.3284722222222222 0.2144097222222222 0.05138888888888889 0.07465277777777778
1 0.2326388888888889 0.296875 0.05416666666666667 0.059027777777777776
1 0.10902777777777778 0.4340277777777778 0.059722222222222225 0.06597222222222222
1 0.0625 0.6848958333333334 0.06111111111111111 0.057291666666666664
1 0.2965277777777778 0.40625 0.04861111111111111 0.06597222222222222
1 0.3458333333333333 0.4965277777777778 0.05277777777777778 0.06944444444444445
1 0.2986111111111111 0.6840277777777778 0.041666666666666664 0.059027777777777776
1 0.43194444444444446 0.3550347222222222 0.05277777777777778 0.0642361111111111
1 0.5111111111111111 0.3194444444444444 0.05555555555555555 0.06597222222222222
1 0.7916666666666666 0.0859375 0.06111111111111111 0.07465277777777778
1 0.74375 0.4149305555555556 0.05694444444444444 0.06944444444444445
1 0.6145833333333334 0.5972222222222222 0.04583333333333333 0.059027777777777776
1 0.6715277777777777 0.53125 0.05694444444444444 0.06597222222222222
1 0.4875 0.8715277777777778 0.05 0.06597222222222222
1 0.5534722222222223 0.7161458333333334 0.05138888888888889 0.06770833333333333
1 0.63125 0.8871527777777778 0.04583333333333333 0.0625
1 0.7180555555555556 0.9166666666666666 0.05555555555555555 0.06597222222222222
1 0.8597222222222223 0.8072916666666666 0.04722222222222222 0.0625
1 0.9069444444444444 0.8723958333333334 0.044444444444444446 0.0642361111111111
