1 0.20347222222222222 0.1310763888888889 0.05138888888888889 0.06770833333333333
1 0.29097222222222224 0.1597222222222222 0.059722222222222225 0.0625
1 0.3840277777777778 0.14756944444444445 0.0625 0.07291666666666667
1 0.3729166666666667 0.3454861111111111 0.0625 0.0763888888888889
1 0.45625 0.3315972222222222 0.04861111111111111 0.06597222222222222
1 0.22569444444444445 0.3359375 0.04861111111111111 0.06076388888888889
1 0.2875 0.3697916666666667 0.05 0.059027777777777776
1 0.13958333333333334 0.5486111111111112 0.04861111111111111 0.06597222222222222
1 0.2652777777777778 0.5269097222222222 0.05 0.06770833333333333
1 0.37083333333333335 0.6727430555555556 0.06111111111111111 0.07118055555555555
1 0.16319444444444445 0.734375 0.04583333333333333 0.06597222222222222
1 0.18888888888888888 0.8454861111111112 0.05277777777777778 0.06597222222222222
1 0.07430555555555556 0.7673611111111112 0.04583333333333333 0.059027777777777776
1 0.04375 0.8828125 0.05138888888888889 0.07118055555555555
1 0.37083333333333335 0.7960069444444444 0.05 0.06770833333333333
1 0.5305555555555556 0.4236111111111111 0.041666666666666664 0.06944444444444445
1 0.5986111111111111 0.5390625 0.05 0.0642361111111111
1 0.6604166666666667 0.5251736111111112 0.04861111111111111 0.057291666666666664
1 0.5173611111111112 0.578125 0.04861111111111111 0.05555555555555555
1 0.5090277777777777 0.6449652777777778 0.04583333333333333 0.050347222222222224
1 0.5506944444444445 0.6944444444444444 0.04027777777777778 0.04861111111111111
1 0.5291666666666667 0.8541666666666666 0.04722222222222222 0.052083333333333336
1 0.7590277777777777 0.9010416666666666 0.05416666666666667 0.06944444444444445
1 0.6111111111111112 0.9253472222222222 0.06111111111111111 0.07291666666666667
1 0.7944444444444444 0.8394097222222222 0.05277777777777778 0.06076388888888889
1 0.5486111111111112 0.04861111111111111 0.05 0.05555555555555555
1 0.7548611111111111 0.1388888888888889 0.05694444444444444 0.05555555555555555
1 0.9604166666666667 0.15711805555555555 0.05138888888888889 0.057291666666666664
1 0.93125 0.21006944444444445 0.04861111111111111 0.05555555555555555
1 0.7756944444444445 0.3958333333333333 0.04861111111111111 0.059027777777777776
1 0.7715277777777778 0.5164930555555556 0.04861111111111111 0.057291666666666664
1 0.8625 0.5477430555555556 0.05555555555555555 0.07118055555555555
1 0.9756944444444444 0.6527777777777778 0.04861111111111111 0.0625
