1 0.030555555555555555 0.2126736111111111 0.041666666666666664 0.057291666666666664
1 0.14583333333333334 0.23524305555555555 0.04722222222222222 0.0642361111111111
1 0.31805555555555554 0.18489583333333334 0.04722222222222222 0.06770833333333333
1 0.10069444444444445 0.4027777777777778 0.05416666666666667 0.06944444444444445
1 0.25069444444444444 0.5720486111111112 0.059722222222222225 0.0642361111111111
1 0.22777777777777777 0.6961805555555556 0.05 0.0625
1 0.32569444444444445 0.7821180555555556 0.04583333333333333 0.057291666666666664
1 0.5270833333333333 0.7777777777777778 0.034722222222222224 0.05555555555555555
1 0.6708333333333333 0.8585069444444444 0.06111111111111111 0.07465277777777778
1 0.9534722222222223 0.9010416666666666 0.04583333333333333 0.06944444444444445
1 0.9576388888888889 0.5399305555555556 0.05138888888888889 0.0625
1 0.69375 0.3880208333333333 0.04861111111111111 0.06770833333333333
1 0.5368055555555555 0.4114583333333333 0.04583333333333333 0.07291666666666667
1 0.4666666666666667 0.3914930555555556 0.05277777777777778 0.07118055555555555
1 0.5604166666666667 0.3394097222222222 0.05416666666666667 0.0642361111111111
1 0.6090277777777777 0.2378472222222222 0.0375 0.0625
1 0.6541666666666667 0.2621527777777778 0.04722222222222222 0.059027777777777776
1 0.7006944444444444 0.09635416666666667 0.059722222222222225 0.0642361111111111
1 0.6319444444444444 0.11805555555555555 0.05 0.0625
1 0.9222222222222223 0.2673611111111111 0.04722222222222222 0.06597222222222222
