1 0.12777777777777777 0.1154513888888889 0.058333333333333334 0.078125
1 0.26875 0.0546875 0.05138888888888889 0.0642361111111111
1 0.06041666666666667 0.4088541666666667 0.04583333333333333 0.0642361111111111
1 0.4263888888888889 0.21961805555555555 0.044444444444444446 0.05381944444444445
1 0.575 0.0546875 0.05277777777777778 0.0642361111111111
1 0.7013888888888888 0.0703125 0.044444444444444446 0.0642361111111111
1 0.6326388888888889 0.13194444444444445 0.05138888888888889 0.06597222222222222
1 0.7208333333333333 0.15104166666666666 0.05 0.05555555555555555
1 0.5944444444444444 0.2925347222222222 0.05 0.06076388888888889
1 0.5784722222222223 0.4079861111111111 0.059722222222222225 0.06944444444444445
1 0.8298611111111112 0.4392361111111111 0.04583333333333333 0.0625
1 0.7798611111111111 0.46875 0.04861111111111111 0.052083333333333336
1 0.5270833333333333 0.5182291666666666 0.04583333333333333 0.0642361111111111
1 0.7166666666666667 0.5572916666666666 0.05 0.07291666666666667
1 0.6423611111111112 0.6744791666666666 0.04027777777777778 0.050347222222222224
1 0.5284722222222222 0.6493055555555556 0.05416666666666667 0.06597222222222222
1 0.21458333333333332 0.3567708333333333 0.04861111111111111 0.0642361111111111
1 0.22430555555555556 0.7526041666666666 0.05138888888888889 0.0642361111111111
1 0.1763888888888889 0.8003472222222222 0.044444444444444446 0.0625
1 0.26666666666666666 0.8506944444444444 0.05277777777777778 0.06944444444444445
1 0.5888888888888889 0.8315972222222222 0.05555555555555555 0.0798611111111111
1 0.38125 0.5737847222222222 0.04861111111111111 0.057291666666666664
1 0.3034722222222222 0.6805555555555556 0.04861111111111111 0.0625
1 0.4708333333333333 0.7942708333333334 0.05 0.06076388888888889
1 0.525 0.7352430555555556 0.044444444444444446 0.06076388888888889
1 0.6854166666666667 0.9375 0.05138888888888889 0.059027777777777776
1 0.8111111111111111 0.8151041666666666 0.05277777777777778 0.057291666666666664
1 0.7833333333333333 0.7421875 0.06111111111111111 0.07465277777777778
1 0.49930555555555556 0.9123263888888888 0.05694444444444444 0.06076388888888889
