1 0.5576388888888889 0.035590277777777776 0.05138888888888889 0.057291666666666664
1 0.4527777777777778 0.14149305555555555 0.05 0.06770833333333333
1 0.6013888888888889 0.17274305555555555 0.058333333333333334 0.06770833333333333
1 0.4847222222222222 0.2673611111111111 0.06111111111111111 0.06944444444444445
1 0.5604166666666667 0.3098958333333333 0.043055555555555555 0.05381944444444445
1 0.09375 0.2092013888888889 0.04583333333333333 0.050347222222222224
1 0.1673611111111111 0.2630208333333333 0.04583333333333333 0.05381944444444445
1 0.2986111111111111 0.3046875 0.05277777777777778 0.06770833333333333
1 0.36666666666666664 0.3967013888888889 0.05277777777777778 0.06076388888888889
1 0.425 0.4852430555555556 0.05 0.0642361111111111
1 0.14375 0.4930555555555556 0.043055555555555555 0.05555555555555555
1 0.17777777777777778 0.5885416666666666 0.044444444444444446 0.052083333333333336
1 0.4125 0.6119791666666666 0.044444444444444446 0.057291666666666664
1 0.2763888888888889 0.5703125 0.05555555555555555 0.0642361111111111
1 0.23194444444444445 0.4201388888888889 0.04722222222222222 0.059027777777777776
1 0.19305555555555556 0.4496527777777778 0.044444444444444446 0.059027777777777776
1 0.07847222222222222 0.7777777777777778 0.04583333333333333 0.06944444444444445
1 0.275 0.7222222222222222 0.03888888888888889 0.06597222222222222
1 0.14444444444444443 0.8333333333333334 0.041666666666666664 0.059027777777777776
1 0.05625 0.8498263888888888 0.04861111111111111 0.057291666666666664
1 0.4618055555555556 0.8411458333333334 0.05138888888888889 0.0642361111111111
1 0.5027777777777778 0.4678819444444444 0.041666666666666664 0.07118055555555555
1 0.6875 0.4956597222222222 0.05 0.06076388888888889
1 0.6159722222222223 0.5243055555555556 0.043055555555555555 0.05555555555555555
1 0.6743055555555556 0.6440972222222222 0.043055555555555555 0.052083333333333336
1 0.6534722222222222 0.7013888888888888 0.04583333333333333 0.059027777777777776
1 0.5277777777777778 0.6493055555555556 0.05 0.04861111111111111
1 0.7201388888888889 0.7517361111111112 0.04583333333333333 0.059027777777777776
1 0.7916666666666666 0.9027777777777778 0.05277777777777778 0.05555555555555555
1 0.8819444444444444 0.4088541666666667 0.044444444444444446 0.057291666666666664
1 0.7541666666666667 0.4982638888888889 0.03333333333333333 0.04513888888888889
1 0.825 0.4904513888888889 0.044444444444444446 0.050347222222222224
