0 0.7097222222222223 0.22135416666666666 0.06388888888888888 0.0920138888888889
0 0.8 0.23350694444444445 0.07777777777777778 0.0920138888888889
7 0.15902777777777777 0.11284722222222222 0.04583333333333333 0.059027777777777776
7 0.14375 0.030381944444444444 0.05694444444444444 0.057291666666666664
1 0.7020833333333333 0.4166666666666667 0.043055555555555555 0.06597222222222222
7 0.9020833333333333 0.3784722222222222 0.04583333333333333 0.06944444444444445
7 0.9076388888888889 0.4305555555555556 0.05138888888888889 0.08333333333333333
1 0.9895833333333334 0.4227430555555556 0.020833333333333332 0.05381944444444445
7 0.8645833333333334 0.6258680555555556 0.09583333333333334 0.0954861111111111
7 0.9736111111111111 0.12586805555555555 0.05277777777777778 0.09895833333333333
7 0.4847222222222222 0.734375 0.05 0.06597222222222222
1 0.6743055555555556 0.8333333333333334 0.043055555555555555 0.059027777777777776
