1 0.13680555555555557 0.1987847222222222 0.05694444444444444 0.0642361111111111
1 0.22777777777777777 0.15885416666666666 0.058333333333333334 0.07118055555555555
1 0.23958333333333334 0.22916666666666666 0.04861111111111111 0.059027777777777776
1 0.15833333333333333 0.2829861111111111 0.04722222222222222 0.059027777777777776
1 0.4354166666666667 0.14756944444444445 0.06527777777777778 0.07291666666666667
1 0.7444444444444445 0.027777777777777776 0.04722222222222222 0.052083333333333336
1 0.9597222222222223 0.07552083333333333 0.05 0.06770833333333333
1 0.8277777777777777 0.17447916666666666 0.05277777777777778 0.06076388888888889
1 0.8520833333333333 0.265625 0.04583333333333333 0.06597222222222222
1 0.5618055555555556 0.3446180555555556 0.059722222222222225 0.07465277777777778
1 0.6361111111111111 0.5034722222222222 0.05555555555555555 0.07291666666666667
1 0.7729166666666667 0.5729166666666666 0.04583333333333333 0.0625
1 0.7118055555555556 0.5807291666666666 0.05416666666666667 0.06770833333333333
1 0.5145833333333333 0.5546875 0.04861111111111111 0.057291666666666664
1 0.6520833333333333 0.6631944444444444 0.04861111111111111 0.05555555555555555
1 0.24166666666666667 0.5043402777777778 0.05 0.06076388888888889
1 0.28055555555555556 0.5798611111111112 0.05277777777777778 0.059027777777777776
1 0.1673611111111111 0.6458333333333334 0.05138888888888889 0.06597222222222222
1 0.05763888888888889 0.5920138888888888 0.034722222222222224 0.04861111111111111
1 0.04375 0.8550347222222222 0.043055555555555555 0.05381944444444445
1 0.05416666666666667 0.9184027777777778 0.04722222222222222 0.0625
1 0.2 0.7777777777777778 0.041666666666666664 0.059027777777777776
1 0.3923611111111111 0.7404513888888888 0.05138888888888889 0.06076388888888889
1 0.48333333333333334 0.6484375 0.044444444444444446 0.050347222222222224
1 0.15694444444444444 0.9027777777777778 0.04722222222222222 0.059027777777777776
1 0.5743055555555555 0.9288194444444444 0.04861111111111111 0.08333333333333333
1 0.7722222222222223 0.7361111111111112 0.044444444444444446 0.0625
1 0.8243055555555555 0.7560763888888888 0.04583333333333333 0.0642361111111111
1 0.7972222222222223 0.859375 0.04722222222222222 0.059027777777777776
1 0.8590277777777777 0.9314236111111112 0.04583333333333333 0.0642361111111111
1 0.925 0.3133680555555556 0.05277777777777778 0.057291666666666664
