1 0.18680555555555556 0.4713541666666667 0.059722222222222225 0.078125
1 0.23472222222222222 0.7977430555555556 0.06388888888888888 0.07465277777777778
1 0.3076388888888889 0.7743055555555556 0.0625 0.06597222222222222
1 0.46597222222222223 0.5182291666666666 0.0625 0.06770833333333333
1 0.5354166666666667 0.4574652777777778 0.0625 0.07118055555555555
1 0.49375 0.0685763888888889 0.07083333333333333 0.078125
1 0.44166666666666665 0.9027777777777778 0.06111111111111111 0.0625
1 0.9388888888888889 0.21788194444444445 0.06388888888888888 0.07465277777777778
1 0.9583333333333334 0.051215277777777776 0.06388888888888888 0.07118055555555555
1 0.5305555555555556 0.3211805555555556 0.06111111111111111 0.06944444444444445
1 0.6180555555555556 0.7569444444444444 0.06388888888888888 0.0763888888888889
1 0.7354166666666667 0.2048611111111111 0.059722222222222225 0.059027777777777776
