1 0.06805555555555555 0.15625 0.041666666666666664 0.05555555555555555
1 0.04513888888888889 0.2552083333333333 0.04027777777777778 0.052083333333333336
1 0.03680555555555556 0.3411458333333333 0.04583333333333333 0.0642361111111111
1 0.014583333333333334 0.3854166666666667 0.02638888888888889 0.05555555555555555
1 0.18541666666666667 0.09461805555555555 0.04861111111111111 0.06076388888888889
1 0.24861111111111112 0.029513888888888888 0.041666666666666664 0.05555555555555555
1 0.42291666666666666 0.12065972222222222 0.04027777777777778 0.05381944444444445
1 0.5409722222222222 0.03993055555555555 0.043055555555555555 0.052083333333333336
1 0.49375 0.1154513888888889 0.04027777777777778 0.06076388888888889
1 0.8381944444444445 0.0390625 0.04583333333333333 0.050347222222222224
1 0.8881944444444444 0.06163194444444445 0.05138888888888889 0.07118055555555555
1 0.25416666666666665 0.3333333333333333 0.041666666666666664 0.052083333333333336
1 0.3472222222222222 0.3402777777777778 0.03611111111111111 0.04861111111111111
1 0.3902777777777778 0.21354166666666666 0.05 0.059027777777777776
1 0.6513888888888889 0.2595486111111111 0.041666666666666664 0.05381944444444445
1 0.16041666666666668 0.5217013888888888 0.04027777777777778 0.057291666666666664
1 0.4722222222222222 0.3706597222222222 0.044444444444444446 0.057291666666666664
1 0.2875 0.4791666666666667 0.05 0.052083333333333336
1 0.575 0.5130208333333334 0.044444444444444446 0.050347222222222224
1 0.64375 0.5286458333333334 0.04027777777777778 0.05381944444444445
1 0.8555555555555555 0.2855902777777778 0.044444444444444446 0.057291666666666664
1 0.9395833333333333 0.2465277777777778 0.04583333333333333 0.05555555555555555
1 0.9826388888888888 0.23958333333333334 0.034722222222222224 0.06597222222222222
1 0.3284722222222222 0.6111111111111112 0.04583333333333333 0.0625
1 0.16875 0.7248263888888888 0.04583333333333333 0.057291666666666664
1 0.06111111111111111 0.7612847222222222 0.04722222222222222 0.0642361111111111
1 0.20416666666666666 0.9340277777777778 0.041666666666666664 0.052083333333333336
1 0.2951388888888889 0.9140625 0.04583333333333333 0.06076388888888889
1 0.575 0.8949652777777778 0.041666666666666664 0.07118055555555555
1 0.7569444444444444 0.8020833333333334 0.044444444444444446 0.059027777777777776
1 0.7152777777777778 0.9696180555555556 0.03888888888888889 0.050347222222222224
1 0.9208333333333333 0.8663194444444444 0.041666666666666664 0.052083333333333336
1 0.6958333333333333 0.6423611111111112 0.041666666666666664 0.05555555555555555
1 0.6298611111111111 0.6414930555555556 0.0375 0.05381944444444445
1 0.7854166666666667 0.6388888888888888 0.04583333333333333 0.059027777777777776
1 0.9916666666666667 0.5182291666666666 0.016666666666666666 0.050347222222222224
1 0.6138888888888889 0.012152777777777778 0.04722222222222222 0.020833333333333332
1 0.9902777777777778 0.4140625 0.019444444444444445 0.06770833333333333
1 0.8708333333333333 0.013020833333333334 0.044444444444444446 0.022569444444444444
1 0.6395833333333333 0.9826388888888888 0.04027777777777778 0.034722222222222224
