1 0.05347222222222222 0.2048611111111111 0.04583333333333333 0.05555555555555555
1 0.1451388888888889 0.21961805555555555 0.043055555555555555 0.05381944444444445
1 0.04236111111111111 0.4401041666666667 0.05138888888888889 0.06770833333333333
1 0.03888888888888889 0.5425347222222222 0.044444444444444446 0.057291666666666664
1 0.17222222222222222 0.4288194444444444 0.041666666666666664 0.052083333333333336
1 0.20069444444444445 0.5789930555555556 0.04861111111111111 0.05381944444444445
1 0.08541666666666667 0.7517361111111112 0.04583333333333333 0.05555555555555555
1 0.07569444444444444 0.8732638888888888 0.043055555555555555 0.05555555555555555
1 0.1451388888888889 0.9296875 0.043055555555555555 0.06076388888888889
1 0.23819444444444443 0.7196180555555556 0.043055555555555555 0.05381944444444445
1 0.2625 0.78125 0.041666666666666664 0.0625
1 0.29791666666666666 0.8506944444444444 0.04861111111111111 0.05555555555555555
1 0.2513888888888889 0.6510416666666666 0.05555555555555555 0.0625
1 0.27152777777777776 0.5164930555555556 0.04861111111111111 0.0642361111111111
1 0.24583333333333332 0.1762152777777778 0.05277777777777778 0.0642361111111111
1 0.21319444444444444 0.019097222222222224 0.04583333333333333 0.034722222222222224
1 0.3576388888888889 0.04774305555555555 0.04027777777777778 0.05381944444444445
1 0.31527777777777777 0.22395833333333334 0.04722222222222222 0.0625
1 0.42430555555555555 0.2309027777777778 0.043055555555555555 0.0625
1 0.3951388888888889 0.5347222222222222 0.043055555555555555 0.05555555555555555
1 0.4652777777777778 0.4748263888888889 0.041666666666666664 0.05381944444444445
1 0.5020833333333333 0.4565972222222222 0.04583333333333333 0.0625
1 0.5145833333333333 0.3637152777777778 0.043055555555555555 0.05381944444444445
1 0.4951388888888889 0.1449652777777778 0.04583333333333333 0.06076388888888889
1 0.4666666666666667 0.21614583333333334 0.041666666666666664 0.05381944444444445
1 0.5097222222222222 0.03298611111111111 0.044444444444444446 0.04861111111111111
1 0.6104166666666667 0.06336805555555555 0.043055555555555555 0.06076388888888889
1 0.6027777777777777 0.1579861111111111 0.041666666666666664 0.059027777777777776
1 0.6416666666666667 0.3949652777777778 0.041666666666666664 0.057291666666666664
1 0.6270833333333333 0.5390625 0.043055555555555555 0.05381944444444445
1 0.49930555555555556 0.8246527777777778 0.04583333333333333 0.059027777777777776
1 0.6534722222222222 0.8359375 0.043055555555555555 0.057291666666666664
1 0.7277777777777777 0.703125 0.04722222222222222 0.06944444444444445
1 0.7451388888888889 0.6440972222222222 0.04027777777777778 0.052083333333333336
1 0.6541666666666667 0.9739583333333334 0.041666666666666664 0.04861111111111111
1 0.8513888888888889 0.4192708333333333 0.044444444444444446 0.06076388888888889
1 0.8159722222222222 0.2387152777777778 0.05138888888888889 0.06076388888888889
1 0.8555555555555555 0.2265625 0.041666666666666664 0.06076388888888889
1 0.7854166666666667 0.1189236111111111 0.04583333333333333 0.057291666666666664
1 0.8458333333333333 0.018229166666666668 0.041666666666666664 0.03298611111111111
1 0.8770833333333333 0.10677083333333333 0.043055555555555555 0.057291666666666664
1 0.9145833333333333 0.09288194444444445 0.0375 0.057291666666666664
1 0.9430555555555555 0.1684027777777778 0.044444444444444446 0.059027777777777776
1 0.9465277777777777 0.671875 0.04861111111111111 0.07291666666666667
1 0.9826388888888888 0.6770833333333334 0.034722222222222224 0.04861111111111111
1 0.9208333333333333 0.8541666666666666 0.044444444444444446 0.059027777777777776
1 0.9805555555555555 0.828125 0.03888888888888889 0.06944444444444445
1 0.9090277777777778 0.9409722222222222 0.05416666666666667 0.059027777777777776
