1 0.05763888888888889 0.035590277777777776 0.05416666666666667 0.06770833333333333
1 0.05138888888888889 0.11284722222222222 0.041666666666666664 0.059027777777777776
1 0.10486111111111111 0.1857638888888889 0.05138888888888889 0.06944444444444445
1 0.25 0.06163194444444445 0.05 0.0642361111111111
1 0.38680555555555557 0.0859375 0.04861111111111111 0.0642361111111111
1 0.5826388888888889 0.109375 0.04861111111111111 0.0625
1 0.8152777777777778 0.078125 0.05 0.059027777777777776
1 0.8638888888888889 0.1154513888888889 0.04722222222222222 0.0642361111111111
1 0.5701388888888889 0.1762152777777778 0.04583333333333333 0.06770833333333333
1 0.2965277777777778 0.4010416666666667 0.05416666666666667 0.0625
1 0.02013888888888889 0.3229166666666667 0.0375 0.059027777777777776
1 0.08402777777777778 0.4105902777777778 0.05138888888888889 0.057291666666666664
1 0.07152777777777777 0.4973958333333333 0.04861111111111111 0.057291666666666664
1 0.11805555555555555 0.5138888888888888 0.044444444444444446 0.059027777777777776
1 0.08611111111111111 0.5737847222222222 0.05277777777777778 0.057291666666666664
1 0.08819444444444445 0.6623263888888888 0.04861111111111111 0.06076388888888889
1 0.034722222222222224 0.8342013888888888 0.041666666666666664 0.057291666666666664
1 0.08680555555555555 0.8402777777777778 0.05138888888888889 0.07291666666666667
1 0.25833333333333336 0.5052083333333334 0.06111111111111111 0.09722222222222222
1 0.28055555555555556 0.6805555555555556 0.06944444444444445 0.09375
1 0.2222222222222222 0.8975694444444444 0.05277777777777778 0.0625
1 0.35625 0.6137152777777778 0.05694444444444444 0.07465277777777778
1 0.3659722222222222 0.7309027777777778 0.05138888888888889 0.059027777777777776
1 0.3326388888888889 0.796875 0.04583333333333333 0.06944444444444445
1 0.4465277777777778 0.7890625 0.04861111111111111 0.06076388888888889
1 0.38333333333333336 0.9184027777777778 0.05277777777777778 0.059027777777777776
1 0.4305555555555556 0.9201388888888888 0.04722222222222222 0.05555555555555555
1 0.4479166666666667 0.8506944444444444 0.05138888888888889 0.05555555555555555
1 0.6131944444444445 0.7647569444444444 0.04583333333333333 0.050347222222222224
1 0.5763888888888888 0.6597222222222222 0.05277777777777778 0.05555555555555555
1 0.4875 0.5807291666666666 0.05555555555555555 0.06076388888888889
1 0.4423611111111111 0.4383680555555556 0.04583333333333333 0.0642361111111111
1 0.49722222222222223 0.3307291666666667 0.05 0.06076388888888889
1 0.5444444444444444 0.3567708333333333 0.05 0.03298611111111111
1 0.5 0.4982638888888889 0.05 0.06597222222222222
1 0.5354166666666667 0.4166666666666667 0.04583333333333333 0.059027777777777776
1 0.6215277777777778 0.4053819444444444 0.04583333333333333 0.06076388888888889
1 0.6097222222222223 0.6041666666666666 0.044444444444444446 0.05555555555555555
1 0.6416666666666667 0.2795138888888889 0.044444444444444446 0.06597222222222222
1 0.7645833333333333 0.2907986111111111 0.05138888888888889 0.06770833333333333
1 0.7416666666666667 0.5277777777777778 0.05555555555555555 0.06597222222222222
1 0.8083333333333333 0.1996527777777778 0.044444444444444446 0.059027777777777776
1 0.9159722222222222 0.2404513888888889 0.04861111111111111 0.06076388888888889
1 0.8923611111111112 0.4314236111111111 0.04583333333333333 0.07118055555555555
1 0.9118055555555555 0.4114583333333333 0.04861111111111111 0.06597222222222222
1 0.9798611111111111 0.3871527777777778 0.0375 0.059027777777777776
1 0.9652777777777778 0.6310763888888888 0.044444444444444446 0.06076388888888889
1 0.9847222222222223 0.5868055555555556 0.030555555555555555 0.0625
1 0.8909722222222223 0.8671875 0.04027777777777778 0.06076388888888889
1 0.9201388888888888 0.8810763888888888 0.043055555555555555 0.06076388888888889
1 0.8979166666666667 0.9366319444444444 0.04027777777777778 0.057291666666666664
1 0.9569444444444445 0.9140625 0.041666666666666664 0.05381944444444445
1 0.9861111111111112 0.8654513888888888 0.027777777777777776 0.06770833333333333
1 0.45 0.20572916666666666 0.06388888888888888 0.07118055555555555
1 0.015277777777777777 0.1953125 0.027777777777777776 0.050347222222222224
7 0.46805555555555556 0.9809027777777778 0.05277777777777778 0.03819444444444445
