1 0.04652777777777778 0.16666666666666666 0.04583333333333333 0.059027777777777776
1 0.1638888888888889 0.021701388888888888 0.05555555555555555 0.03993055555555555
1 0.13055555555555556 0.625 0.04722222222222222 0.05555555555555555
1 0.15347222222222223 0.6571180555555556 0.04027777777777778 0.050347222222222224
1 0.12361111111111112 0.8098958333333334 0.041666666666666664 0.05381944444444445
1 0.02638888888888889 0.8376736111111112 0.05 0.05381944444444445
1 0.022916666666666665 0.8828125 0.043055555555555555 0.043402777777777776
1 0.22847222222222222 0.7855902777777778 0.04861111111111111 0.06076388888888889
1 0.2548611111111111 0.6267361111111112 0.04583333333333333 0.0625
1 0.29097222222222224 0.4730902777777778 0.04583333333333333 0.057291666666666664
1 0.40069444444444446 0.2864583333333333 0.05138888888888889 0.059027777777777776
1 0.3451388888888889 0.15625 0.043055555555555555 0.059027777777777776
1 0.175 0.0798611111111111 0.044444444444444446 0.052083333333333336
1 0.20902777777777778 0.07725694444444445 0.04027777777777778 0.05381944444444445
1 0.5006944444444444 0.04774305555555555 0.04583333333333333 0.057291666666666664
1 0.43125 0.22569444444444445 0.04861111111111111 0.059027777777777776
1 0.44583333333333336 0.3819444444444444 0.05 0.06597222222222222
1 0.38055555555555554 0.8967013888888888 0.04722222222222222 0.0642361111111111
1 0.12916666666666668 0.9557291666666666 0.041666666666666664 0.05381944444444445
1 0.6333333333333333 0.04774305555555555 0.041666666666666664 0.06076388888888889
1 0.6819444444444445 0.09895833333333333 0.04722222222222222 0.0625
1 0.8597222222222223 0.06597222222222222 0.044444444444444446 0.0625
1 0.7097222222222223 0.3038194444444444 0.05277777777777778 0.06944444444444445
1 0.6027777777777777 0.453125 0.041666666666666664 0.052083333333333336
1 0.7 0.4140625 0.041666666666666664 0.057291666666666664
1 0.6895833333333333 0.4730902777777778 0.04861111111111111 0.06076388888888889
1 0.7416666666666667 0.5173611111111112 0.05 0.06597222222222222
1 0.7875 0.4661458333333333 0.044444444444444446 0.057291666666666664
1 0.9861111111111112 0.15711805555555555 0.027777777777777776 0.06076388888888889
1 0.9805555555555555 0.7309027777777778 0.03611111111111111 0.06597222222222222
1 0.6527777777777778 0.7621527777777778 0.041666666666666664 0.059027777777777776
1 0.6361111111111111 0.8628472222222222 0.044444444444444446 0.0625
1 0.6951388888888889 0.8585069444444444 0.04583333333333333 0.06076388888888889
1 0.6541666666666667 0.9453125 0.04722222222222222 0.06076388888888889
1 0.9743055555555555 0.9635416666666666 0.04583333333333333 0.0625
1 0.6256944444444444 0.5876736111111112 0.04583333333333333 0.07118055555555555
1 0.28958333333333336 0.6032986111111112 0.04027777777777778 0.057291666666666664
