1 0.019444444444444445 0.17274305555555555 0.03611111111111111 0.057291666666666664
1 0.1909722222222222 0.12760416666666666 0.04583333333333333 0.06076388888888889
1 0.22361111111111112 0.014756944444444444 0.044444444444444446 0.026041666666666668
1 0.35833333333333334 0.021701388888888888 0.044444444444444446 0.03993055555555555
1 0.3888888888888889 0.1154513888888889 0.04722222222222222 0.057291666666666664
1 0.2902777777777778 0.13802083333333334 0.041666666666666664 0.06076388888888889
1 0.33055555555555555 0.19791666666666666 0.041666666666666664 0.06597222222222222
1 0.2361111111111111 0.2725694444444444 0.04722222222222222 0.06597222222222222
1 0.28541666666666665 0.3151041666666667 0.05138888888888889 0.06770833333333333
1 0.4263888888888889 0.2743055555555556 0.04722222222222222 0.0625
1 0.3368055555555556 0.2595486111111111 0.043055555555555555 0.057291666666666664
1 0.5333333333333333 0.2326388888888889 0.04722222222222222 0.0625
1 0.6645833333333333 0.1267361111111111 0.043055555555555555 0.052083333333333336
1 0.6805555555555556 0.06076388888888889 0.04722222222222222 0.0625
1 0.7701388888888889 0.028645833333333332 0.04583333333333333 0.05381944444444445
1 0.8097222222222222 0.125 0.041666666666666664 0.059027777777777776
1 0.9604166666666667 0.051215277777777776 0.04861111111111111 0.06076388888888889
1 0.24097222222222223 0.4357638888888889 0.04583333333333333 0.059027777777777776
1 0.0625 0.3932291666666667 0.04722222222222222 0.05381944444444445
1 0.044444444444444446 0.4322916666666667 0.044444444444444446 0.059027777777777776
1 0.09791666666666667 0.5286458333333334 0.04583333333333333 0.0642361111111111
1 0.46319444444444446 0.5234375 0.04861111111111111 0.0642361111111111
1 0.51875 0.3967013888888889 0.043055555555555555 0.057291666666666664
1 0.5368055555555555 0.4939236111111111 0.04583333333333333 0.06770833333333333
1 0.5027777777777778 0.5190972222222222 0.044444444444444446 0.06597222222222222
1 0.4583333333333333 0.5963541666666666 0.044444444444444446 0.057291666666666664
1 0.63125 0.5789930555555556 0.04583333333333333 0.06770833333333333
1 0.8638888888888889 0.3940972222222222 0.041666666666666664 0.059027777777777776
1 0.9590277777777778 0.4131944444444444 0.04583333333333333 0.059027777777777776
1 0.8965277777777778 0.2630208333333333 0.04027777777777778 0.057291666666666664
1 0.30069444444444443 0.7534722222222222 0.043055555555555555 0.05555555555555555
1 0.22777777777777777 0.7717013888888888 0.044444444444444446 0.06076388888888889
1 0.5444444444444444 0.6597222222222222 0.04722222222222222 0.05555555555555555
1 0.36875 0.921875 0.04583333333333333 0.059027777777777776
1 0.42569444444444443 0.9010416666666666 0.04861111111111111 0.06597222222222222
1 0.04583333333333333 0.9453125 0.05 0.06076388888888889
1 0.24861111111111112 0.9704861111111112 0.044444444444444446 0.05555555555555555
1 0.5347222222222222 0.8064236111111112 0.05277777777777778 0.0642361111111111
1 0.6041666666666666 0.9696180555555556 0.04722222222222222 0.057291666666666664
1 0.6395833333333333 0.7916666666666666 0.04027777777777778 0.05555555555555555
1 0.7284722222222222 0.5876736111111112 0.043055555555555555 0.057291666666666664
1 0.7805555555555556 0.6310763888888888 0.044444444444444446 0.046875
1 0.81875 0.6310763888888888 0.04583333333333333 0.0642361111111111
1 0.9680555555555556 0.7309027777777778 0.044444444444444446 0.0625
1 0.8534722222222222 0.8315972222222222 0.04583333333333333 0.059027777777777776
1 0.025 0.013888888888888888 0.04722222222222222 0.024305555555555556
