1 0.050694444444444445 0.09895833333333333 0.04027777777777778 0.05555555555555555
1 0.20833333333333334 0.030381944444444444 0.05 0.057291666666666664
1 0.13819444444444445 0.23697916666666666 0.043055555555555555 0.05381944444444445
1 0.10694444444444444 0.3689236111111111 0.041666666666666664 0.06076388888888889
1 0.20069444444444445 0.3871527777777778 0.043055555555555555 0.059027777777777776
1 0.059722222222222225 0.6041666666666666 0.04722222222222222 0.06597222222222222
1 0.020833333333333332 0.6076388888888888 0.03888888888888889 0.04513888888888889
1 0.2076388888888889 0.7065972222222222 0.04583333333333333 0.059027777777777776
1 0.09444444444444444 0.8046875 0.044444444444444446 0.0642361111111111
1 0.04236111111111111 0.9756944444444444 0.04861111111111111 0.04513888888888889
1 0.4326388888888889 0.5390625 0.05138888888888889 0.057291666666666664
1 0.3506944444444444 0.14930555555555555 0.043055555555555555 0.059027777777777776
1 0.36319444444444443 0.0920138888888889 0.04027777777777778 0.052083333333333336
1 0.38680555555555557 0.051215277777777776 0.04583333333333333 0.057291666666666664
1 0.6548611111111111 0.0625 0.04861111111111111 0.0625
1 0.5923611111111111 0.17881944444444445 0.04583333333333333 0.059027777777777776
1 0.42430555555555555 0.6440972222222222 0.04583333333333333 0.059027777777777776
1 0.7916666666666666 0.18229166666666666 0.044444444444444446 0.05555555555555555
1 0.8333333333333334 0.3255208333333333 0.05 0.06770833333333333
1 0.8743055555555556 0.2387152777777778 0.04583333333333333 0.06076388888888889
1 0.8305555555555556 0.5546875 0.04722222222222222 0.05381944444444445
1 0.9277777777777778 0.3741319444444444 0.044444444444444446 0.06076388888888889
1 0.9555555555555556 0.5902777777777778 0.044444444444444446 0.059027777777777776
1 0.55625 0.7361111111111112 0.04583333333333333 0.059027777777777776
1 0.7048611111111112 0.8515625 0.043055555555555555 0.05381944444444445
1 0.5479166666666667 0.8411458333333334 0.05138888888888889 0.0642361111111111
1 0.47638888888888886 0.8559027777777778 0.041666666666666664 0.05555555555555555
1 0.40694444444444444 0.9262152777777778 0.041666666666666664 0.06770833333333333
1 0.37430555555555556 0.9548611111111112 0.04861111111111111 0.0625
1 0.45416666666666666 0.9600694444444444 0.04722222222222222 0.0625
1 0.7868055555555555 0.6701388888888888 0.04583333333333333 0.06597222222222222
1 0.8222222222222222 0.7092013888888888 0.04722222222222222 0.05381944444444445
1 0.8701388888888889 0.6354166666666666 0.043055555555555555 0.059027777777777776
1 0.9534722222222223 0.7100694444444444 0.04861111111111111 0.06597222222222222
1 0.8458333333333333 0.7751736111111112 0.044444444444444446 0.05381944444444445
1 0.9125 0.9340277777777778 0.04722222222222222 0.059027777777777776
1 0.5243055555555556 0.23524305555555555 0.04583333333333333 0.057291666666666664
1 0.49930555555555556 0.2760416666666667 0.04583333333333333 0.0625
1 0.5673611111111111 0.9817708333333334 0.04861111111111111 0.03298611111111111
1 0.9888888888888889 0.3793402777777778 0.022222222222222223 0.06076388888888889
1 0.015277777777777777 0.012152777777777778 0.027777777777777776 0.020833333333333332
1 0.9923611111111111 0.7829861111111112 0.015277777777777777 0.04861111111111111
