3 0.03958333333333333 0.328125 0.05138888888888889 0.059027777777777776
3 0.12152777777777778 0.12586805555555555 0.04027777777777778 0.05381944444444445
3 0.26805555555555555 0.026041666666666668 0.04722222222222222 0.04861111111111111
3 0.40625 0.07899305555555555 0.04861111111111111 0.050347222222222224
3 0.50625 0.043402777777777776 0.043055555555555555 0.07291666666666667
3 0.3541666666666667 0.1762152777777778 0.041666666666666664 0.046875
3 0.4423611111111111 0.17447916666666666 0.04583333333333333 0.057291666666666664
3 0.6604166666666667 0.11805555555555555 0.04583333333333333 0.059027777777777776
3 0.8041666666666667 0.035590277777777776 0.044444444444444446 0.050347222222222224
3 0.9631944444444445 0.06770833333333333 0.04583333333333333 0.0625
3 0.9645833333333333 0.12152777777777778 0.043055555555555555 0.05555555555555555
3 0.22708333333333333 0.3324652777777778 0.043055555555555555 0.05381944444444445
3 0.3402777777777778 0.3168402777777778 0.044444444444444446 0.05381944444444445
3 0.5604166666666667 0.2309027777777778 0.04583333333333333 0.05555555555555555
3 0.7729166666666667 0.2838541666666667 0.04583333333333333 0.06076388888888889
3 0.21180555555555555 0.4435763888888889 0.04583333333333333 0.057291666666666664
3 0.1361111111111111 0.5850694444444444 0.04722222222222222 0.05555555555555555
3 0.09583333333333334 0.6649305555555556 0.05555555555555555 0.06597222222222222
3 0.07222222222222222 0.7803819444444444 0.041666666666666664 0.06076388888888889
3 0.20069444444444445 0.6892361111111112 0.04861111111111111 0.06597222222222222
3 0.2520833333333333 0.5017361111111112 0.043055555555555555 0.05555555555555555
3 0.28888888888888886 0.5460069444444444 0.05 0.07118055555555555
3 0.425 0.6345486111111112 0.058333333333333334 0.07118055555555555
3 0.34791666666666665 0.78125 0.0375 0.06597222222222222
3 0.30833333333333335 0.8350694444444444 0.044444444444444446 0.059027777777777776
3 0.30416666666666664 0.9513888888888888 0.044444444444444446 0.05555555555555555
3 0.3715277777777778 0.9800347222222222 0.043055555555555555 0.036458333333333336
3 0.47152777777777777 0.8463541666666666 0.03194444444444444 0.057291666666666664
3 0.5722222222222222 0.765625 0.044444444444444446 0.059027777777777776
3 0.6125 0.7361111111111112 0.03888888888888889 0.04513888888888889
3 0.8243055555555555 0.5928819444444444 0.043055555555555555 0.057291666666666664
3 0.8951388888888889 0.7039930555555556 0.04861111111111111 0.050347222222222224
3 0.9305555555555556 0.9600694444444444 0.041666666666666664 0.052083333333333336
3 0.19166666666666668 0.5590277777777778 0.041666666666666664 0.0625
7 0.43472222222222223 0.5243055555555556 0.05277777777777778 0.08333333333333333
3 0.9881944444444445 0.8663194444444444 0.02361111111111111 0.059027777777777776
3 0.81875 0.9826388888888888 0.034722222222222224 0.034722222222222224
