1 0.04027777777777778 0.1232638888888889 0.044444444444444446 0.059027777777777776
1 0.18611111111111112 0.1284722222222222 0.05555555555555555 0.06944444444444445
1 0.32013888888888886 0.08940972222222222 0.04861111111111111 0.06076388888888889
1 0.6576388888888889 0.026041666666666668 0.04861111111111111 0.04861111111111111
1 0.6958333333333333 0.078125 0.05 0.0625
1 0.125 0.22395833333333334 0.04722222222222222 0.0625
1 0.28680555555555554 0.2699652777777778 0.04861111111111111 0.06770833333333333
1 0.3590277777777778 0.23350694444444445 0.05694444444444444 0.06076388888888889
1 0.4826388888888889 0.2230902777777778 0.04861111111111111 0.057291666666666664
1 0.5513888888888889 0.2065972222222222 0.044444444444444446 0.06597222222222222
1 0.6604166666666667 0.3046875 0.04583333333333333 0.06076388888888889
1 0.8673611111111111 0.3012152777777778 0.04861111111111111 0.0642361111111111
1 0.03958333333333333 0.4418402777777778 0.04583333333333333 0.06770833333333333
1 0.15 0.4288194444444444 0.05277777777777778 0.05555555555555555
1 0.5159722222222223 0.3611111111111111 0.05138888888888889 0.06597222222222222
1 0.5701388888888889 0.3420138888888889 0.04861111111111111 0.06944444444444445
1 0.7534722222222222 0.3880208333333333 0.043055555555555555 0.06076388888888889
1 0.10208333333333333 0.5017361111111112 0.04861111111111111 0.06597222222222222
1 0.08888888888888889 0.71875 0.05 0.06944444444444445
1 0.016666666666666666 0.8940972222222222 0.030555555555555555 0.06944444444444445
1 0.2263888888888889 0.8298611111111112 0.04722222222222222 0.059027777777777776
1 0.33194444444444443 0.5355902777777778 0.04722222222222222 0.0642361111111111
1 0.3076388888888889 0.5833333333333334 0.04583333333333333 0.0625
1 0.4618055555555556 0.6692708333333334 0.05138888888888889 0.06076388888888889
1 0.4 0.8368055555555556 0.044444444444444446 0.059027777777777776
1 0.4777777777777778 0.8151041666666666 0.04722222222222222 0.057291666666666664
1 0.625 0.7439236111111112 0.04722222222222222 0.0642361111111111
1 0.5645833333333333 0.8923611111111112 0.05416666666666667 0.06944444444444445
1 0.7284722222222222 0.4479166666666667 0.04861111111111111 0.06944444444444445
1 0.6805555555555556 0.7673611111111112 0.04722222222222222 0.06597222222222222
1 0.6111111111111112 0.9383680555555556 0.05 0.06076388888888889
1 0.8027777777777778 0.7309027777777778 0.04722222222222222 0.059027777777777776
1 0.74375 0.9383680555555556 0.05138888888888889 0.07465277777777778
1 0.8583333333333333 0.8836805555555556 0.04722222222222222 0.06944444444444445
1 0.86875 0.4331597222222222 0.05694444444444444 0.0642361111111111
1 0.8298611111111112 0.5355902777777778 0.0375 0.05381944444444445
1 0.8215277777777777 0.6041666666666666 0.04027777777777778 0.05555555555555555
1 0.94375 0.4522569444444444 0.04583333333333333 0.0642361111111111
1 0.8680555555555556 0.6241319444444444 0.04722222222222222 0.0642361111111111
1 0.76875 0.6397569444444444 0.05138888888888889 0.0642361111111111
1 0.9520833333333333 0.5434027777777778 0.05416666666666667 0.05555555555555555
7 0.05694444444444444 0.5625 0.07222222222222222 0.07291666666666667
