1 0.02638888888888889 0.3637152777777778 0.03888888888888889 0.05381944444444445
1 0.07569444444444444 0.09895833333333333 0.04027777777777778 0.05555555555555555
1 0.24375 0.042534722222222224 0.043055555555555555 0.05381944444444445
1 0.18958333333333333 0.2803819444444444 0.04027777777777778 0.050347222222222224
1 0.25277777777777777 0.1293402777777778 0.05 0.06076388888888889
1 0.31805555555555554 0.0703125 0.041666666666666664 0.057291666666666664
1 0.3861111111111111 0.2569444444444444 0.041666666666666664 0.05555555555555555
1 0.10625 0.4774305555555556 0.043055555555555555 0.05555555555555555
1 0.11875 0.6684027777777778 0.0375 0.052083333333333336
1 0.25416666666666665 0.5755208333333334 0.03888888888888889 0.057291666666666664
1 0.44722222222222224 0.3967013888888889 0.03888888888888889 0.05381944444444445
1 0.49722222222222223 0.3732638888888889 0.041666666666666664 0.052083333333333336
1 0.5458333333333333 0.5026041666666666 0.03888888888888889 0.06076388888888889
1 0.5381944444444444 0.5989583333333334 0.043055555555555555 0.05555555555555555
1 0.3763888888888889 0.7508680555555556 0.044444444444444446 0.05381944444444445
1 0.30069444444444443 0.7708333333333334 0.04027777777777778 0.052083333333333336
1 0.35694444444444445 0.9730902777777778 0.041666666666666664 0.046875
1 0.5458333333333333 0.8446180555555556 0.041666666666666664 0.050347222222222224
1 0.5729166666666666 0.8194444444444444 0.04027777777777778 0.05555555555555555
1 0.5638888888888889 0.6762152777777778 0.041666666666666664 0.057291666666666664
1 0.4965277777777778 0.6536458333333334 0.043055555555555555 0.05381944444444445
1 0.675 0.3263888888888889 0.041666666666666664 0.059027777777777776
1 0.5069444444444444 0.1657986111111111 0.044444444444444446 0.05381944444444445
1 0.6826388888888889 0.10677083333333333 0.043055555555555555 0.06770833333333333
1 0.6881944444444444 0.17881944444444445 0.04027777777777778 0.05555555555555555
1 0.7381944444444445 0.2569444444444444 0.04027777777777778 0.05555555555555555
1 0.8590277777777777 0.0625 0.04583333333333333 0.052083333333333336
1 0.8194444444444444 0.3532986111111111 0.044444444444444446 0.057291666666666664
1 0.7506944444444444 0.4166666666666667 0.043055555555555555 0.05555555555555555
1 0.8722222222222222 0.4921875 0.041666666666666664 0.05381944444444445
1 0.7673611111111112 0.6831597222222222 0.04583333333333333 0.06076388888888889
1 0.8319444444444445 0.6510416666666666 0.041666666666666664 0.05555555555555555
1 0.8173611111111111 0.7196180555555556 0.0375 0.05381944444444445
1 0.7423611111111111 0.7838541666666666 0.04861111111111111 0.050347222222222224
1 0.7729166666666667 0.8194444444444444 0.04027777777777778 0.05555555555555555
1 0.825 0.8767361111111112 0.041666666666666664 0.05555555555555555
1 0.8611111111111112 0.8741319444444444 0.03611111111111111 0.05381944444444445
1 0.7854166666666667 0.9592013888888888 0.043055555555555555 0.050347222222222224
1 0.7131944444444445 0.9756944444444444 0.043055555555555555 0.04513888888888889
1 0.9090277777777778 0.7682291666666666 0.043055555555555555 0.057291666666666664
1 0.9770833333333333 0.7986111111111112 0.04583333333333333 0.06944444444444445
7 0.9916666666666667 0.3645833333333333 0.016666666666666666 0.0625
