1 0.04513888888888889 0.3897569444444444 0.0375 0.05381944444444445
1 0.029861111111111113 0.5295138888888888 0.04583333333333333 0.059027777777777776
1 0.059722222222222225 0.5685763888888888 0.041666666666666664 0.050347222222222224
1 0.1 0.5052083333333334 0.041666666666666664 0.052083333333333336
1 0.14930555555555555 0.4930555555555556 0.043055555555555555 0.04861111111111111
1 0.20277777777777778 0.6006944444444444 0.041666666666666664 0.052083333333333336
1 0.0625 0.8055555555555556 0.041666666666666664 0.05555555555555555
1 0.10347222222222222 0.8498263888888888 0.04583333333333333 0.06076388888888889
1 0.05138888888888889 0.9088541666666666 0.05277777777777778 0.06076388888888889
1 0.1638888888888889 0.1501736111111111 0.041666666666666664 0.0642361111111111
1 0.2388888888888889 0.078125 0.05277777777777778 0.059027777777777776
1 0.2534722222222222 0.1345486111111111 0.04583333333333333 0.057291666666666664
1 0.2965277777777778 0.15104166666666666 0.043055555555555555 0.052083333333333336
1 0.3215277777777778 0.12413194444444445 0.043055555555555555 0.057291666666666664
1 0.32916666666666666 0.0703125 0.041666666666666664 0.057291666666666664
1 0.4548611111111111 0.017361111111111112 0.04027777777777778 0.03125
1 0.42916666666666664 0.2942708333333333 0.05 0.06076388888888889
1 0.46319444444444446 0.3897569444444444 0.043055555555555555 0.057291666666666664
1 0.5944444444444444 0.3454861111111111 0.041666666666666664 0.059027777777777776
1 0.6298611111111111 0.234375 0.043055555555555555 0.059027777777777776
1 0.5833333333333334 0.1736111111111111 0.05 0.052083333333333336
1 0.5798611111111112 0.08940972222222222 0.04583333333333333 0.057291666666666664
1 0.6513888888888889 0.06510416666666667 0.041666666666666664 0.057291666666666664
1 0.7423611111111111 0.09722222222222222 0.0375 0.05555555555555555
1 0.7847222222222222 0.06770833333333333 0.03888888888888889 0.052083333333333336
1 0.8152777777777778 0.09375 0.03888888888888889 0.059027777777777776
1 0.8555555555555555 0.11371527777777778 0.03888888888888889 0.057291666666666664
1 0.8986111111111111 0.046875 0.04722222222222222 0.0625
1 0.8284722222222223 0.2109375 0.04583333333333333 0.05381944444444445
1 0.45555555555555555 0.5859375 0.044444444444444446 0.06770833333333333
1 0.38333333333333336 0.7335069444444444 0.044444444444444446 0.05381944444444445
1 0.29097222222222224 0.859375 0.04861111111111111 0.0625
1 0.5118055555555555 0.7734375 0.043055555555555555 0.0642361111111111
1 0.6430555555555556 0.9166666666666666 0.03888888888888889 0.059027777777777776
1 0.4097222222222222 0.9739583333333334 0.05 0.041666666666666664
1 0.8229166666666666 0.9409722222222222 0.04027777777777778 0.0625
1 0.5861111111111111 0.5260416666666666 0.04722222222222222 0.05555555555555555
1 0.6041666666666666 0.5763888888888888 0.05277777777777778 0.06597222222222222
1 0.7048611111111112 0.5399305555555556 0.043055555555555555 0.059027777777777776
1 0.7145833333333333 0.6128472222222222 0.043055555555555555 0.05555555555555555
1 0.6548611111111111 0.4166666666666667 0.04027777777777778 0.059027777777777776
1 0.7395833333333334 0.3993055555555556 0.043055555555555555 0.059027777777777776
1 0.825 0.4019097222222222 0.04722222222222222 0.057291666666666664
1 0.8236111111111111 0.453125 0.04722222222222222 0.059027777777777776
1 0.8020833333333334 0.5008680555555556 0.043055555555555555 0.05381944444444445
1 0.029166666666666667 0.012152777777777778 0.041666666666666664 0.020833333333333332
