1 0.1125 0.3758680555555556 0.05 0.06076388888888889
1 0.19791666666666666 0.3715277777777778 0.043055555555555555 0.05555555555555555
1 0.19722222222222222 0.1736111111111111 0.044444444444444446 0.059027777777777776
1 0.31527777777777777 0.11805555555555555 0.04722222222222222 0.059027777777777776
1 0.3729166666666667 0.1284722222222222 0.04583333333333333 0.06597222222222222
1 0.5256944444444445 0.05295138888888889 0.043055555555555555 0.057291666666666664
1 0.7145833333333333 0.1467013888888889 0.04583333333333333 0.06076388888888889
1 0.7576388888888889 0.1467013888888889 0.04027777777777778 0.057291666666666664
1 0.9555555555555556 0.06684027777777778 0.044444444444444446 0.057291666666666664
1 0.4 0.3116319444444444 0.04722222222222222 0.057291666666666664
1 0.28194444444444444 0.4947916666666667 0.044444444444444446 0.05555555555555555
1 0.07152777777777777 0.6918402777777778 0.04861111111111111 0.0642361111111111
1 0.13125 0.6666666666666666 0.043055555555555555 0.05555555555555555
1 0.18819444444444444 0.7352430555555556 0.04583333333333333 0.06076388888888889
1 0.034722222222222224 0.9123263888888888 0.04722222222222222 0.05381944444444445
1 0.24375 0.7925347222222222 0.043055555555555555 0.057291666666666664
1 0.36319444444444443 0.6918402777777778 0.04027777777777778 0.05381944444444445
1 0.3013888888888889 0.9539930555555556 0.044444444444444446 0.06076388888888889
1 0.5076388888888889 0.7612847222222222 0.04861111111111111 0.07118055555555555
1 0.5076388888888889 0.5998263888888888 0.043055555555555555 0.057291666666666664
1 0.4840277777777778 0.4140625 0.043055555555555555 0.057291666666666664
1 0.6715277777777777 0.3454861111111111 0.043055555555555555 0.052083333333333336
1 0.7833333333333333 0.3697916666666667 0.04722222222222222 0.059027777777777776
1 0.8875 0.2873263888888889 0.041666666666666664 0.05381944444444445
1 0.925 0.2934027777777778 0.03888888888888889 0.04861111111111111
1 0.9784722222222222 0.2013888888888889 0.043055555555555555 0.06597222222222222
1 0.9791666666666666 0.2760416666666667 0.03611111111111111 0.0625
1 0.7229166666666667 0.4878472222222222 0.043055555555555555 0.06597222222222222
1 0.76875 0.6041666666666666 0.043055555555555555 0.059027777777777776
1 0.7916666666666666 0.6901041666666666 0.05277777777777778 0.057291666666666664
1 0.8958333333333334 0.6996527777777778 0.044444444444444446 0.0625
1 0.8472222222222222 0.7682291666666666 0.03888888888888889 0.057291666666666664
1 0.7006944444444444 0.8776041666666666 0.04861111111111111 0.06076388888888889
1 0.5326388888888889 0.9201388888888888 0.043055555555555555 0.052083333333333336
1 0.8125 0.8619791666666666 0.03888888888888889 0.05381944444444445
1 0.8701388888888889 0.8888888888888888 0.043055555555555555 0.059027777777777776
1 0.9868055555555556 0.9236111111111112 0.02638888888888889 0.06597222222222222
