1 0.029166666666666667 0.1189236111111111 0.04722222222222222 0.07465277777777778
1 0.01875 0.1684027777777778 0.034722222222222224 0.06597222222222222
1 0.24722222222222223 0.20572916666666666 0.03888888888888889 0.05381944444444445
1 0.029166666666666667 0.5590277777777778 0.04722222222222222 0.0625
1 0.07222222222222222 0.5833333333333334 0.041666666666666664 0.05555555555555555
1 0.07708333333333334 0.6814236111111112 0.05138888888888889 0.050347222222222224
1 0.04236111111111111 0.7751736111111112 0.034722222222222224 0.05381944444444445
1 0.08611111111111111 0.7604166666666666 0.05 0.06597222222222222
1 0.08680555555555555 0.8237847222222222 0.04583333333333333 0.05381944444444445
1 0.2 0.4869791666666667 0.03888888888888889 0.057291666666666664
1 0.20069444444444445 0.6519097222222222 0.043055555555555555 0.057291666666666664
1 0.23680555555555555 0.6440972222222222 0.043055555555555555 0.059027777777777776
1 0.2951388888888889 0.6085069444444444 0.04861111111111111 0.07118055555555555
1 0.28888888888888886 0.6909722222222222 0.044444444444444446 0.0625
1 0.23680555555555555 0.7786458333333334 0.04583333333333333 0.05381944444444445
1 0.42430555555555555 0.4782986111111111 0.04583333333333333 0.057291666666666664
1 0.3034722222222222 0.3133680555555556 0.043055555555555555 0.05381944444444445
1 0.3875 0.1293402777777778 0.03611111111111111 0.057291666666666664
1 0.4597222222222222 0.1657986111111111 0.05 0.0642361111111111
1 0.5493055555555556 0.0798611111111111 0.04583333333333333 0.0625
1 0.6125 0.1987847222222222 0.044444444444444446 0.05381944444444445
1 0.5597222222222222 0.3385416666666667 0.044444444444444446 0.05555555555555555
1 0.6583333333333333 0.4053819444444444 0.044444444444444446 0.057291666666666664
1 0.6138888888888889 0.4678819444444444 0.04722222222222222 0.057291666666666664
1 0.46875 0.5807291666666666 0.043055555555555555 0.05381944444444445
1 0.49930555555555556 0.6024305555555556 0.0375 0.059027777777777776
1 0.47708333333333336 0.7743055555555556 0.05416666666666667 0.06597222222222222
1 0.6284722222222222 0.7291666666666666 0.043055555555555555 0.05555555555555555
1 0.5423611111111111 0.9114583333333334 0.04583333333333333 0.059027777777777776
1 0.6423611111111112 0.8949652777777778 0.04861111111111111 0.0642361111111111
1 0.6888888888888889 0.7196180555555556 0.04722222222222222 0.06076388888888889
1 0.7215277777777778 0.6727430555555556 0.04583333333333333 0.06076388888888889
1 0.8069444444444445 0.4939236111111111 0.04722222222222222 0.0642361111111111
1 0.7708333333333334 0.3637152777777778 0.044444444444444446 0.057291666666666664
1 0.7041666666666667 0.171875 0.03888888888888889 0.05555555555555555
1 0.7881944444444444 0.1284722222222222 0.043055555555555555 0.06944444444444445
1 0.8486111111111111 0.2595486111111111 0.044444444444444446 0.06076388888888889
1 0.9701388888888889 0.4704861111111111 0.04583333333333333 0.059027777777777776
1 0.9736111111111111 0.6215277777777778 0.041666666666666664 0.05555555555555555
1 0.8763888888888889 0.9401041666666666 0.05 0.06770833333333333
1 0.9152777777777777 0.9791666666666666 0.03888888888888889 0.034722222222222224
1 0.83125 0.9826388888888888 0.043055555555555555 0.024305555555555556
