1 0.05347222222222222 0.028645833333333332 0.043055555555555555 0.05381944444444445
1 0.14027777777777778 0.026041666666666668 0.04722222222222222 0.04861111111111111
1 0.21388888888888888 0.1736111111111111 0.041666666666666664 0.052083333333333336
1 0.2569444444444444 0.1449652777777778 0.044444444444444446 0.05381944444444445
1 0.034027777777777775 0.3819444444444444 0.0375 0.041666666666666664
1 0.05694444444444444 0.4201388888888889 0.04722222222222222 0.05555555555555555
1 0.16666666666666666 0.4045138888888889 0.05277777777777778 0.05555555555555555
1 0.17430555555555555 0.4539930555555556 0.05694444444444444 0.06076388888888889
1 0.24305555555555555 0.4192708333333333 0.044444444444444446 0.050347222222222224
1 0.20208333333333334 0.6805555555555556 0.04861111111111111 0.059027777777777776
1 0.04097222222222222 0.8758680555555556 0.04583333333333333 0.057291666666666664
1 0.13333333333333333 0.8862847222222222 0.041666666666666664 0.05381944444444445
1 0.3326388888888889 0.5052083333333334 0.04861111111111111 0.052083333333333336
1 0.4152777777777778 0.17274305555555555 0.04722222222222222 0.06076388888888889
1 0.5118055555555555 0.2621527777777778 0.04861111111111111 0.06597222222222222
1 0.6625 0.2630208333333333 0.05 0.06076388888888889
1 0.7291666666666666 0.16493055555555555 0.044444444444444446 0.059027777777777776
1 0.7076388888888889 0.2092013888888889 0.043055555555555555 0.050347222222222224
1 0.7590277777777777 0.044270833333333336 0.04583333333333333 0.05381944444444445
1 0.7972222222222223 0.08333333333333333 0.041666666666666664 0.059027777777777776
1 0.8680555555555556 0.14930555555555555 0.041666666666666664 0.052083333333333336
1 0.9381944444444444 0.125 0.043055555555555555 0.059027777777777776
1 0.7166666666666667 0.3819444444444444 0.041666666666666664 0.04861111111111111
1 0.6513888888888889 0.4635416666666667 0.044444444444444446 0.052083333333333336
1 0.8569444444444444 0.4392361111111111 0.044444444444444446 0.05555555555555555
1 0.6236111111111111 0.5529513888888888 0.041666666666666664 0.046875
1 0.6729166666666667 0.6032986111111112 0.04583333333333333 0.0642361111111111
1 0.3590277777777778 0.6328125 0.04583333333333333 0.06076388888888889
1 0.34097222222222223 0.5581597222222222 0.04861111111111111 0.050347222222222224
1 0.4979166666666667 0.6979166666666666 0.04583333333333333 0.052083333333333336
1 0.34652777777777777 0.7144097222222222 0.043055555555555555 0.05381944444444445
1 0.4826388888888889 0.8098958333333334 0.04027777777777778 0.05381944444444445
1 0.5958333333333333 0.7300347222222222 0.044444444444444446 0.05381944444444445
1 0.22916666666666666 0.8489583333333334 0.05277777777777778 0.06597222222222222
1 0.3020833333333333 0.8854166666666666 0.043055555555555555 0.06597222222222222
1 0.4111111111111111 0.8984375 0.03888888888888889 0.05381944444444445
1 0.45694444444444443 0.8819444444444444 0.041666666666666664 0.05555555555555555
1 0.7708333333333334 0.7881944444444444 0.044444444444444446 0.059027777777777776
1 0.8423611111111111 0.5772569444444444 0.04583333333333333 0.050347222222222224
1 0.8368055555555556 0.6744791666666666 0.04583333333333333 0.050347222222222224
1 0.8645833333333334 0.7795138888888888 0.04027777777777778 0.05555555555555555
1 0.9020833333333333 0.7647569444444444 0.0375 0.050347222222222224
1 0.8034722222222223 0.90625 0.04583333333333333 0.059027777777777776
1 0.8423611111111111 0.8967013888888888 0.04027777777777778 0.06076388888888889
1 0.93125 0.8394097222222222 0.043055555555555555 0.05381944444444445
1 0.9881944444444445 0.8454861111111112 0.02361111111111111 0.06597222222222222
1 0.5895833333333333 0.8220486111111112 0.043055555555555555 0.05381944444444445
