3 0.12777777777777777 0.11805555555555555 0.05 0.041666666666666664
3 0.11041666666666666 0.3324652777777778 0.04583333333333333 0.05381944444444445
3 0.018055555555555554 0.3776041666666667 0.03333333333333333 0.057291666666666664
3 0.31666666666666665 0.4427083333333333 0.041666666666666664 0.06597222222222222
3 0.48055555555555557 0.2517361111111111 0.044444444444444446 0.03819444444444445
3 0.2965277777777778 0.0685763888888889 0.043055555555555555 0.050347222222222224
3 0.30833333333333335 0.10850694444444445 0.041666666666666664 0.057291666666666664
3 0.3597222222222222 0.03298611111111111 0.044444444444444446 0.052083333333333336
3 0.4798611111111111 0.019097222222222224 0.04861111111111111 0.034722222222222224
3 0.6465277777777778 0.07552083333333333 0.04027777777777778 0.05381944444444445
3 0.5958333333333333 0.13802083333333334 0.041666666666666664 0.06076388888888889
3 0.7631944444444444 0.06163194444444445 0.043055555555555555 0.057291666666666664
3 0.8701388888888889 0.019965277777777776 0.04027777777777778 0.036458333333333336
3 0.9361111111111111 0.028645833333333332 0.03888888888888889 0.050347222222222224
3 0.9597222222222223 0.08159722222222222 0.03888888888888889 0.052083333333333336
3 0.8569444444444444 0.15711805555555555 0.044444444444444446 0.0642361111111111
3 0.9048611111111111 0.12239583333333333 0.0375 0.05381944444444445
3 0.675 0.2647569444444444 0.041666666666666664 0.05381944444444445
3 0.7701388888888889 0.2421875 0.043055555555555555 0.05381944444444445
3 0.8229166666666666 0.2760416666666667 0.043055555555555555 0.059027777777777776
3 0.8861111111111111 0.2456597222222222 0.03888888888888889 0.078125
3 0.925 0.296875 0.03888888888888889 0.052083333333333336
3 0.9625 0.3559027777777778 0.041666666666666664 0.06597222222222222
3 0.27847222222222223 0.546875 0.0375 0.05555555555555555
3 0.49027777777777776 0.5390625 0.03888888888888889 0.046875
3 0.5881944444444445 0.609375 0.04861111111111111 0.06597222222222222
3 0.7743055555555556 0.5911458333333334 0.03194444444444444 0.050347222222222224
3 0.8020833333333334 0.5642361111111112 0.0375 0.05555555555555555
3 0.8597222222222223 0.5512152777777778 0.041666666666666664 0.05381944444444445
3 0.23055555555555557 0.65625 0.041666666666666664 0.052083333333333336
3 0.38055555555555554 0.7074652777777778 0.041666666666666664 0.06076388888888889
3 0.5743055555555555 0.7361111111111112 0.04861111111111111 0.059027777777777776
3 0.18680555555555556 0.8029513888888888 0.04027777777777778 0.0642361111111111
3 0.21805555555555556 0.9314236111111112 0.03333333333333333 0.05381944444444445
3 0.325 0.9366319444444444 0.03611111111111111 0.057291666666666664
3 0.37916666666666665 0.9210069444444444 0.044444444444444446 0.0642361111111111
3 0.42569444444444443 0.9166666666666666 0.0375 0.0625
3 0.6965277777777777 0.8723958333333334 0.0375 0.05381944444444445
3 0.9020833333333333 0.8263888888888888 0.03194444444444444 0.0625
3 0.7729166666666667 0.9505208333333334 0.04027777777777778 0.057291666666666664
3 0.9333333333333333 0.96875 0.04722222222222222 0.05555555555555555
3 0.9777777777777777 0.9496527777777778 0.044444444444444446 0.06944444444444445
3 0.9861111111111112 0.5373263888888888 0.027777777777777776 0.057291666666666664
3 0.5375 0.9817708333333334 0.03611111111111111 0.029513888888888888
3 0.8319444444444445 0.009548611111111112 0.03333333333333333 0.015625
