1 0.02847222222222222 0.051215277777777776 0.04027777777777778 0.046875
1 0.027777777777777776 0.15885416666666666 0.041666666666666664 0.05381944444444445
1 0.14652777777777778 0.2508680555555556 0.0375 0.050347222222222224
1 0.23333333333333334 0.2543402777777778 0.041666666666666664 0.05381944444444445
1 0.2916666666666667 0.2222222222222222 0.041666666666666664 0.059027777777777776
1 0.3368055555555556 0.019965277777777776 0.04027777777777778 0.036458333333333336
1 0.5486111111111112 0.059895833333333336 0.03611111111111111 0.050347222222222224
1 0.3472222222222222 0.2699652777777778 0.05 0.05381944444444445
1 0.32013888888888886 0.3897569444444444 0.043055555555555555 0.057291666666666664
1 0.32083333333333336 0.5607638888888888 0.041666666666666664 0.05555555555555555
1 0.1951388888888889 0.6684027777777778 0.04027777777777778 0.052083333333333336
1 0.12569444444444444 0.7916666666666666 0.04583333333333333 0.052083333333333336
1 0.027083333333333334 0.7925347222222222 0.043055555555555555 0.057291666666666664
1 0.10138888888888889 0.8828125 0.03611111111111111 0.050347222222222224
1 0.22777777777777777 0.8177083333333334 0.044444444444444446 0.06597222222222222
1 0.27361111111111114 0.7430555555555556 0.03888888888888889 0.052083333333333336
1 0.23194444444444445 0.7005208333333334 0.03611111111111111 0.057291666666666664
1 0.33055555555555555 0.6475694444444444 0.03611111111111111 0.04861111111111111
1 0.5256944444444445 0.5026041666666666 0.0375 0.050347222222222224
1 0.37222222222222223 0.7569444444444444 0.044444444444444446 0.05555555555555555
1 0.3055555555555556 0.7578125 0.03888888888888889 0.050347222222222224
1 0.33541666666666664 0.8845486111111112 0.04027777777777778 0.057291666666666664
1 0.6145833333333334 0.4427083333333333 0.04027777777777778 0.04861111111111111
1 0.6472222222222223 0.2065972222222222 0.041666666666666664 0.0625
1 0.6923611111111111 0.1909722222222222 0.043055555555555555 0.05555555555555555
1 0.6819444444444445 0.04600694444444445 0.03888888888888889 0.057291666666666664
1 0.7145833333333333 0.06597222222222222 0.034722222222222224 0.052083333333333336
1 0.9180555555555555 0.11458333333333333 0.041666666666666664 0.05555555555555555
1 0.8895833333333333 0.4166666666666667 0.0375 0.0625
1 0.6979166666666666 0.3541666666666667 0.04027777777777778 0.052083333333333336
1 0.7395833333333334 0.4001736111111111 0.043055555555555555 0.05381944444444445
1 0.6993055555555555 0.5138888888888888 0.043055555555555555 0.059027777777777776
1 0.7055555555555556 0.5746527777777778 0.041666666666666664 0.04861111111111111
1 0.5645833333333333 0.6241319444444444 0.0375 0.057291666666666664
1 0.6236111111111111 0.6067708333333334 0.041666666666666664 0.0642361111111111
1 0.9291666666666667 0.5633680555555556 0.03611111111111111 0.050347222222222224
1 0.5402777777777777 0.7725694444444444 0.04722222222222222 0.05555555555555555
1 0.5256944444444445 0.8211805555555556 0.0375 0.04861111111111111
1 0.6659722222222222 0.7925347222222222 0.043055555555555555 0.046875
1 0.66875 0.8368055555555556 0.04583333333333333 0.05555555555555555
1 0.6055555555555555 0.9409722222222222 0.04722222222222222 0.059027777777777776
1 0.7972222222222223 0.796875 0.041666666666666664 0.05555555555555555
1 0.8138888888888889 0.8498263888888888 0.05 0.0642361111111111
1 0.9291666666666667 0.8463541666666666 0.05 0.06076388888888889
1 0.9020833333333333 0.9088541666666666 0.04027777777777778 0.05381944444444445
1 0.9506944444444444 0.9748263888888888 0.043055555555555555 0.03993055555555555
1 0.6979166666666666 0.984375 0.04027777777777778 0.027777777777777776
