1 0.07430555555555556 0.18489583333333334 0.043055555555555555 0.050347222222222224
1 0.11805555555555555 0.2265625 0.03888888888888889 0.057291666666666664
1 0.06319444444444444 0.2847222222222222 0.04861111111111111 0.0625
1 0.30277777777777776 0.2404513888888889 0.05277777777777778 0.06076388888888889
1 0.39305555555555555 0.11458333333333333 0.044444444444444446 0.05555555555555555
1 0.5236111111111111 0.1545138888888889 0.04722222222222222 0.06597222222222222
1 0.41944444444444445 0.3628472222222222 0.05 0.0625
1 0.03819444444444445 0.4965277777777778 0.04027777777777778 0.05555555555555555
1 0.14375 0.5607638888888888 0.043055555555555555 0.052083333333333336
1 0.19652777777777777 0.5381944444444444 0.043055555555555555 0.0625
1 0.2722222222222222 0.5972222222222222 0.04722222222222222 0.06597222222222222
1 0.3909722222222222 0.5928819444444444 0.04027777777777778 0.057291666666666664
1 0.15486111111111112 0.8229166666666666 0.04583333333333333 0.059027777777777776
1 0.4222222222222222 0.4140625 0.04722222222222222 0.06076388888888889
1 0.6527777777777778 0.2960069444444444 0.03888888888888889 0.0642361111111111
1 0.8298611111111112 0.3194444444444444 0.0375 0.05555555555555555
1 0.7875 0.4852430555555556 0.04722222222222222 0.050347222222222224
1 0.7270833333333333 0.6006944444444444 0.043055555555555555 0.059027777777777776
1 0.9097222222222222 0.3828125 0.044444444444444446 0.06076388888888889
1 0.8895833333333333 0.4774305555555556 0.04583333333333333 0.059027777777777776
1 0.9618055555555556 0.4626736111111111 0.04027777777777778 0.050347222222222224
1 0.9840277777777777 0.5572916666666666 0.03194444444444444 0.05555555555555555
1 0.5090277777777777 0.7647569444444444 0.04583333333333333 0.06076388888888889
1 0.7076388888888889 0.7847222222222222 0.05694444444444444 0.06944444444444445
1 0.4423611111111111 0.9314236111111112 0.043055555555555555 0.057291666666666664
1 0.16319444444444445 0.9427083333333334 0.043055555555555555 0.059027777777777776
1 0.325 0.9800347222222222 0.05 0.036458333333333336
1 0.7680555555555556 0.9748263888888888 0.044444444444444446 0.050347222222222224
1 0.7506944444444444 0.8697916666666666 0.04027777777777778 0.059027777777777776
1 0.7833333333333333 0.8975694444444444 0.03888888888888889 0.059027777777777776
1 0.8277777777777777 0.8810763888888888 0.041666666666666664 0.050347222222222224
1 0.9777777777777777 0.8871527777777778 0.03611111111111111 0.052083333333333336
1 0.0125 0.7083333333333334 0.022222222222222223 0.05555555555555555
1 0.9868055555555556 0.796875 0.02638888888888889 0.059027777777777776
7 0.7270833333333333 0.009548611111111112 0.04583333333333333 0.015625
1 0.007638888888888889 0.12152777777777778 0.0125 0.04861111111111111
