1 0.11388888888888889 0.1440972222222222 0.044444444444444446 0.059027777777777776
1 0.09375 0.2300347222222222 0.05416666666666667 0.0642361111111111
1 0.11805555555555555 0.4609375 0.03888888888888889 0.05381944444444445
1 0.09236111111111112 0.5425347222222222 0.043055555555555555 0.0642361111111111
1 0.2513888888888889 0.5729166666666666 0.03888888888888889 0.052083333333333336
1 0.2326388888888889 0.6145833333333334 0.043055555555555555 0.052083333333333336
1 0.16180555555555556 0.8298611111111112 0.0375 0.052083333333333336
1 0.1527777777777778 0.9279513888888888 0.03888888888888889 0.05381944444444445
1 0.13055555555555556 0.9748263888888888 0.044444444444444446 0.03993055555555555
1 0.275 0.1675347222222222 0.04722222222222222 0.07118055555555555
1 0.3548611111111111 0.020833333333333332 0.04861111111111111 0.03819444444444445
1 0.45069444444444445 0.030381944444444444 0.04861111111111111 0.057291666666666664
1 0.36875 0.14322916666666666 0.04027777777777778 0.05381944444444445
1 0.30486111111111114 0.21180555555555555 0.043055555555555555 0.05555555555555555
1 0.3 0.3723958333333333 0.03888888888888889 0.05381944444444445
1 0.4236111111111111 0.3680555555555556 0.044444444444444446 0.05555555555555555
1 0.5083333333333333 0.2482638888888889 0.03888888888888889 0.05555555555555555
1 0.6520833333333333 0.1362847222222222 0.0375 0.05381944444444445
1 0.8319444444444445 0.1032986111111111 0.044444444444444446 0.057291666666666664
1 0.9090277777777778 0.1779513888888889 0.04583333333333333 0.050347222222222224
1 0.9770833333333333 0.1597222222222222 0.04027777777777778 0.059027777777777776
1 0.6590277777777778 0.4253472222222222 0.04583333333333333 0.06597222222222222
1 0.6930555555555555 0.4461805555555556 0.041666666666666664 0.059027777777777776
1 0.48680555555555555 0.5243055555555556 0.04861111111111111 0.052083333333333336
1 0.3173611111111111 0.4947916666666667 0.04583333333333333 0.0625
1 0.3548611111111111 0.6970486111111112 0.04027777777777778 0.057291666666666664
1 0.5013888888888889 0.8211805555555556 0.03888888888888889 0.04861111111111111
1 0.6625 0.9088541666666666 0.03888888888888889 0.05381944444444445
1 0.9451388888888889 0.7326388888888888 0.05694444444444444 0.06944444444444445
1 0.9458333333333333 0.8619791666666666 0.05277777777777778 0.06770833333333333
1 0.7520833333333333 0.9383680555555556 0.034722222222222224 0.05381944444444445
1 0.8034722222222223 0.9487847222222222 0.04027777777777778 0.05381944444444445
1 0.7194444444444444 0.96875 0.05 0.05555555555555555
1 0.7729166666666667 0.9756944444444444 0.04583333333333333 0.04513888888888889
1 0.29375 0.9782986111111112 0.04861111111111111 0.03298611111111111
1 0.2708333333333333 0.013020833333333334 0.05 0.022569444444444444
1 0.5180555555555556 0.9878472222222222 0.041666666666666664 0.024305555555555556
