1 0.13472222222222222 0.2222222222222222 0.03888888888888889 0.059027777777777776
1 0.19166666666666668 0.03732638888888889 0.03888888888888889 0.05381944444444445
1 0.21666666666666667 0.16666666666666666 0.044444444444444446 0.059027777777777776
1 0.19930555555555557 0.2152777777777778 0.04583333333333333 0.052083333333333336
1 0.19722222222222222 0.3177083333333333 0.03888888888888889 0.052083333333333336
1 0.14583333333333334 0.3871527777777778 0.041666666666666664 0.059027777777777776
1 0.29097222222222224 0.3203125 0.04583333333333333 0.05381944444444445
1 0.14652777777777778 0.5078125 0.04027777777777778 0.057291666666666664
1 0.26875 0.5190972222222222 0.04027777777777778 0.05555555555555555
1 0.10416666666666667 0.671875 0.03888888888888889 0.04513888888888889
1 0.03680555555555556 0.7517361111111112 0.043055555555555555 0.059027777777777776
1 0.11666666666666667 0.9036458333333334 0.044444444444444446 0.057291666666666664
1 0.059722222222222225 0.9713541666666666 0.041666666666666664 0.05381944444444445
1 0.22083333333333333 0.6684027777777778 0.044444444444444446 0.0625
1 0.25972222222222224 0.6814236111111112 0.044444444444444446 0.057291666666666664
1 0.3111111111111111 0.6623263888888888 0.04722222222222222 0.06076388888888889
1 0.3680555555555556 0.6657986111111112 0.044444444444444446 0.057291666666666664
1 0.4048611111111111 0.3845486111111111 0.04027777777777778 0.057291666666666664
1 0.35138888888888886 0.0685763888888889 0.04722222222222222 0.06076388888888889
1 0.40208333333333335 0.052083333333333336 0.043055555555555555 0.05555555555555555
1 0.5159722222222223 0.1909722222222222 0.04027777777777778 0.05555555555555555
1 0.5270833333333333 0.3489583333333333 0.043055555555555555 0.05555555555555555
1 0.4527777777777778 0.390625 0.044444444444444446 0.059027777777777776
1 0.525 0.4539930555555556 0.04722222222222222 0.05381944444444445
1 0.4722222222222222 0.6258680555555556 0.041666666666666664 0.05381944444444445
1 0.61875 0.7508680555555556 0.04027777777777778 0.057291666666666664
1 0.49930555555555556 0.9175347222222222 0.04027777777777778 0.057291666666666664
1 0.3625 0.9626736111111112 0.05277777777777778 0.0642361111111111
1 0.6597222222222222 0.9592013888888888 0.044444444444444446 0.06076388888888889
1 0.8569444444444444 0.7447916666666666 0.041666666666666664 0.05555555555555555
1 0.9590277777777778 0.7960069444444444 0.04861111111111111 0.06076388888888889
1 0.9381944444444444 0.5277777777777778 0.04027777777777778 0.052083333333333336
1 0.7013888888888888 0.5954861111111112 0.041666666666666664 0.05555555555555555
1 0.7673611111111112 0.6302083333333334 0.0375 0.059027777777777776
1 0.6902777777777778 0.4140625 0.05 0.0642361111111111
1 0.6715277777777777 0.4565972222222222 0.04027777777777778 0.052083333333333336
1 0.7944444444444444 0.3168402777777778 0.03888888888888889 0.043402777777777776
1 0.8840277777777777 0.2630208333333333 0.043055555555555555 0.06770833333333333
1 0.7326388888888888 0.16319444444444445 0.04027777777777778 0.059027777777777776
1 0.8111111111111111 0.14583333333333334 0.05 0.06597222222222222
1 0.8673611111111111 0.10850694444444445 0.04027777777777778 0.050347222222222224
1 0.6569444444444444 0.019965277777777776 0.044444444444444446 0.036458333333333336
1 0.010416666666666666 0.3333333333333333 0.018055555555555554 0.059027777777777776
