1 0.05486111111111111 0.5347222222222222 0.04027777777777778 0.05555555555555555
1 0.16041666666666668 0.6857638888888888 0.04583333333333333 0.059027777777777776
1 0.21458333333333332 0.6684027777777778 0.043055555555555555 0.05555555555555555
1 0.14027777777777778 0.7734375 0.03888888888888889 0.05381944444444445
1 0.3013888888888889 0.5868055555555556 0.044444444444444446 0.06597222222222222
1 0.2604166666666667 0.3715277777777778 0.043055555555555555 0.059027777777777776
1 0.30486111111111114 0.3654513888888889 0.04583333333333333 0.06076388888888889
1 0.38125 0.4375 0.04027777777777778 0.04513888888888889
1 0.33958333333333335 0.4939236111111111 0.0375 0.06770833333333333
1 0.4875 0.3116319444444444 0.05 0.050347222222222224
1 0.4486111111111111 0.20399305555555555 0.05 0.06076388888888889
1 0.4638888888888889 0.2595486111111111 0.04722222222222222 0.050347222222222224
1 0.6604166666666667 0.10243055555555555 0.04027777777777778 0.05555555555555555
1 0.6895833333333333 0.1545138888888889 0.043055555555555555 0.06597222222222222
1 0.7805555555555556 0.08680555555555555 0.044444444444444446 0.05555555555555555
1 0.8125 0.035590277777777776 0.05277777777777778 0.0642361111111111
1 0.6284722222222222 0.5407986111111112 0.043055555555555555 0.06076388888888889
1 0.8055555555555556 0.4522569444444444 0.04722222222222222 0.057291666666666664
1 0.45416666666666666 0.609375 0.04722222222222222 0.059027777777777776
1 0.9270833333333334 0.6302083333333334 0.043055555555555555 0.059027777777777776
1 0.5166666666666667 0.7092013888888888 0.04722222222222222 0.0642361111111111
1 0.30486111111111114 0.8350694444444444 0.05138888888888889 0.06597222222222222
1 0.44027777777777777 0.7916666666666666 0.041666666666666664 0.05555555555555555
1 0.5833333333333334 0.8229166666666666 0.044444444444444446 0.05555555555555555
1 0.3729166666666667 0.9175347222222222 0.04583333333333333 0.06076388888888889
1 0.68125 0.8498263888888888 0.04583333333333333 0.05381944444444445
1 0.6291666666666667 0.9722222222222222 0.05277777777777778 0.04861111111111111
1 0.7805555555555556 0.9340277777777778 0.03611111111111111 0.04513888888888889
1 0.8729166666666667 0.8506944444444444 0.04583333333333333 0.059027777777777776
1 0.9236111111111112 0.8532986111111112 0.044444444444444446 0.06076388888888889
1 0.9527777777777777 0.78125 0.04722222222222222 0.059027777777777776
1 0.9729166666666667 0.8237847222222222 0.043055555555555555 0.050347222222222224
1 0.9722222222222222 0.8828125 0.03611111111111111 0.05381944444444445
1 0.9840277777777777 0.9357638888888888 0.03194444444444444 0.0625
1 0.8 0.15885416666666666 0.03888888888888889 0.05381944444444445
1 0.010416666666666666 0.6519097222222222 0.018055555555555554 0.0642361111111111
1 0.009722222222222222 0.7777777777777778 0.016666666666666666 0.06944444444444445
1 0.9006944444444445 0.012152777777777778 0.043055555555555555 0.020833333333333332
