1 0.13055555555555556 0.3177083333333333 0.05555555555555555 0.0625
1 0.14652777777777778 0.1371527777777778 0.043055555555555555 0.059027777777777776
1 0.42291666666666666 0.1779513888888889 0.04583333333333333 0.06076388888888889
1 0.07708333333333334 0.4210069444444444 0.04027777777777778 0.0642361111111111
1 0.034027777777777775 0.7465277777777778 0.04583333333333333 0.07291666666666667
1 0.15902777777777777 0.8029513888888888 0.05138888888888889 0.057291666666666664
1 0.07569444444444444 0.8923611111111112 0.043055555555555555 0.059027777777777776
1 0.26666666666666666 0.8229166666666666 0.05277777777777778 0.06597222222222222
1 0.2986111111111111 0.4401041666666667 0.05 0.06770833333333333
1 0.28958333333333336 0.5043402777777778 0.04861111111111111 0.057291666666666664
1 0.48541666666666666 0.4939236111111111 0.0375 0.046875
1 0.5354166666666667 0.21354166666666666 0.05416666666666667 0.059027777777777776
1 0.6097222222222223 0.06944444444444445 0.04722222222222222 0.0625
1 0.6465277777777778 0.049479166666666664 0.04583333333333333 0.0642361111111111
1 0.8159722222222222 0.07465277777777778 0.05416666666666667 0.06944444444444445
1 0.7152777777777778 0.2282986111111111 0.04722222222222222 0.06076388888888889
1 0.6583333333333333 0.2977430555555556 0.044444444444444446 0.05381944444444445
1 0.6583333333333333 0.3498263888888889 0.05 0.046875
1 0.6208333333333333 0.4019097222222222 0.04722222222222222 0.057291666666666664
1 0.9604166666666667 0.4765625 0.04583333333333333 0.0642361111111111
1 0.8986111111111111 0.6128472222222222 0.044444444444444446 0.06597222222222222
1 0.5118055555555555 0.7569444444444444 0.043055555555555555 0.06597222222222222
1 0.37430555555555556 0.8506944444444444 0.04583333333333333 0.0625
1 0.25416666666666665 0.9019097222222222 0.05277777777777778 0.05381944444444445
1 0.2638888888888889 0.9505208333333334 0.05277777777777778 0.05381944444444445
1 0.6409722222222223 0.7795138888888888 0.043055555555555555 0.05555555555555555
1 0.8583333333333333 0.8732638888888888 0.04722222222222222 0.0625
1 0.7680555555555556 0.9722222222222222 0.04722222222222222 0.04861111111111111
1 0.9381944444444444 0.8420138888888888 0.04583333333333333 0.06597222222222222
1 0.9069444444444444 0.8923611111111112 0.03888888888888889 0.06944444444444445
1 0.7951388888888888 0.7057291666666666 0.043055555555555555 0.057291666666666664
1 0.8395833333333333 0.6901041666666666 0.05138888888888889 0.057291666666666664
7 0.08680555555555555 0.5277777777777778 0.05694444444444444 0.0798611111111111
7 0.5145833333333333 0.5911458333333334 0.05138888888888889 0.0642361111111111
7 0.7159722222222222 0.5182291666666666 0.05416666666666667 0.08159722222222222
1 0.7659722222222223 0.5729166666666666 0.05416666666666667 0.0625
1 0.16180555555555556 0.015625 0.05138888888888889 0.027777777777777776
