1 0.04236111111111111 0.2682291666666667 0.04027777777777778 0.050347222222222224
1 0.14305555555555555 0.18229166666666666 0.044444444444444446 0.059027777777777776
1 0.1875 0.18489583333333334 0.044444444444444446 0.050347222222222224
1 0.21805555555555556 0.1154513888888889 0.044444444444444446 0.046875
1 0.23819444444444443 0.15885416666666666 0.04027777777777778 0.050347222222222224
1 0.2 0.4592013888888889 0.044444444444444446 0.057291666666666664
1 0.07430555555555556 0.546875 0.05138888888888889 0.06597222222222222
1 0.025694444444444443 0.8125 0.04583333333333333 0.06597222222222222
1 0.08958333333333333 0.9453125 0.05138888888888889 0.06076388888888889
1 0.32569444444444445 0.6319444444444444 0.04583333333333333 0.06597222222222222
1 0.3590277777777778 0.6848958333333334 0.0375 0.050347222222222224
1 0.3458333333333333 0.7421875 0.044444444444444446 0.06076388888888889
1 0.3423611111111111 0.8255208333333334 0.04027777777777778 0.057291666666666664
1 0.33541666666666664 0.9739583333333334 0.04583333333333333 0.04513888888888889
1 0.43819444444444444 0.5190972222222222 0.04583333333333333 0.059027777777777776
1 0.5125 0.3142361111111111 0.03888888888888889 0.05555555555555555
1 0.39375 0.12413194444444445 0.04861111111111111 0.07118055555555555
1 0.2590277777777778 0.2690972222222222 0.05138888888888889 0.059027777777777776
1 0.2375 0.21788194444444445 0.044444444444444446 0.05381944444444445
1 0.46041666666666664 0.1423611111111111 0.04027777777777778 0.052083333333333336
1 0.5194444444444445 0.05642361111111111 0.04722222222222222 0.057291666666666664
1 0.5118055555555555 0.1362847222222222 0.043055555555555555 0.05381944444444445
1 0.8131944444444444 0.11197916666666667 0.05694444444444444 0.06076388888888889
1 0.89375 0.021701388888888888 0.05138888888888889 0.03993055555555555
1 0.8083333333333333 0.1918402777777778 0.04722222222222222 0.05381944444444445
1 0.8673611111111111 0.3151041666666667 0.04583333333333333 0.057291666666666664
1 0.9534722222222223 0.2986111111111111 0.04583333333333333 0.05555555555555555
1 0.5451388888888888 0.4939236111111111 0.04027777777777778 0.057291666666666664
1 0.6395833333333333 0.5364583333333334 0.043055555555555555 0.05555555555555555
1 0.55 0.6119791666666666 0.03611111111111111 0.05381944444444445
1 0.7305555555555555 0.6024305555555556 0.041666666666666664 0.05555555555555555
1 0.86875 0.4678819444444444 0.05416666666666667 0.07118055555555555
1 0.9729166666666667 0.4470486111111111 0.04027777777777778 0.050347222222222224
1 0.9583333333333334 0.5138888888888888 0.03888888888888889 0.0625
1 0.74375 0.8628472222222222 0.04583333333333333 0.059027777777777776
1 0.8951388888888889 0.7682291666666666 0.04583333333333333 0.06076388888888889
1 0.5381944444444444 0.8420138888888888 0.04027777777777778 0.05555555555555555
1 0.49930555555555556 0.8810763888888888 0.043055555555555555 0.06076388888888889
1 0.7895833333333333 0.9696180555555556 0.05138888888888889 0.050347222222222224
1 0.46875 0.9592013888888888 0.04583333333333333 0.06076388888888889
