1 0.0798611111111111 0.051215277777777776 0.043055555555555555 0.05381944444444445
1 0.26666666666666666 0.11631944444444445 0.041666666666666664 0.052083333333333336
1 0.22291666666666668 0.4861111111111111 0.04861111111111111 0.059027777777777776
1 0.17916666666666667 0.5199652777777778 0.044444444444444446 0.0642361111111111
1 0.21805555555555556 0.6310763888888888 0.041666666666666664 0.057291666666666664
1 0.015277777777777777 0.7743055555555556 0.027777777777777776 0.059027777777777776
1 0.3527777777777778 0.7682291666666666 0.05 0.0642361111111111
1 0.31666666666666665 0.8680555555555556 0.044444444444444446 0.059027777777777776
1 0.4638888888888889 0.7204861111111112 0.044444444444444446 0.06597222222222222
1 0.525 0.4565972222222222 0.041666666666666664 0.052083333333333336
1 0.30694444444444446 0.3532986111111111 0.03888888888888889 0.050347222222222224
1 0.36666666666666664 0.24913194444444445 0.05277777777777778 0.0642361111111111
1 0.38333333333333336 0.2899305555555556 0.04722222222222222 0.059027777777777776
1 0.3486111111111111 0.0998263888888889 0.044444444444444446 0.05381944444444445
1 0.3888888888888889 0.109375 0.03888888888888889 0.059027777777777776
1 0.5756944444444444 0.028645833333333332 0.05138888888888889 0.05381944444444445
1 0.6166666666666667 0.13194444444444445 0.04722222222222222 0.0625
1 0.7430555555555556 0.1519097222222222 0.044444444444444446 0.05381944444444445
1 0.9173611111111111 0.03732638888888889 0.05138888888888889 0.057291666666666664
1 0.7763888888888889 0.3003472222222222 0.041666666666666664 0.06597222222222222
1 0.5722222222222222 0.4322916666666667 0.04722222222222222 0.06944444444444445
1 0.6263888888888889 0.4487847222222222 0.041666666666666664 0.057291666666666664
1 0.7333333333333333 0.3871527777777778 0.041666666666666664 0.059027777777777776
1 0.7472222222222222 0.4296875 0.041666666666666664 0.06076388888888889
1 0.6680555555555555 0.5859375 0.04722222222222222 0.057291666666666664
1 0.7125 0.5512152777777778 0.04722222222222222 0.057291666666666664
1 0.7847222222222222 0.5954861111111112 0.041666666666666664 0.05555555555555555
1 0.9006944444444445 0.3914930555555556 0.043055555555555555 0.06770833333333333
1 0.8076388888888889 0.3324652777777778 0.043055555555555555 0.05381944444444445
1 0.9 0.1909722222222222 0.041666666666666664 0.06944444444444445
1 0.8402777777777778 0.2803819444444444 0.044444444444444446 0.06770833333333333
1 0.9590277777777778 0.2569444444444444 0.05138888888888889 0.06597222222222222
1 0.9729166666666667 0.3385416666666667 0.04027777777777778 0.059027777777777776
1 0.9826388888888888 0.4869791666666667 0.03194444444444444 0.06770833333333333
1 0.6923611111111111 0.7881944444444444 0.04583333333333333 0.0625
1 0.6576388888888889 0.8420138888888888 0.043055555555555555 0.0625
1 0.7604166666666666 0.8810763888888888 0.04583333333333333 0.057291666666666664
1 0.8659722222222223 0.8654513888888888 0.043055555555555555 0.0642361111111111
1 0.9791666666666666 0.7369791666666666 0.041666666666666664 0.057291666666666664
1 0.6541666666666667 0.9375 0.044444444444444446 0.05555555555555555
1 0.6923611111111111 0.9661458333333334 0.043055555555555555 0.06076388888888889
1 0.6430555555555556 0.9800347222222222 0.05 0.029513888888888888
1 0.4708333333333333 0.2821180555555556 0.041666666666666664 0.06076388888888889
