1 0.07569444444444444 0.4201388888888889 0.043055555555555555 0.05555555555555555
1 0.03125 0.6362847222222222 0.04861111111111111 0.06076388888888889
1 0.027777777777777776 0.7005208333333334 0.044444444444444446 0.0642361111111111
1 0.01597222222222222 0.7456597222222222 0.029166666666666667 0.06076388888888889
1 0.27569444444444446 0.5260416666666666 0.04027777777777778 0.052083333333333336
1 0.052083333333333336 0.9496527777777778 0.04027777777777778 0.0625
1 0.3590277777777778 0.17274305555555555 0.04583333333333333 0.06076388888888889
1 0.28958333333333336 0.3654513888888889 0.043055555555555555 0.05381944444444445
1 0.2923611111111111 0.4175347222222222 0.043055555555555555 0.050347222222222224
1 0.3993055555555556 0.3767361111111111 0.04583333333333333 0.059027777777777776
1 0.5340277777777778 0.2786458333333333 0.04583333333333333 0.06076388888888889
1 0.6486111111111111 0.10677083333333333 0.05 0.0642361111111111
1 0.7152777777777778 0.03125 0.044444444444444446 0.052083333333333336
1 0.7138888888888889 0.11458333333333333 0.041666666666666664 0.06597222222222222
1 0.8125 0.1545138888888889 0.05277777777777778 0.06944444444444445
1 0.9173611111111111 0.11458333333333333 0.04583333333333333 0.06597222222222222
1 0.9520833333333333 0.328125 0.0375 0.0625
1 0.6763888888888889 0.3680555555555556 0.04722222222222222 0.06597222222222222
1 0.41388888888888886 0.4505208333333333 0.041666666666666664 0.06076388888888889
1 0.45 0.546875 0.041666666666666664 0.05555555555555555
1 0.5916666666666667 0.5217013888888888 0.044444444444444446 0.057291666666666664
1 0.4013888888888889 0.6710069444444444 0.044444444444444446 0.05381944444444445
1 0.53125 0.6944444444444444 0.04583333333333333 0.0625
1 0.7833333333333333 0.6163194444444444 0.041666666666666664 0.059027777777777776
1 0.9166666666666666 0.4904513888888889 0.04722222222222222 0.0642361111111111
1 0.9756944444444444 0.4730902777777778 0.043055555555555555 0.06770833333333333
1 0.7444444444444445 0.7569444444444444 0.05 0.0625
1 0.40625 0.8741319444444444 0.05138888888888889 0.07118055555555555
1 0.6111111111111112 0.8888888888888888 0.05277777777777778 0.06944444444444445
1 0.6055555555555555 0.7543402777777778 0.044444444444444446 0.06076388888888889
1 0.6166666666666667 0.8203125 0.044444444444444446 0.06770833333333333
1 0.6909722222222222 0.8098958333333334 0.04583333333333333 0.0642361111111111
1 0.5118055555555555 0.9644097222222222 0.043055555555555555 0.05381944444444445
1 0.4215277777777778 0.9722222222222222 0.05416666666666667 0.04513888888888889
1 0.6909722222222222 0.9479166666666666 0.04583333333333333 0.05555555555555555
1 0.7604166666666666 0.9270833333333334 0.04583333333333333 0.059027777777777776
1 0.7965277777777777 0.8940972222222222 0.043055555555555555 0.0625
1 0.7868055555555555 0.9800347222222222 0.04583333333333333 0.03993055555555555
1 0.9770833333333333 0.9791666666666666 0.043055555555555555 0.03819444444444445
1 0.6902777777777778 0.8836805555555556 0.044444444444444446 0.05555555555555555
