1 0.13402777777777777 0.4019097222222222 0.0375 0.057291666666666664
1 0.15625 0.1032986111111111 0.04027777777777778 0.05381944444444445
1 0.27847222222222223 0.03732638888888889 0.04583333333333333 0.0642361111111111
1 0.33402777777777776 0.4192708333333333 0.0375 0.057291666666666664
1 0.17152777777777778 0.5477430555555556 0.0375 0.05381944444444445
1 0.2861111111111111 0.5208333333333334 0.044444444444444446 0.052083333333333336
1 0.3784722222222222 0.5277777777777778 0.04583333333333333 0.05555555555555555
1 0.5208333333333334 0.4774305555555556 0.04722222222222222 0.05555555555555555
1 0.5798611111111112 0.4835069444444444 0.043055555555555555 0.046875
1 0.6152777777777778 0.3949652777777778 0.041666666666666664 0.0642361111111111
1 0.5229166666666667 0.125 0.034722222222222224 0.04861111111111111
1 0.5972222222222222 0.08072916666666667 0.03888888888888889 0.05381944444444445
1 0.6673611111111111 0.027777777777777776 0.043055555555555555 0.052083333333333336
1 0.91875 0.0546875 0.04027777777777778 0.05381944444444445
1 0.8958333333333334 0.09461805555555555 0.041666666666666664 0.050347222222222224
1 0.9486111111111111 0.09461805555555555 0.05 0.06770833333333333
1 0.7173611111111111 0.3315972222222222 0.0375 0.04861111111111111
1 0.7736111111111111 0.3619791666666667 0.03888888888888889 0.05381944444444445
1 0.9041666666666667 0.2803819444444444 0.04722222222222222 0.050347222222222224
1 0.9277777777777778 0.2048611111111111 0.041666666666666664 0.0625
1 0.044444444444444446 0.7838541666666666 0.044444444444444446 0.050347222222222224
1 0.17430555555555555 0.8333333333333334 0.04861111111111111 0.059027777777777776
1 0.05694444444444444 0.8411458333333334 0.04722222222222222 0.0642361111111111
1 0.14097222222222222 0.8932291666666666 0.043055555555555555 0.057291666666666664
1 0.36666666666666664 0.7170138888888888 0.041666666666666664 0.05555555555555555
1 0.3784722222222222 0.7664930555555556 0.04861111111111111 0.0642361111111111
1 0.3576388888888889 0.8585069444444444 0.043055555555555555 0.05381944444444445
1 0.6138888888888889 0.7482638888888888 0.044444444444444446 0.05555555555555555
1 0.7784722222222222 0.7109375 0.043055555555555555 0.057291666666666664
1 0.7111111111111111 0.5581597222222222 0.041666666666666664 0.05381944444444445
1 0.7069444444444445 0.4635416666666667 0.03888888888888889 0.052083333333333336
1 0.58125 0.890625 0.04027777777777778 0.05555555555555555
1 0.42430555555555555 0.9409722222222222 0.043055555555555555 0.059027777777777776
1 0.19236111111111112 0.9609375 0.0375 0.057291666666666664
1 0.48333333333333334 0.953125 0.05 0.07291666666666667
1 0.5236111111111111 0.9548611111111112 0.03888888888888889 0.04861111111111111
1 0.9034722222222222 0.8723958333333334 0.043055555555555555 0.05381944444444445
1 0.6347222222222222 0.013888888888888888 0.044444444444444446 0.024305555555555556
