1 0.06736111111111111 0.2109375 0.04583333333333333 0.06076388888888889
1 0.12916666666666668 0.2664930555555556 0.041666666666666664 0.050347222222222224
1 0.18333333333333332 0.3272569444444444 0.05 0.06770833333333333
1 0.3145833333333333 0.2326388888888889 0.04027777777777778 0.05555555555555555
1 0.2833333333333333 0.06076388888888889 0.05 0.0625
1 0.25416666666666665 0.022569444444444444 0.044444444444444446 0.041666666666666664
1 0.28958333333333336 0.018229166666666668 0.04861111111111111 0.03298611111111111
1 0.4722222222222222 0.017361111111111112 0.05555555555555555 0.03125
1 0.5326388888888889 0.08854166666666667 0.04583333333333333 0.06597222222222222
1 0.6055555555555555 0.06076388888888889 0.041666666666666664 0.052083333333333336
1 0.6125 0.125 0.05 0.059027777777777776
1 0.7486111111111111 0.12586805555555555 0.03611111111111111 0.050347222222222224
1 0.9298611111111111 0.13802083333333334 0.043055555555555555 0.05381944444444445
1 0.6583333333333333 0.20572916666666666 0.05 0.06770833333333333
1 0.7208333333333333 0.19010416666666666 0.05 0.06770833333333333
1 0.5611111111111111 0.4192708333333333 0.04722222222222222 0.07118055555555555
1 0.7347222222222223 0.3897569444444444 0.041666666666666664 0.0642361111111111
1 0.8 0.3333333333333333 0.03611111111111111 0.052083333333333336
1 0.9645833333333333 0.2934027777777778 0.05138888888888889 0.0625
1 0.8576388888888888 0.3958333333333333 0.04861111111111111 0.06597222222222222
1 0.3548611111111111 0.3914930555555556 0.04027777777777778 0.057291666666666664
1 0.31527777777777777 0.4288194444444444 0.04722222222222222 0.059027777777777776
1 0.25972222222222224 0.4279513888888889 0.03888888888888889 0.050347222222222224
1 0.23541666666666666 0.4618055555555556 0.05138888888888889 0.0625
1 0.1125 0.625 0.04722222222222222 0.05555555555555555
1 0.1597222222222222 0.6805555555555556 0.05277777777777778 0.07291666666666667
1 0.4215277777777778 0.6215277777777778 0.0375 0.04861111111111111
1 0.36041666666666666 0.5138888888888888 0.043055555555555555 0.052083333333333336
1 0.7847222222222222 0.5303819444444444 0.044444444444444446 0.05381944444444445
1 0.9402777777777778 0.4730902777777778 0.05 0.078125
1 0.9715277777777778 0.5043402777777778 0.034722222222222224 0.05381944444444445
1 0.21458333333333332 0.7274305555555556 0.043055555555555555 0.05555555555555555
1 0.025694444444444443 0.8116319444444444 0.0375 0.050347222222222224
1 0.06388888888888888 0.9253472222222222 0.03888888888888889 0.0625
1 0.3 0.8793402777777778 0.041666666666666664 0.05381944444444445
1 0.4708333333333333 0.8888888888888888 0.05 0.059027777777777776
1 0.6013888888888889 0.7586805555555556 0.04722222222222222 0.05555555555555555
1 0.7034722222222223 0.7517361111111112 0.043055555555555555 0.052083333333333336
1 0.7930555555555555 0.6979166666666666 0.05277777777777778 0.0625
1 0.7930555555555555 0.5859375 0.044444444444444446 0.057291666666666664
1 0.9645833333333333 0.6076388888888888 0.03194444444444444 0.04861111111111111
1 0.9284722222222223 0.6727430555555556 0.05138888888888889 0.06770833333333333
1 0.9659722222222222 0.6571180555555556 0.034722222222222224 0.050347222222222224
1 0.9798611111111111 0.7204861111111112 0.04027777777777778 0.05555555555555555
1 0.9069444444444444 0.8663194444444444 0.03888888888888889 0.052083333333333336
1 0.6479166666666667 0.8784722222222222 0.043055555555555555 0.05555555555555555
1 0.8875 0.9609375 0.044444444444444446 0.05381944444444445
