3 0.06319444444444444 0.020833333333333332 0.043055555555555555 0.03819444444444445
3 0.06111111111111111 0.2222222222222222 0.044444444444444446 0.05555555555555555
3 0.09513888888888888 0.2404513888888889 0.04027777777777778 0.05381944444444445
3 0.11805555555555555 0.3420138888888889 0.05 0.0625
3 0.08055555555555556 0.6267361111111112 0.058333333333333334 0.07291666666666667
3 0.10833333333333334 0.7352430555555556 0.041666666666666664 0.057291666666666664
3 0.3111111111111111 0.6510416666666666 0.044444444444444446 0.0625
3 0.2222222222222222 0.9079861111111112 0.03611111111111111 0.0625
3 0.3645833333333333 0.8585069444444444 0.05694444444444444 0.08159722222222222
3 0.42083333333333334 0.8810763888888888 0.05 0.06076388888888889
3 0.39791666666666664 0.5486111111111112 0.043055555555555555 0.06597222222222222
3 0.4354166666666667 0.5763888888888888 0.04583333333333333 0.0625
3 0.48125 0.5677083333333334 0.04583333333333333 0.06944444444444445
3 0.24444444444444444 0.3194444444444444 0.044444444444444446 0.06944444444444445
3 0.29375 0.3394097222222222 0.04861111111111111 0.06770833333333333
3 0.3347222222222222 0.2204861111111111 0.04722222222222222 0.052083333333333336
3 0.5909722222222222 0.04600694444444445 0.043055555555555555 0.06076388888888889
3 0.8041666666666667 0.03125 0.05555555555555555 0.059027777777777776
3 0.8256944444444444 0.10677083333333333 0.04861111111111111 0.07118055555555555
3 0.5659722222222222 0.4826388888888889 0.0375 0.04513888888888889
3 0.6694444444444444 0.5303819444444444 0.05 0.06076388888888889
3 0.7229166666666667 0.4661458333333333 0.043055555555555555 0.057291666666666664
3 0.80625 0.3454861111111111 0.05416666666666667 0.06944444444444445
3 0.9111111111111111 0.3541666666666667 0.041666666666666664 0.07291666666666667
3 0.9569444444444445 0.4097222222222222 0.041666666666666664 0.059027777777777776
3 0.8305555555555556 0.6987847222222222 0.044444444444444446 0.0642361111111111
3 0.9020833333333333 0.6961805555555556 0.04861111111111111 0.0798611111111111
3 0.5916666666666667 0.7960069444444444 0.05555555555555555 0.06076388888888889
3 0.6465277777777778 0.8333333333333334 0.04861111111111111 0.0625
3 0.5326388888888889 0.8463541666666666 0.04861111111111111 0.0642361111111111
3 0.5819444444444445 0.8524305555555556 0.05277777777777778 0.05555555555555555
3 0.7756944444444445 0.9453125 0.05138888888888889 0.06770833333333333
3 0.6506944444444445 0.3315972222222222 0.04861111111111111 0.07291666666666667
3 0.0875 0.9774305555555556 0.05 0.03125
3 0.013194444444444444 0.9609375 0.02361111111111111 0.0642361111111111
3 0.9888888888888889 0.7222222222222222 0.022222222222222223 0.06597222222222222
3 0.5777777777777777 0.9817708333333334 0.05 0.029513888888888888
3 0.6798611111111111 0.3611111111111111 0.0375 0.0625
3 0.6993055555555555 0.3177083333333333 0.043055555555555555 0.05555555555555555
