1 0.02638888888888889 0.10590277777777778 0.04722222222222222 0.0625
1 0.014583333333333334 0.041666666666666664 0.02638888888888889 0.0625
1 0.12013888888888889 0.022569444444444444 0.04861111111111111 0.041666666666666664
1 0.19930555555555557 0.019965277777777776 0.05138888888888889 0.036458333333333336
1 0.19166666666666668 0.2048611111111111 0.041666666666666664 0.06597222222222222
1 0.1527777777777778 0.4010416666666667 0.04722222222222222 0.06944444444444445
1 0.11041666666666666 0.4192708333333333 0.043055555555555555 0.05381944444444445
1 0.3423611111111111 0.23958333333333334 0.04861111111111111 0.059027777777777776
1 0.37777777777777777 0.1640625 0.041666666666666664 0.057291666666666664
1 0.31319444444444444 0.08680555555555555 0.04583333333333333 0.059027777777777776
1 0.4027777777777778 0.027777777777777776 0.05 0.052083333333333336
1 0.12430555555555556 0.5772569444444444 0.05138888888888889 0.07118055555555555
1 0.01597222222222222 0.7178819444444444 0.029166666666666667 0.0642361111111111
1 0.03888888888888889 0.7664930555555556 0.044444444444444446 0.06076388888888889
1 0.011805555555555555 0.9392361111111112 0.020833333333333332 0.06597222222222222
1 0.09236111111111112 0.8967013888888888 0.04583333333333333 0.07118055555555555
1 0.20833333333333334 0.8454861111111112 0.03888888888888889 0.0625
1 0.2861111111111111 0.859375 0.04722222222222222 0.059027777777777776
1 0.3402777777777778 0.8776041666666666 0.041666666666666664 0.078125
1 0.37083333333333335 0.9392361111111112 0.044444444444444446 0.0625
1 0.27708333333333335 0.6475694444444444 0.05416666666666667 0.052083333333333336
1 0.32222222222222224 0.6032986111111112 0.04722222222222222 0.05381944444444445
1 0.2965277777777778 0.4123263888888889 0.04861111111111111 0.06076388888888889
1 0.35625 0.4895833333333333 0.04583333333333333 0.059027777777777776
1 0.30069444444444443 0.4791666666666667 0.04861111111111111 0.05555555555555555
1 0.4597222222222222 0.4201388888888889 0.03888888888888889 0.06944444444444445
1 0.5923611111111111 0.3359375 0.05416666666666667 0.0642361111111111
1 0.5715277777777777 0.09809027777777778 0.04583333333333333 0.057291666666666664
1 0.7152777777777778 0.10069444444444445 0.041666666666666664 0.059027777777777776
1 0.7458333333333333 0.2144097222222222 0.04722222222222222 0.06770833333333333
1 0.7305555555555555 0.2604166666666667 0.044444444444444446 0.0625
1 0.6458333333333334 0.3446180555555556 0.04722222222222222 0.0642361111111111
1 0.6756944444444445 0.40625 0.04861111111111111 0.06944444444444445
1 0.6916666666666667 0.5017361111111112 0.04722222222222222 0.0625
1 0.9638888888888889 0.296875 0.041666666666666664 0.05555555555555555
1 0.6958333333333333 0.5590277777777778 0.058333333333333334 0.06597222222222222
1 0.3861111111111111 0.6935763888888888 0.041666666666666664 0.0642361111111111
1 0.4270833333333333 0.7178819444444444 0.04027777777777778 0.06076388888888889
1 0.6104166666666667 0.8107638888888888 0.04027777777777778 0.059027777777777776
1 0.6534722222222222 0.6710069444444444 0.04583333333333333 0.06076388888888889
1 0.6520833333333333 0.7196180555555556 0.043055555555555555 0.05381944444444445
1 0.7444444444444445 0.6545138888888888 0.05277777777777778 0.0625
1 0.7888888888888889 0.6736111111111112 0.041666666666666664 0.0625
1 0.9159722222222222 0.5789930555555556 0.04027777777777778 0.057291666666666664
1 0.9194444444444444 0.7465277777777778 0.03611111111111111 0.05555555555555555
1 0.79375 0.7717013888888888 0.04861111111111111 0.057291666666666664
1 0.7611111111111111 0.8645833333333334 0.044444444444444446 0.059027777777777776
1 0.8020833333333334 0.8567708333333334 0.04861111111111111 0.06076388888888889
1 0.8083333333333333 0.9166666666666666 0.05 0.05555555555555555
1 0.9576388888888889 0.7378472222222222 0.04027777777777778 0.059027777777777776
1 0.9555555555555556 0.8689236111111112 0.041666666666666664 0.057291666666666664
7 0.9916666666666667 0.78125 0.016666666666666666 0.052083333333333336
