1 0.12361111111111112 0.06076388888888889 0.05 0.06597222222222222
1 0.10138888888888889 0.1597222222222222 0.05 0.0625
1 0.20902777777777778 0.11979166666666667 0.05138888888888889 0.06944444444444445
1 0.10833333333333334 0.2526041666666667 0.05 0.057291666666666664
1 0.38055555555555554 0.1345486111111111 0.05 0.0642361111111111
1 0.12222222222222222 0.3411458333333333 0.05277777777777778 0.07118055555555555
1 0.019444444444444445 0.4704861111111111 0.03611111111111111 0.0625
1 0.10694444444444444 0.4921875 0.058333333333333334 0.07465277777777778
1 0.23819444444444443 0.4487847222222222 0.05138888888888889 0.06076388888888889
1 0.05694444444444444 0.6866319444444444 0.05555555555555555 0.0642361111111111
1 0.28125 0.5008680555555556 0.04861111111111111 0.07118055555555555
1 0.16458333333333333 0.875 0.05694444444444444 0.06597222222222222
1 0.39652777777777776 0.21006944444444445 0.043055555555555555 0.0625
1 0.5131944444444444 0.4027777777777778 0.05416666666666667 0.07291666666666667
1 0.3159722222222222 0.6137152777777778 0.04861111111111111 0.0642361111111111
1 0.24861111111111112 0.65625 0.044444444444444446 0.06597222222222222
1 0.27291666666666664 0.6631944444444444 0.04027777777777778 0.059027777777777776
1 0.41875 0.6388888888888888 0.04861111111111111 0.06944444444444445
1 0.4930555555555556 0.6388888888888888 0.05277777777777778 0.0625
1 0.6520833333333333 0.5824652777777778 0.04861111111111111 0.0642361111111111
1 0.6409722222222223 0.3394097222222222 0.04583333333333333 0.05381944444444445
1 0.7895833333333333 0.2795138888888889 0.04861111111111111 0.06944444444444445
1 0.6743055555555556 0.15625 0.05416666666666667 0.052083333333333336
1 0.8347222222222223 0.06076388888888889 0.05 0.0798611111111111
1 0.8708333333333333 0.025173611111111112 0.05277777777777778 0.046875
1 0.9298611111111111 0.3819444444444444 0.04861111111111111 0.06597222222222222
1 0.8013888888888889 0.5868055555555556 0.041666666666666664 0.06944444444444445
1 0.6673611111111111 0.8828125 0.05416666666666667 0.07118055555555555
1 0.46319444444444446 0.7552083333333334 0.04027777777777778 0.059027777777777776
1 0.3972222222222222 0.8411458333333334 0.05277777777777778 0.06076388888888889
1 0.3958333333333333 0.9053819444444444 0.05 0.06076388888888889
1 0.4708333333333333 0.9461805555555556 0.04722222222222222 0.06597222222222222
1 0.7631944444444444 0.9774305555555556 0.05416666666666667 0.041666666666666664
