1 0.1 0.3949652777777778 0.04722222222222222 0.057291666666666664
1 0.04097222222222222 0.059895833333333336 0.043055555555555555 0.05381944444444445
1 0.09722222222222222 0.0234375 0.044444444444444446 0.043402777777777776
1 0.24930555555555556 0.0720486111111111 0.04583333333333333 0.0642361111111111
1 0.3770833333333333 0.06684027777777778 0.04027777777777778 0.046875
1 0.39444444444444443 0.019965277777777776 0.04722222222222222 0.036458333333333336
1 0.4048611111111111 0.1918402777777778 0.043055555555555555 0.057291666666666664
1 0.42777777777777776 0.23697916666666666 0.05 0.06076388888888889
1 0.45416666666666666 0.2934027777777778 0.044444444444444446 0.05555555555555555
1 0.55625 0.23177083333333334 0.04583333333333333 0.06076388888888889
1 0.5645833333333333 0.3515625 0.04861111111111111 0.06076388888888889
1 0.6701388888888888 0.15711805555555555 0.04583333333333333 0.057291666666666664
1 0.7381944444444445 0.1501736111111111 0.043055555555555555 0.0642361111111111
1 0.7326388888888888 0.19444444444444445 0.043055555555555555 0.05555555555555555
1 0.8173611111111111 0.21006944444444445 0.04027777777777778 0.052083333333333336
1 0.8583333333333333 0.2526041666666667 0.03888888888888889 0.057291666666666664
1 0.28888888888888886 0.5130208333333334 0.04722222222222222 0.06076388888888889
1 0.23402777777777778 0.5399305555555556 0.05138888888888889 0.07291666666666667
1 0.4576388888888889 0.5720486111111112 0.043055555555555555 0.06076388888888889
1 0.5430555555555555 0.5199652777777778 0.04722222222222222 0.057291666666666664
1 0.8034722222222223 0.3133680555555556 0.05138888888888889 0.0642361111111111
1 0.18958333333333333 0.6744791666666666 0.04861111111111111 0.07118055555555555
1 0.12083333333333333 0.7057291666666666 0.044444444444444446 0.0642361111111111
1 0.16180555555555556 0.7612847222222222 0.043055555555555555 0.057291666666666664
1 0.2125 0.7612847222222222 0.05 0.07118055555555555
1 0.325 0.6371527777777778 0.044444444444444446 0.059027777777777776
1 0.48333333333333334 0.6588541666666666 0.044444444444444446 0.06076388888888889
1 0.4027777777777778 0.796875 0.05 0.05555555555555555
1 0.46041666666666664 0.7803819444444444 0.04583333333333333 0.06076388888888889
1 0.4284722222222222 0.8697916666666666 0.043055555555555555 0.059027777777777776
1 0.5625 0.8168402777777778 0.041666666666666664 0.057291666666666664
1 0.5888888888888889 0.6206597222222222 0.044444444444444446 0.05381944444444445
1 0.6986111111111111 0.6180555555555556 0.03888888888888889 0.052083333333333336
1 0.7805555555555556 0.5190972222222222 0.041666666666666664 0.059027777777777776
1 0.8881944444444444 0.5868055555555556 0.043055555555555555 0.052083333333333336
1 0.9409722222222222 0.5651041666666666 0.04583333333333333 0.0642361111111111
1 0.7458333333333333 0.7309027777777778 0.041666666666666664 0.05555555555555555
1 0.8958333333333334 0.8480902777777778 0.044444444444444446 0.0642361111111111
1 0.6368055555555555 0.9704861111111112 0.043055555555555555 0.052083333333333336
1 0.9152777777777777 0.9670138888888888 0.04722222222222222 0.05555555555555555
1 0.9618055555555556 0.014756944444444444 0.043055555555555555 0.026041666666666668
1 0.37569444444444444 0.9791666666666666 0.04583333333333333 0.034722222222222224
1 0.2604166666666667 0.984375 0.04583333333333333 0.027777777777777776
