1 0.5284722222222222 0.05295138888888889 0.04861111111111111 0.07118055555555555
1 0.7486111111111111 0.020833333333333332 0.05 0.03819444444444445
1 0.2708333333333333 0.15711805555555555 0.044444444444444446 0.057291666666666664
1 0.1284722222222222 0.2751736111111111 0.05138888888888889 0.06076388888888889
1 0.22777777777777777 0.21614583333333334 0.05 0.0642361111111111
1 0.4166666666666667 0.23350694444444445 0.05555555555555555 0.07465277777777778
1 0.46805555555555556 0.2309027777777778 0.05 0.06597222222222222
1 0.21805555555555556 0.3463541666666667 0.04722222222222222 0.07118055555555555
1 0.2743055555555556 0.3116319444444444 0.043055555555555555 0.06076388888888889
1 0.30833333333333335 0.4296875 0.04722222222222222 0.0642361111111111
1 0.4875 0.4071180555555556 0.04722222222222222 0.07118055555555555
1 0.4027777777777778 0.5130208333333334 0.05 0.057291666666666664
1 0.09583333333333334 0.6666666666666666 0.044444444444444446 0.059027777777777776
1 0.029166666666666667 0.8203125 0.04722222222222222 0.0642361111111111
1 0.17083333333333334 0.8420138888888888 0.04722222222222222 0.0625
1 0.23958333333333334 0.7092013888888888 0.04861111111111111 0.07118055555555555
1 0.3506944444444444 0.7352430555555556 0.05138888888888889 0.07118055555555555
1 0.47152777777777777 0.6866319444444444 0.05138888888888889 0.06770833333333333
1 0.4423611111111111 0.5581597222222222 0.04861111111111111 0.07118055555555555
1 0.4777777777777778 0.5755208333333334 0.044444444444444446 0.0642361111111111
1 0.5270833333333333 0.4670138888888889 0.04583333333333333 0.05555555555555555
1 0.5826388888888889 0.7057291666666666 0.04861111111111111 0.0642361111111111
1 0.7722222222222223 0.5017361111111112 0.04722222222222222 0.059027777777777776
1 0.6861111111111111 0.6276041666666666 0.04722222222222222 0.06770833333333333
1 0.5375 0.8567708333333334 0.04722222222222222 0.0642361111111111
1 0.5381944444444444 0.9696180555555556 0.04583333333333333 0.050347222222222224
1 0.76875 0.7204861111111112 0.04861111111111111 0.06597222222222222
1 0.70625 0.8394097222222222 0.04583333333333333 0.0642361111111111
1 0.6868055555555556 0.9227430555555556 0.04027777777777778 0.078125
1 0.8902777777777777 0.8168402777777778 0.05277777777777778 0.06770833333333333
1 0.8395833333333333 0.9565972222222222 0.04583333333333333 0.059027777777777776
1 0.8395833333333333 0.5494791666666666 0.04861111111111111 0.06076388888888889
1 0.8819444444444444 0.5633680555555556 0.05 0.057291666666666664
1 0.9104166666666667 0.6024305555555556 0.04861111111111111 0.05555555555555555
1 0.9277777777777778 0.6805555555555556 0.05 0.06944444444444445
7 0.6388888888888888 0.3194444444444444 0.05277777777777778 0.08680555555555555
1 0.6243055555555556 0.015625 0.05416666666666667 0.027777777777777776
1 0.15208333333333332 0.016493055555555556 0.04861111111111111 0.029513888888888888
