1 0.027777777777777776 0.4444444444444444 0.044444444444444446 0.052083333333333336
1 0.09027777777777778 0.5017361111111112 0.04722222222222222 0.0625
1 0.12569444444444444 0.3854166666666667 0.04583333333333333 0.059027777777777776
1 0.09513888888888888 0.2934027777777778 0.05138888888888889 0.06597222222222222
1 0.25277777777777777 0.1753472222222222 0.044444444444444446 0.06597222222222222
1 0.3701388888888889 0.18229166666666666 0.05138888888888889 0.06944444444444445
1 0.26944444444444443 0.3090277777777778 0.044444444444444446 0.06597222222222222
1 0.3548611111111111 0.5269097222222222 0.043055555555555555 0.057291666666666664
1 0.09375 0.7942708333333334 0.04027777777777778 0.05381944444444445
1 0.13194444444444445 0.8081597222222222 0.044444444444444446 0.05381944444444445
1 0.04791666666666667 0.8420138888888888 0.04027777777777778 0.04861111111111111
1 0.6090277777777777 0.04079861111111111 0.04861111111111111 0.0642361111111111
1 0.6291666666666667 0.2065972222222222 0.04722222222222222 0.06944444444444445
1 0.7138888888888889 0.2569444444444444 0.041666666666666664 0.059027777777777776
1 0.6236111111111111 0.4357638888888889 0.04722222222222222 0.0625
1 0.45555555555555555 0.4704861111111111 0.05277777777777778 0.05555555555555555
1 0.46111111111111114 0.5269097222222222 0.05555555555555555 0.05381944444444445
1 0.40902777777777777 0.578125 0.04583333333333333 0.0625
1 0.3451388888888889 0.5989583333333334 0.04861111111111111 0.059027777777777776
1 0.28888888888888886 0.7239583333333334 0.044444444444444446 0.059027777777777776
1 0.3527777777777778 0.765625 0.044444444444444446 0.0625
1 0.5263888888888889 0.6909722222222222 0.05 0.052083333333333336
1 0.47152777777777777 0.7534722222222222 0.04583333333333333 0.05555555555555555
1 0.5263888888888889 0.7647569444444444 0.041666666666666664 0.0642361111111111
1 0.45 0.8324652777777778 0.05 0.0642361111111111
1 0.4388888888888889 0.9166666666666666 0.04722222222222222 0.07291666666666667
1 0.5493055555555556 0.9626736111111112 0.04861111111111111 0.06076388888888889
1 0.6166666666666667 0.9809027777777778 0.05277777777777778 0.03125
1 0.7652777777777777 0.7326388888888888 0.05 0.0625
1 0.5923611111111111 0.5060763888888888 0.04583333333333333 0.06076388888888889
1 0.5951388888888889 0.6154513888888888 0.04861111111111111 0.0642361111111111
1 0.6555555555555556 0.5911458333333334 0.041666666666666664 0.057291666666666664
1 0.7083333333333334 0.4270833333333333 0.03888888888888889 0.05555555555555555
1 0.7541666666666667 0.28125 0.044444444444444446 0.059027777777777776
1 0.8055555555555556 0.3333333333333333 0.044444444444444446 0.059027777777777776
1 0.8840277777777777 0.21788194444444445 0.043055555555555555 0.05381944444444445
1 0.8854166666666666 0.5572916666666666 0.043055555555555555 0.059027777777777776
1 0.7583333333333333 0.5763888888888888 0.05 0.0625
1 0.8833333333333333 0.7100694444444444 0.04722222222222222 0.06597222222222222
1 0.9569444444444445 0.6970486111111112 0.05 0.06770833333333333
1 0.7909722222222222 0.8038194444444444 0.04861111111111111 0.06597222222222222
1 0.9486111111111111 0.9001736111111112 0.041666666666666664 0.0642361111111111
1 0.010416666666666666 0.9652777777777778 0.018055555555555554 0.06597222222222222
