1 0.0125 0.2222222222222222 0.022222222222222223 0.05555555555555555
1 0.1 0.04774305555555555 0.04722222222222222 0.05381944444444445
1 0.4201388888888889 0.06944444444444445 0.05138888888888889 0.0625
1 0.5229166666666667 0.016493055555555556 0.04027777777777778 0.029513888888888888
1 0.24861111111111112 0.2630208333333333 0.044444444444444446 0.0642361111111111
1 0.16527777777777777 0.3046875 0.04722222222222222 0.06076388888888889
1 0.05555555555555555 0.5286458333333334 0.044444444444444446 0.057291666666666664
1 0.30833333333333335 0.4670138888888889 0.04722222222222222 0.06944444444444445
1 0.375 0.4592013888888889 0.044444444444444446 0.06076388888888889
1 0.4888888888888889 0.5442708333333334 0.044444444444444446 0.06076388888888889
1 0.5743055555555555 0.4418402777777778 0.043055555555555555 0.057291666666666664
1 0.7013888888888888 0.4713541666666667 0.05277777777777778 0.06076388888888889
1 0.5368055555555555 0.1935763888888889 0.04027777777777778 0.06076388888888889
1 0.5708333333333333 0.22916666666666666 0.041666666666666664 0.0625
1 0.7513888888888889 0.234375 0.05 0.0625
1 0.9090277777777778 0.21614583333333334 0.043055555555555555 0.06076388888888889
1 0.8784722222222222 0.019965277777777776 0.043055555555555555 0.036458333333333336
1 0.9680555555555556 0.07899305555555555 0.04722222222222222 0.057291666666666664
1 0.03958333333333333 0.7265625 0.04583333333333333 0.05381944444444445
1 0.28888888888888886 0.7161458333333334 0.04722222222222222 0.057291666666666664
1 0.3902777777777778 0.7664930555555556 0.03888888888888889 0.057291666666666664
1 0.35555555555555557 0.8098958333333334 0.041666666666666664 0.05381944444444445
1 0.5375 0.8923611111111112 0.05 0.059027777777777776
1 0.6131944444444445 0.9157986111111112 0.043055555555555555 0.057291666666666664
1 0.71875 0.8923611111111112 0.05138888888888889 0.06944444444444445
1 0.7611111111111111 0.7473958333333334 0.041666666666666664 0.06076388888888889
1 0.8027777777777778 0.5060763888888888 0.04722222222222222 0.06076388888888889
1 0.8631944444444445 0.4826388888888889 0.04583333333333333 0.05555555555555555
1 0.8472222222222222 0.5494791666666666 0.044444444444444446 0.06076388888888889
1 0.9284722222222223 0.7352430555555556 0.04027777777777778 0.05381944444444445
1 0.9347222222222222 0.8151041666666666 0.041666666666666664 0.057291666666666664
1 0.9048611111111111 0.9357638888888888 0.043055555555555555 0.05555555555555555
1 0.9868055555555556 0.5303819444444444 0.02638888888888889 0.06076388888888889
1 0.3909722222222222 0.9817708333333334 0.04583333333333333 0.029513888888888888
1 0.009722222222222222 0.7092013888888888 0.016666666666666666 0.06076388888888889
1 0.40625 0.011284722222222222 0.0375 0.019097222222222224
