3 0.025694444444444443 0.019965277777777776 0.04861111111111111 0.036458333333333336
3 0.04861111111111111 0.1657986111111111 0.05277777777777778 0.07118055555555555
3 0.2361111111111111 0.3125 0.041666666666666664 0.06597222222222222
3 0.32013888888888886 0.24913194444444445 0.04861111111111111 0.0642361111111111
3 0.43333333333333335 0.1440972222222222 0.041666666666666664 0.06597222222222222
3 0.4 0.2951388888888889 0.041666666666666664 0.06944444444444445
3 0.5909722222222222 0.125 0.05138888888888889 0.059027777777777776
3 0.7361111111111112 0.18229166666666666 0.05277777777777778 0.0625
3 0.8229166666666666 0.1657986111111111 0.05138888888888889 0.06770833333333333
3 0.85625 0.1970486111111111 0.04583333333333333 0.0642361111111111
3 0.8770833333333333 0.2690972222222222 0.04861111111111111 0.06944444444444445
3 0.7618055555555555 0.3776041666666667 0.04861111111111111 0.07118055555555555
3 0.8354166666666667 0.3359375 0.04861111111111111 0.07118055555555555
3 0.5513888888888889 0.4322916666666667 0.04722222222222222 0.059027777777777776
3 0.4513888888888889 0.4270833333333333 0.04722222222222222 0.06597222222222222
3 0.3284722222222222 0.5034722222222222 0.04027777777777778 0.06597222222222222
3 0.5333333333333333 0.5833333333333334 0.04722222222222222 0.05555555555555555
3 0.8097222222222222 0.5 0.05277777777777778 0.06597222222222222
3 0.2743055555555556 0.6440972222222222 0.04583333333333333 0.059027777777777776
3 0.08680555555555555 0.703125 0.04861111111111111 0.059027777777777776
3 0.18472222222222223 0.7291666666666666 0.058333333333333334 0.06944444444444445
3 0.23680555555555555 0.6788194444444444 0.04583333333333333 0.041666666666666664
3 0.07708333333333334 0.8125 0.04027777777777778 0.06944444444444445
3 0.3333333333333333 0.7725694444444444 0.04722222222222222 0.0763888888888889
3 0.3763888888888889 0.7881944444444444 0.04722222222222222 0.06944444444444445
3 0.2763888888888889 0.9366319444444444 0.041666666666666664 0.07118055555555555
3 0.47708333333333336 0.8715277777777778 0.04861111111111111 0.06597222222222222
3 0.47430555555555554 0.7170138888888888 0.04583333333333333 0.0625
3 0.35 0.5703125 0.044444444444444446 0.06770833333333333
3 0.7583333333333333 0.6354166666666666 0.041666666666666664 0.059027777777777776
3 0.75 0.6675347222222222 0.05 0.050347222222222224
3 0.7777777777777778 0.7925347222222222 0.05277777777777778 0.07465277777777778
3 0.6270833333333333 0.9123263888888888 0.043055555555555555 0.05381944444444445
3 0.9722222222222222 0.8619791666666666 0.05555555555555555 0.07465277777777778
3 0.4861111111111111 0.3229166666666667 0.041666666666666664 0.0625
3 0.5270833333333333 0.3333333333333333 0.043055555555555555 0.06597222222222222
3 0.8 0.013020833333333334 0.05 0.022569444444444444
3 0.23958333333333334 0.9869791666666666 0.04027777777777778 0.022569444444444444
