3 0.03611111111111111 0.7109375 0.03888888888888889 0.0642361111111111
3 0.06458333333333334 0.7612847222222222 0.0375 0.0642361111111111
3 0.06111111111111111 0.8237847222222222 0.044444444444444446 0.057291666666666664
3 0.17083333333333334 0.8567708333333334 0.044444444444444446 0.06076388888888889
3 0.09791666666666667 0.9053819444444444 0.043055555555555555 0.057291666666666664
3 0.3277777777777778 0.9652777777777778 0.03888888888888889 0.052083333333333336
3 0.7763888888888889 0.9175347222222222 0.03333333333333333 0.0642361111111111
3 0.9201388888888888 0.9314236111111112 0.04027777777777778 0.05381944444444445
3 0.6888888888888889 0.7118055555555556 0.041666666666666664 0.059027777777777776
3 0.7659722222222223 0.6987847222222222 0.04027777777777778 0.07118055555555555
3 0.8958333333333334 0.6979166666666666 0.041666666666666664 0.06944444444444445
3 0.7479166666666667 0.8107638888888888 0.03194444444444444 0.04861111111111111
3 0.6729166666666667 0.5364583333333334 0.04027777777777778 0.04513888888888889
3 0.4270833333333333 0.5659722222222222 0.04583333333333333 0.059027777777777776
3 0.48125 0.5399305555555556 0.03194444444444444 0.0625
3 0.37083333333333335 0.3585069444444444 0.027777777777777776 0.06076388888888889
3 0.40625 0.3802083333333333 0.034722222222222224 0.05555555555555555
3 0.44375 0.3697916666666667 0.043055555555555555 0.04513888888888889
3 0.30069444444444443 0.14322916666666666 0.04027777777777778 0.06076388888888889
3 0.34375 0.1675347222222222 0.0375 0.05381944444444445
3 0.7090277777777778 0.09722222222222222 0.04583333333333333 0.07291666666666667
3 0.46597222222222223 0.2526041666666667 0.043055555555555555 0.057291666666666664
3 0.5909722222222222 0.20833333333333334 0.04027777777777778 0.0625
3 0.6395833333333333 0.3098958333333333 0.043055555555555555 0.050347222222222224
3 0.71875 0.2838541666666667 0.04861111111111111 0.06076388888888889
3 0.8118055555555556 0.3324652777777778 0.0375 0.057291666666666664
3 0.9486111111111111 0.2673611111111111 0.044444444444444446 0.052083333333333336
3 0.9194444444444444 0.11458333333333333 0.041666666666666664 0.04861111111111111
3 0.9034722222222222 0.0720486111111111 0.04583333333333333 0.03993055555555555
3 0.9534722222222223 0.0234375 0.0375 0.043402777777777776
3 0.9534722222222223 0.4852430555555556 0.043055555555555555 0.06076388888888889
3 0.3333333333333333 0.017361111111111112 0.04722222222222222 0.03125
3 0.5111111111111111 0.013020833333333334 0.03888888888888889 0.022569444444444444
3 0.9875 0.0720486111111111 0.025 0.057291666666666664
3 0.5979166666666667 0.9748263888888888 0.043055555555555555 0.03993055555555555
3 0.7694444444444445 0.9835069444444444 0.04722222222222222 0.029513888888888888
