1 0.0125 0.4348958333333333 0.022222222222222223 0.057291666666666664
1 0.029166666666666667 0.3255208333333333 0.044444444444444446 0.057291666666666664
1 0.18472222222222223 0.3394097222222222 0.05277777777777778 0.0642361111111111
1 0.13819444444444445 0.4539930555555556 0.0375 0.046875
1 0.1625 0.4010416666666667 0.04722222222222222 0.052083333333333336
1 0.16875 0.18489583333333334 0.043055555555555555 0.057291666666666664
1 0.12708333333333333 0.052083333333333336 0.04583333333333333 0.052083333333333336
1 0.14444444444444443 0.1171875 0.044444444444444446 0.057291666666666664
1 0.19236111111111112 0.08333333333333333 0.043055555555555555 0.052083333333333336
1 0.43125 0.2074652777777778 0.05416666666666667 0.057291666666666664
1 0.3388888888888889 0.4479166666666667 0.044444444444444446 0.059027777777777776
1 0.09930555555555555 0.6822916666666666 0.043055555555555555 0.05555555555555555
1 0.059027777777777776 0.96875 0.043055555555555555 0.05555555555555555
1 0.24722222222222223 0.9739583333333334 0.04722222222222222 0.04861111111111111
1 0.3423611111111111 0.9730902777777778 0.04027777777777778 0.043402777777777776
1 0.4125 0.7986111111111112 0.05 0.06597222222222222
1 0.49027777777777776 0.4583333333333333 0.044444444444444446 0.04861111111111111
1 0.5145833333333333 0.5407986111111112 0.043055555555555555 0.057291666666666664
1 0.5930555555555556 0.6267361111111112 0.044444444444444446 0.0625
1 0.49375 0.8020833333333334 0.04583333333333333 0.059027777777777776
1 0.55 0.8125 0.03888888888888889 0.05555555555555555
1 0.5020833333333333 0.8845486111111112 0.04583333333333333 0.05381944444444445
1 0.5451388888888888 0.9357638888888888 0.043055555555555555 0.052083333333333336
1 0.7708333333333334 0.8975694444444444 0.044444444444444446 0.0625
1 0.7944444444444444 0.75 0.041666666666666664 0.059027777777777776
1 0.7256944444444444 0.7178819444444444 0.04027777777777778 0.057291666666666664
1 0.7208333333333333 0.640625 0.04722222222222222 0.06597222222222222
1 0.7486111111111111 0.5138888888888888 0.041666666666666664 0.059027777777777776
1 0.8263888888888888 0.4409722222222222 0.03888888888888889 0.05555555555555555
1 0.9833333333333333 0.5017361111111112 0.03333333333333333 0.052083333333333336
1 0.6104166666666667 0.2881944444444444 0.04027777777777778 0.05555555555555555
1 0.5722222222222222 0.0234375 0.04722222222222222 0.043402777777777776
1 0.7604166666666666 0.016493055555555556 0.04583333333333333 0.029513888888888888
1 0.8736111111111111 0.13802083333333334 0.044444444444444446 0.05381944444444445
1 0.7833333333333333 0.22743055555555555 0.044444444444444446 0.05555555555555555
1 0.7055555555555556 0.3038194444444444 0.041666666666666664 0.059027777777777776
1 0.7798611111111111 0.3532986111111111 0.043055555555555555 0.05381944444444445
1 0.8277777777777777 0.2725694444444444 0.041666666666666664 0.05555555555555555
1 0.8465277777777778 0.3194444444444444 0.0375 0.052083333333333336
1 0.8916666666666667 0.3081597222222222 0.041666666666666664 0.057291666666666664
1 0.9798611111111111 0.2682291666666667 0.04027777777777778 0.057291666666666664
1 0.9631944444444445 0.3567708333333333 0.04583333333333333 0.06076388888888889
