1 0.01875 0.05295138888888889 0.034722222222222224 0.06076388888888889
1 0.06597222222222222 0.24913194444444445 0.04583333333333333 0.057291666666666664
1 0.10694444444444444 0.2404513888888889 0.05277777777777778 0.0642361111111111
1 0.021527777777777778 0.4487847222222222 0.04027777777777778 0.06076388888888889
1 0.15069444444444444 0.4444444444444444 0.043055555555555555 0.06597222222222222
1 0.18888888888888888 0.4331597222222222 0.044444444444444446 0.05381944444444445
1 0.19166666666666668 0.4809027777777778 0.04722222222222222 0.0625
1 0.31180555555555556 0.2378472222222222 0.04027777777777778 0.06597222222222222
1 0.375 0.11979166666666667 0.05 0.0763888888888889
1 0.5548611111111111 0.03298611111111111 0.04583333333333333 0.0625
1 0.5965277777777778 0.025173611111111112 0.04583333333333333 0.046875
1 0.6763888888888889 0.2934027777777778 0.044444444444444446 0.059027777777777776
1 0.5194444444444445 0.12760416666666666 0.05 0.06770833333333333
1 0.41041666666666665 0.2065972222222222 0.04583333333333333 0.0625
1 0.41597222222222224 0.2595486111111111 0.04861111111111111 0.0642361111111111
1 0.1527777777777778 0.5625 0.058333333333333334 0.0763888888888889
1 0.09513888888888888 0.6449652777777778 0.05138888888888889 0.07118055555555555
1 0.12708333333333333 0.8428819444444444 0.05138888888888889 0.06770833333333333
1 0.3229166666666667 0.5911458333333334 0.05138888888888889 0.06770833333333333
1 0.39305555555555555 0.6197916666666666 0.05277777777777778 0.0763888888888889
1 0.49583333333333335 0.5034722222222222 0.04722222222222222 0.06944444444444445
1 0.5451388888888888 0.4409722222222222 0.05138888888888889 0.06944444444444445
1 0.7416666666666667 0.2508680555555556 0.05 0.06076388888888889
1 0.5104166666666666 0.1892361111111111 0.04861111111111111 0.0625
1 0.5368055555555555 0.1875 0.04027777777777778 0.059027777777777776
1 0.8131944444444444 0.3012152777777778 0.05138888888888889 0.06770833333333333
1 0.74375 0.3098958333333333 0.04583333333333333 0.057291666666666664
1 0.8930555555555556 0.4982638888888889 0.044444444444444446 0.059027777777777776
1 0.9368055555555556 0.5486111111111112 0.04583333333333333 0.0625
1 0.5020833333333333 0.7760416666666666 0.04861111111111111 0.059027777777777776
1 0.5569444444444445 0.7708333333333334 0.05277777777777778 0.0625
1 0.45555555555555555 0.9713541666666666 0.04722222222222222 0.050347222222222224
1 0.8284722222222223 0.9435763888888888 0.05694444444444444 0.07118055555555555
1 0.8930555555555556 0.9114583333333334 0.05555555555555555 0.0625
1 0.9166666666666666 0.7265625 0.044444444444444446 0.057291666666666664
1 0.8430555555555556 0.5998263888888888 0.044444444444444446 0.0642361111111111
1 0.9819444444444444 0.6362847222222222 0.03611111111111111 0.07118055555555555
1 0.9388888888888889 0.8480902777777778 0.044444444444444446 0.0642361111111111
1 0.9833333333333333 0.8958333333333334 0.030555555555555555 0.0625
1 0.9576388888888889 0.9427083333333334 0.05138888888888889 0.059027777777777776
1 0.5326388888888889 0.5329861111111112 0.04861111111111111 0.06597222222222222
1 0.5430555555555555 0.5946180555555556 0.04722222222222222 0.06770833333333333
1 0.9229166666666667 0.016493055555555556 0.05138888888888889 0.029513888888888888
7 0.8340277777777778 0.6458333333333334 0.06527777777777778 0.05555555555555555
1 0.010416666666666666 0.8385416666666666 0.018055555555555554 0.05555555555555555
