1 0.017361111111111112 0.4652777777777778 0.03194444444444444 0.0625
1 0.07291666666666667 0.4409722222222222 0.04583333333333333 0.059027777777777776
1 0.05625 0.5078125 0.043055555555555555 0.0642361111111111
1 0.11527777777777778 0.1796875 0.041666666666666664 0.057291666666666664
1 0.17291666666666666 0.043402777777777776 0.05416666666666667 0.0625
1 0.3111111111111111 0.10503472222222222 0.04722222222222222 0.057291666666666664
1 0.34930555555555554 0.08854166666666667 0.04027777777777778 0.059027777777777776
1 0.20694444444444443 0.4878472222222222 0.05277777777777778 0.05555555555555555
1 0.25972222222222224 0.5008680555555556 0.044444444444444446 0.06076388888888889
1 0.13541666666666666 0.6970486111111112 0.04027777777777778 0.057291666666666664
1 0.1388888888888889 0.7777777777777778 0.044444444444444446 0.05555555555555555
1 0.11180555555555556 0.9019097222222222 0.043055555555555555 0.0642361111111111
1 0.225 0.8923611111111112 0.044444444444444446 0.06944444444444445
1 0.3548611111111111 0.7864583333333334 0.04583333333333333 0.0625
1 0.34375 0.9036458333333334 0.04583333333333333 0.057291666666666664
1 0.3472222222222222 0.3359375 0.05277777777777778 0.0642361111111111
1 0.5423611111111111 0.2560763888888889 0.04027777777777778 0.057291666666666664
1 0.43333333333333335 0.3420138888888889 0.04722222222222222 0.05555555555555555
1 0.4048611111111111 0.4149305555555556 0.04861111111111111 0.052083333333333336
1 0.4666666666666667 0.3862847222222222 0.04722222222222222 0.0642361111111111
1 0.5048611111111111 0.3637152777777778 0.043055555555555555 0.057291666666666664
1 0.6534722222222222 0.3784722222222222 0.04861111111111111 0.06597222222222222
1 0.34375 0.6189236111111112 0.04027777777777778 0.05381944444444445
1 0.37916666666666665 0.6840277777777778 0.05277777777777778 0.0625
1 0.47847222222222224 0.5512152777777778 0.043055555555555555 0.057291666666666664
1 0.5298611111111111 0.5859375 0.04583333333333333 0.0642361111111111
1 0.5520833333333334 0.03125 0.04583333333333333 0.059027777777777776
1 0.7076388888888889 0.1015625 0.043055555555555555 0.057291666666666664
1 0.7458333333333333 0.12152777777777778 0.041666666666666664 0.05555555555555555
1 0.7680555555555556 0.3359375 0.041666666666666664 0.057291666666666664
1 0.6583333333333333 0.6128472222222222 0.05 0.0625
1 0.6652777777777777 0.7291666666666666 0.044444444444444446 0.059027777777777776
1 0.73125 0.7647569444444444 0.04027777777777778 0.05381944444444445
1 0.7090277777777778 0.8220486111111112 0.04583333333333333 0.06770833333333333
1 0.6513888888888889 0.9296875 0.03888888888888889 0.050347222222222224
1 0.7902777777777777 0.7907986111111112 0.044444444444444446 0.057291666666666664
1 0.8361111111111111 0.6597222222222222 0.041666666666666664 0.059027777777777776
1 0.9180555555555555 0.5668402777777778 0.04722222222222222 0.05381944444444445
1 0.9715277777777778 0.4809027777777778 0.043055555555555555 0.059027777777777776
1 0.9888888888888889 0.6206597222222222 0.022222222222222223 0.06076388888888889
1 0.9208333333333333 0.6961805555555556 0.041666666666666664 0.06597222222222222
1 0.8645833333333334 0.890625 0.0375 0.0625
1 0.8861111111111111 0.2265625 0.041666666666666664 0.057291666666666664
1 0.9659722222222222 0.2960069444444444 0.04027777777777778 0.057291666666666664
1 0.9861111111111112 0.11284722222222222 0.025 0.05555555555555555
1 0.9527777777777777 0.043402777777777776 0.04722222222222222 0.059027777777777776
1 0.6722222222222223 0.010416666666666666 0.03333333333333333 0.017361111111111112
1 0.11319444444444444 0.9887152777777778 0.04027777777777778 0.022569444444444444
