3 0.17430555555555555 0.3272569444444444 0.04027777777777778 0.06076388888888889
3 0.2388888888888889 0.23958333333333334 0.041666666666666664 0.052083333333333336
3 0.33819444444444446 0.1796875 0.03194444444444444 0.050347222222222224
3 0.31805555555555554 0.06684027777777778 0.030555555555555555 0.05381944444444445
3 0.35833333333333334 0.09461805555555555 0.044444444444444446 0.050347222222222224
3 0.46875 0.17100694444444445 0.043055555555555555 0.05381944444444445
3 0.6118055555555556 0.0998263888888889 0.04027777777777778 0.050347222222222224
3 0.6631944444444444 0.12760416666666666 0.0375 0.050347222222222224
3 0.7451388888888889 0.04774305555555555 0.03194444444444444 0.05381944444444445
3 0.7638888888888888 0.10850694444444445 0.030555555555555555 0.05381944444444445
3 0.7854166666666667 0.1597222222222222 0.04027777777777778 0.052083333333333336
3 0.8270833333333333 0.17100694444444445 0.043055555555555555 0.046875
3 0.8486111111111111 0.2517361111111111 0.041666666666666664 0.0625
3 0.49930555555555556 0.421875 0.04583333333333333 0.05555555555555555
3 0.5847222222222223 0.4409722222222222 0.044444444444444446 0.059027777777777776
3 0.6923611111111111 0.3185763888888889 0.034722222222222224 0.057291666666666664
3 0.7319444444444444 0.3133680555555556 0.044444444444444446 0.06076388888888889
3 0.7923611111111111 0.4427083333333333 0.04583333333333333 0.052083333333333336
3 0.49930555555555556 0.6579861111111112 0.0375 0.05555555555555555
3 0.15902777777777777 0.640625 0.034722222222222224 0.05555555555555555
3 0.2625 0.6657986111111112 0.03888888888888889 0.057291666666666664
3 0.3333333333333333 0.6362847222222222 0.03888888888888889 0.05381944444444445
3 0.4173611111111111 0.6284722222222222 0.034722222222222224 0.052083333333333336
3 0.36875 0.6935763888888888 0.0375 0.05381944444444445
3 0.40694444444444444 0.6805555555555556 0.03888888888888889 0.052083333333333336
3 0.35208333333333336 0.9253472222222222 0.03194444444444444 0.05555555555555555
3 0.38472222222222224 0.9001736111111112 0.030555555555555555 0.046875
3 0.5444444444444444 0.8767361111111112 0.03611111111111111 0.04861111111111111
3 0.4513888888888889 0.9713541666666666 0.03333333333333333 0.046875
3 0.8222222222222222 0.7317708333333334 0.044444444444444446 0.057291666666666664
3 0.9138888888888889 0.7526041666666666 0.030555555555555555 0.05381944444444445
3 0.85 0.8159722222222222 0.03888888888888889 0.04861111111111111
3 0.9104166666666667 0.8741319444444444 0.0375 0.05381944444444445
3 0.7493055555555556 0.4765625 0.04027777777777778 0.0642361111111111
3 0.7770833333333333 0.5121527777777778 0.043055555555555555 0.05555555555555555
3 0.7409722222222223 0.5807291666666666 0.04027777777777778 0.050347222222222224
3 0.8847222222222222 0.8888888888888888 0.04722222222222222 0.041666666666666664
3 0.017361111111111112 0.9809027777777778 0.03194444444444444 0.03125
