1 0.07777777777777778 0.015625 0.03611111111111111 0.027777777777777776
1 0.08541666666666667 0.1015625 0.05138888888888889 0.050347222222222224
1 0.05277777777777778 0.1953125 0.03888888888888889 0.05381944444444445
1 0.09583333333333334 0.1831597222222222 0.04722222222222222 0.05381944444444445
1 0.09930555555555555 0.24479166666666666 0.04583333333333333 0.05555555555555555
1 0.07569444444444444 0.5503472222222222 0.04861111111111111 0.06597222222222222
1 0.11041666666666666 0.7491319444444444 0.04583333333333333 0.05381944444444445
1 0.2659722222222222 0.7907986111111112 0.04861111111111111 0.05381944444444445
1 0.09513888888888888 0.9201388888888888 0.04027777777777778 0.05555555555555555
1 0.18958333333333333 0.9201388888888888 0.05138888888888889 0.06597222222222222
1 0.14722222222222223 0.9470486111111112 0.03888888888888889 0.06076388888888889
1 0.24513888888888888 0.1996527777777778 0.04861111111111111 0.05555555555555555
1 0.20902777777777778 0.07378472222222222 0.04583333333333333 0.057291666666666664
1 0.24791666666666667 0.0625 0.04027777777777778 0.059027777777777776
1 0.2986111111111111 0.1111111111111111 0.04722222222222222 0.059027777777777776
1 0.3034722222222222 0.033854166666666664 0.04861111111111111 0.0642361111111111
1 0.5097222222222222 0.027777777777777776 0.03888888888888889 0.052083333333333336
1 0.4791666666666667 0.015625 0.041666666666666664 0.027777777777777776
1 0.48819444444444443 0.19791666666666666 0.04861111111111111 0.06597222222222222
1 0.6368055555555555 0.14930555555555555 0.043055555555555555 0.052083333333333336
1 0.6979166666666666 0.140625 0.04861111111111111 0.0625
1 0.7305555555555555 0.09375 0.04722222222222222 0.059027777777777776
1 0.9819444444444444 0.03993055555555555 0.03611111111111111 0.0625
1 0.5513888888888889 0.3298611111111111 0.044444444444444446 0.059027777777777776
1 0.65 0.3168402777777778 0.04722222222222222 0.057291666666666664
1 0.5409722222222222 0.4340277777777778 0.04027777777777778 0.059027777777777776
1 0.8840277777777777 0.3602430555555556 0.043055555555555555 0.0642361111111111
1 0.8361111111111111 0.4166666666666667 0.04722222222222222 0.0625
1 0.9236111111111112 0.40625 0.03611111111111111 0.05555555555555555
1 0.5659722222222222 0.5598958333333334 0.04583333333333333 0.07465277777777778
1 0.44375 0.6293402777777778 0.05138888888888889 0.0642361111111111
1 0.5076388888888889 0.6050347222222222 0.043055555555555555 0.06076388888888889
1 0.6506944444444445 0.5529513888888888 0.04583333333333333 0.05381944444444445
1 0.7416666666666667 0.5894097222222222 0.04722222222222222 0.0642361111111111
1 0.37916666666666665 0.8142361111111112 0.04722222222222222 0.052083333333333336
1 0.49236111111111114 0.8888888888888888 0.04027777777777778 0.059027777777777776
1 0.3159722222222222 0.9800347222222222 0.04027777777777778 0.03993055555555555
1 0.46458333333333335 0.9756944444444444 0.05138888888888889 0.041666666666666664
1 0.6520833333333333 0.7439236111111112 0.04027777777777778 0.0642361111111111
1 0.6152777777777778 0.8055555555555556 0.05277777777777778 0.0625
1 0.6958333333333333 0.7204861111111112 0.05 0.05555555555555555
1 0.70625 0.8064236111111112 0.04027777777777778 0.057291666666666664
1 0.6895833333333333 0.8576388888888888 0.04583333333333333 0.06597222222222222
1 0.6659722222222222 0.9053819444444444 0.043055555555555555 0.06076388888888889
1 0.8458333333333333 0.8359375 0.04722222222222222 0.0642361111111111
1 0.8652777777777778 0.4739583333333333 0.044444444444444446 0.0625
1 0.9208333333333333 0.4696180555555556 0.05 0.0642361111111111
1 0.9756944444444444 0.4809027777777778 0.04027777777777778 0.052083333333333336
1 0.9715277777777778 0.6953125 0.0375 0.050347222222222224
1 0.9847222222222223 0.5876736111111112 0.030555555555555555 0.06076388888888889
