1 0.059722222222222225 0.0859375 0.04722222222222222 0.06076388888888889
1 0.19652777777777777 0.2048611111111111 0.04583333333333333 0.06944444444444445
1 0.12152777777777778 0.3402777777777778 0.05138888888888889 0.07291666666666667
1 0.18263888888888888 0.3810763888888889 0.05694444444444444 0.06770833333333333
1 0.15069444444444444 0.4253472222222222 0.043055555555555555 0.05555555555555555
1 0.45416666666666666 0.1875 0.044444444444444446 0.059027777777777776
1 0.3298611111111111 0.4548611111111111 0.05138888888888889 0.05555555555555555
1 0.4736111111111111 0.25 0.04722222222222222 0.06597222222222222
1 0.6243055555555556 0.05381944444444445 0.0375 0.0625
1 0.5854166666666667 0.036458333333333336 0.05138888888888889 0.06944444444444445
1 0.7861111111111111 0.08333333333333333 0.05277777777777778 0.06944444444444445
1 0.9159722222222222 0.11197916666666667 0.05416666666666667 0.06076388888888889
1 0.75625 0.18836805555555555 0.04583333333333333 0.06076388888888889
1 0.6263888888888889 0.2760416666666667 0.05555555555555555 0.06597222222222222
1 0.7604166666666666 0.2456597222222222 0.04861111111111111 0.057291666666666664
1 0.6958333333333333 0.3420138888888889 0.05 0.0625
1 0.7048611111111112 0.2847222222222222 0.043055555555555555 0.0625
1 0.9263888888888889 0.2777777777777778 0.05 0.06597222222222222
1 0.9854166666666667 0.2890625 0.029166666666666667 0.06076388888888889
1 0.6194444444444445 0.5164930555555556 0.04722222222222222 0.06770833333333333
1 0.3284722222222222 0.5807291666666666 0.05138888888888889 0.0642361111111111
1 0.3173611111111111 0.6397569444444444 0.04861111111111111 0.06770833333333333
1 0.24861111111111112 0.6779513888888888 0.04722222222222222 0.06770833333333333
1 0.14652777777777778 0.7751736111111112 0.04861111111111111 0.06770833333333333
1 0.09444444444444444 0.7708333333333334 0.05 0.06597222222222222
1 0.07847222222222222 0.8845486111111112 0.05694444444444444 0.0642361111111111
1 0.0875 0.9800347222222222 0.05555555555555555 0.03993055555555555
1 0.5041666666666667 0.8315972222222222 0.05 0.07291666666666667
1 0.6770833333333334 0.7821180555555556 0.04027777777777778 0.0642361111111111
1 0.7180555555555556 0.6467013888888888 0.058333333333333334 0.07118055555555555
1 0.8847222222222222 0.7048611111111112 0.05 0.0798611111111111
1 0.8291666666666667 0.9522569444444444 0.05277777777777778 0.06770833333333333
1 0.9270833333333334 0.9748263888888888 0.0625 0.050347222222222224
1 0.7305555555555555 0.4939236111111111 0.06111111111111111 0.07118055555555555
1 0.8270833333333333 0.4730902777777778 0.04861111111111111 0.06770833333333333
1 0.8701388888888889 0.4644097222222222 0.04583333333333333 0.06770833333333333
1 0.55 0.9782986111111112 0.058333333333333334 0.03993055555555555
1 0.013194444444444444 0.9513888888888888 0.02361111111111111 0.059027777777777776
