1 0.04722222222222222 0.043402777777777776 0.05555555555555555 0.059027777777777776
1 0.15138888888888888 0.051215277777777776 0.04722222222222222 0.0642361111111111
1 0.10138888888888889 0.12152777777777778 0.044444444444444446 0.059027777777777776
1 0.06875 0.2152777777777778 0.04861111111111111 0.05555555555555555
1 0.12708333333333333 0.24131944444444445 0.043055555555555555 0.059027777777777776
1 0.2534722222222222 0.2795138888888889 0.05138888888888889 0.0625
1 0.2951388888888889 0.3263888888888889 0.043055555555555555 0.05555555555555555
1 0.34375 0.06684027777777778 0.05138888888888889 0.06076388888888889
1 0.425 0.1467013888888889 0.05277777777777778 0.0642361111111111
1 0.5 0.019965277777777776 0.05 0.036458333333333336
1 0.47430555555555554 0.2482638888888889 0.04027777777777778 0.052083333333333336
1 0.5791666666666667 0.22569444444444445 0.05277777777777778 0.0625
1 0.6597222222222222 0.07899305555555555 0.04722222222222222 0.06076388888888889
1 0.6854166666666667 0.025173611111111112 0.04583333333333333 0.046875
1 0.03125 0.5251736111111112 0.04027777777777778 0.06076388888888889
1 0.24097222222222223 0.4331597222222222 0.043055555555555555 0.057291666666666664
1 0.23125 0.4852430555555556 0.04861111111111111 0.06076388888888889
1 0.13125 0.5842013888888888 0.04583333333333333 0.06076388888888889
1 0.08888888888888889 0.6961805555555556 0.044444444444444446 0.059027777777777776
1 0.28055555555555556 0.5850694444444444 0.041666666666666664 0.059027777777777776
1 0.29097222222222224 0.6571180555555556 0.04583333333333333 0.057291666666666664
1 0.22291666666666668 0.7942708333333334 0.043055555555555555 0.057291666666666664
1 0.2722222222222222 0.8333333333333334 0.04722222222222222 0.06597222222222222
1 0.41180555555555554 0.4565972222222222 0.04583333333333333 0.05555555555555555
1 0.7604166666666666 0.3819444444444444 0.04583333333333333 0.059027777777777776
1 0.8333333333333334 0.2508680555555556 0.04722222222222222 0.050347222222222224
1 0.8708333333333333 0.2881944444444444 0.05277777777777778 0.06597222222222222
1 0.8840277777777777 0.3428819444444444 0.04861111111111111 0.057291666666666664
1 0.8847222222222222 0.484375 0.03888888888888889 0.052083333333333336
1 0.9847222222222223 0.5520833333333334 0.030555555555555555 0.052083333333333336
1 0.8402777777777778 0.6571180555555556 0.044444444444444446 0.057291666666666664
1 0.6652777777777777 0.6892361111111112 0.041666666666666664 0.04861111111111111
1 0.6305555555555555 0.7248263888888888 0.04722222222222222 0.050347222222222224
1 0.5611111111111111 0.8524305555555556 0.044444444444444446 0.059027777777777776
1 0.5006944444444444 0.8819444444444444 0.043055555555555555 0.05555555555555555
1 0.43194444444444446 0.9670138888888888 0.044444444444444446 0.05555555555555555
1 0.25625 0.9678819444444444 0.04027777777777778 0.057291666666666664
1 0.73125 0.8046875 0.04861111111111111 0.057291666666666664
1 0.6708333333333333 0.890625 0.041666666666666664 0.0625
1 0.9548611111111112 0.8376736111111112 0.04583333333333333 0.05381944444444445
1 0.5923611111111111 0.9791666666666666 0.05138888888888889 0.03125
