1 0.034722222222222224 0.2282986111111111 0.03888888888888889 0.05381944444444445
1 0.19791666666666666 0.09114583333333333 0.04027777777777778 0.057291666666666664
1 0.2375 0.04079861111111111 0.044444444444444446 0.06076388888888889
1 0.12013888888888889 0.4288194444444444 0.04861111111111111 0.0625
1 0.14583333333333334 0.5303819444444444 0.04722222222222222 0.06770833333333333
1 0.034027777777777775 0.6961805555555556 0.043055555555555555 0.059027777777777776
1 0.025 0.8003472222222222 0.04722222222222222 0.0625
1 0.15625 0.6041666666666666 0.04861111111111111 0.0625
1 0.2048611111111111 0.5911458333333334 0.04027777777777778 0.057291666666666664
1 0.2791666666666667 0.2673611111111111 0.044444444444444446 0.052083333333333336
1 0.3888888888888889 0.2048611111111111 0.041666666666666664 0.059027777777777776
1 0.5694444444444444 0.021701388888888888 0.041666666666666664 0.03993055555555555
1 0.6263888888888889 0.21006944444444445 0.05555555555555555 0.06597222222222222
1 0.49375 0.4861111111111111 0.043055555555555555 0.0625
1 0.44305555555555554 0.6501736111111112 0.04722222222222222 0.06076388888888889
1 0.28541666666666665 0.6267361111111112 0.0375 0.05555555555555555
1 0.25069444444444444 0.6996527777777778 0.043055555555555555 0.052083333333333336
1 0.31666666666666665 0.6970486111111112 0.041666666666666664 0.057291666666666664
1 0.31875 0.7630208333333334 0.043055555555555555 0.057291666666666664
1 0.22083333333333333 0.8845486111111112 0.044444444444444446 0.057291666666666664
1 0.13125 0.9609375 0.04861111111111111 0.0642361111111111
1 0.5652777777777778 0.8645833333333334 0.041666666666666664 0.0625
1 0.6027777777777777 0.6614583333333334 0.044444444444444446 0.05555555555555555
1 0.8034722222222223 0.8836805555555556 0.04583333333333333 0.059027777777777776
1 0.9805555555555555 0.7491319444444444 0.03888888888888889 0.06770833333333333
1 0.6166666666666667 0.3776041666666667 0.05277777777777778 0.06770833333333333
1 0.6659722222222222 0.3532986111111111 0.04583333333333333 0.0642361111111111
1 0.7513888888888889 0.3463541666666667 0.05 0.057291666666666664
1 0.6840277777777778 0.4748263888888889 0.043055555555555555 0.06076388888888889
1 0.6576388888888889 0.5269097222222222 0.05138888888888889 0.0642361111111111
1 0.7256944444444444 0.6006944444444444 0.04583333333333333 0.059027777777777776
1 0.8006944444444445 0.5616319444444444 0.043055555555555555 0.0642361111111111
1 0.7666666666666667 0.057291666666666664 0.044444444444444446 0.06944444444444445
1 0.7076388888888889 0.10677083333333333 0.04027777777777778 0.05381944444444445
1 0.6472222222222223 0.06510416666666667 0.041666666666666664 0.06076388888888889
1 0.9861111111111112 0.1753472222222222 0.027777777777777776 0.059027777777777776
1 0.31666666666666665 0.9809027777777778 0.05 0.027777777777777776
1 0.42986111111111114 0.9800347222222222 0.04027777777777778 0.029513888888888888
1 0.008333333333333333 0.3845486111111111 0.013888888888888888 0.057291666666666664
