1 0.017361111111111112 0.15104166666666666 0.03194444444444444 0.059027777777777776
1 0.08888888888888889 0.2717013888888889 0.03888888888888889 0.057291666666666664
1 0.17708333333333334 0.4930555555555556 0.04027777777777778 0.059027777777777776
1 0.1 0.6189236111111112 0.03888888888888889 0.050347222222222224
1 0.17083333333333334 0.6050347222222222 0.041666666666666664 0.050347222222222224
1 0.11666666666666667 0.9010416666666666 0.041666666666666664 0.052083333333333336
1 0.1840277777777778 0.1970486111111111 0.0375 0.057291666666666664
1 0.21736111111111112 0.050347222222222224 0.04583333333333333 0.05555555555555555
1 0.20069444444444445 0.09461805555555555 0.04027777777777778 0.050347222222222224
1 0.1673611111111111 0.2760416666666667 0.05416666666666667 0.0625
1 0.23194444444444445 0.2508680555555556 0.041666666666666664 0.057291666666666664
1 0.33819444444444446 0.2777777777777778 0.04583333333333333 0.0763888888888889
1 0.31875 0.5390625 0.034722222222222224 0.06076388888888889
1 0.30694444444444446 0.6154513888888888 0.03888888888888889 0.05381944444444445
1 0.30833333333333335 0.7821180555555556 0.04722222222222222 0.06076388888888889
1 0.3076388888888889 0.8845486111111112 0.04583333333333333 0.06770833333333333
1 0.2076388888888889 0.9548611111111112 0.04583333333333333 0.05555555555555555
1 0.4375 0.0763888888888889 0.03888888888888889 0.05555555555555555
1 0.6458333333333334 0.07118055555555555 0.044444444444444446 0.059027777777777776
1 0.7479166666666667 0.1154513888888889 0.04027777777777778 0.07118055555555555
1 0.6611111111111111 0.13368055555555555 0.044444444444444446 0.052083333333333336
1 0.9354166666666667 0.13194444444444445 0.043055555555555555 0.0625
1 0.5256944444444445 0.2708333333333333 0.043055555555555555 0.059027777777777776
1 0.5194444444444445 0.4053819444444444 0.041666666666666664 0.05381944444444445
1 0.4875 0.4383680555555556 0.041666666666666664 0.057291666666666664
1 0.6083333333333333 0.5052083333333334 0.03888888888888889 0.0625
1 0.5645833333333333 0.5772569444444444 0.04583333333333333 0.05381944444444445
1 0.6708333333333333 0.46875 0.04722222222222222 0.0625
1 0.7055555555555556 0.4947916666666667 0.044444444444444446 0.06597222222222222
1 0.8340277777777778 0.4288194444444444 0.043055555555555555 0.059027777777777776
1 0.7895833333333333 0.2604166666666667 0.04027777777777778 0.059027777777777776
1 0.8236111111111111 0.2864583333333333 0.041666666666666664 0.05555555555555555
1 0.95625 0.5668402777777778 0.0375 0.057291666666666664
1 0.9868055555555556 0.5329861111111112 0.02638888888888889 0.05555555555555555
1 0.69375 0.734375 0.04027777777777778 0.052083333333333336
1 0.5965277777777778 0.8229166666666666 0.04027777777777778 0.052083333333333336
1 0.46944444444444444 0.8680555555555556 0.03888888888888889 0.05555555555555555
1 0.7270833333333333 0.8532986111111112 0.04583333333333333 0.05381944444444445
1 0.8555555555555555 0.8550347222222222 0.044444444444444446 0.057291666666666664
1 0.9604166666666667 0.9678819444444444 0.0375 0.05381944444444445
1 0.68125 0.7743055555555556 0.04027777777777778 0.052083333333333336
1 0.06041666666666667 0.015625 0.04027777777777778 0.027777777777777776
1 0.022222222222222223 0.013020833333333334 0.03888888888888889 0.022569444444444444
1 0.9138888888888889 0.9765625 0.041666666666666664 0.036458333333333336
1 0.020833333333333332 0.9835069444444444 0.03888888888888889 0.029513888888888888
1 0.009027777777777777 0.4505208333333333 0.015277777777777777 0.050347222222222224
