1 0.06458333333333334 0.3133680555555556 0.04583333333333333 0.06770833333333333
1 0.11527777777777778 0.13802083333333334 0.044444444444444446 0.06770833333333333
1 0.10138888888888889 0.3784722222222222 0.041666666666666664 0.06597222222222222
1 0.22847222222222222 0.03732638888888889 0.04861111111111111 0.0642361111111111
1 0.39652777777777776 0.2890625 0.04583333333333333 0.0642361111111111
1 0.4270833333333333 0.2638888888888889 0.043055555555555555 0.06597222222222222
1 0.4979166666666667 0.1909722222222222 0.043055555555555555 0.059027777777777776
1 0.5770833333333333 0.07118055555555555 0.04583333333333333 0.0625
1 0.5666666666666667 0.17881944444444445 0.05 0.0625
1 0.7229166666666667 0.18489583333333334 0.04583333333333333 0.057291666666666664
1 0.84375 0.03993055555555555 0.04027777777777778 0.05555555555555555
1 0.9722222222222222 0.041666666666666664 0.04722222222222222 0.06597222222222222
1 0.8631944444444445 0.10503472222222222 0.04861111111111111 0.06076388888888889
1 0.9298611111111111 0.2621527777777778 0.04583333333333333 0.0625
1 0.5020833333333333 0.3663194444444444 0.04861111111111111 0.0625
1 0.47430555555555554 0.2951388888888889 0.043055555555555555 0.059027777777777776
1 0.5881944444444445 0.3298611111111111 0.04861111111111111 0.06597222222222222
1 0.6708333333333333 0.4001736111111111 0.041666666666666664 0.057291666666666664
1 0.6111111111111112 0.4418402777777778 0.041666666666666664 0.057291666666666664
1 0.7784722222222222 0.5225694444444444 0.05138888888888889 0.059027777777777776
1 0.13125 0.5321180555555556 0.04027777777777778 0.057291666666666664
1 0.09652777777777778 0.5989583333333334 0.04583333333333333 0.0625
1 0.1875 0.5555555555555556 0.044444444444444446 0.0625
1 0.24722222222222223 0.6467013888888888 0.044444444444444446 0.0642361111111111
1 0.36944444444444446 0.5338541666666666 0.044444444444444446 0.057291666666666664
1 0.39375 0.6102430555555556 0.04861111111111111 0.057291666666666664
1 0.6770833333333334 0.5711805555555556 0.05138888888888889 0.0625
1 0.9194444444444444 0.578125 0.05 0.06597222222222222
1 0.013888888888888888 0.8619791666666666 0.025 0.06076388888888889
1 0.21388888888888888 0.8645833333333334 0.05 0.06597222222222222
1 0.6256944444444444 0.9123263888888888 0.04861111111111111 0.0642361111111111
1 0.7854166666666667 0.8246527777777778 0.04583333333333333 0.059027777777777776
1 0.9472222222222222 0.7760416666666666 0.05 0.06597222222222222
1 0.8916666666666667 0.8897569444444444 0.041666666666666664 0.06076388888888889
1 0.06666666666666667 0.9817708333333334 0.044444444444444446 0.036458333333333336
1 0.40625 0.9782986111111112 0.04861111111111111 0.03993055555555555
1 0.8034722222222223 0.018229166666666668 0.05138888888888889 0.03298611111111111
