3 0.20555555555555555 0.05555555555555555 0.041666666666666664 0.04861111111111111
3 0.28958333333333336 0.059027777777777776 0.034722222222222224 0.04861111111111111
3 0.4111111111111111 0.017361111111111112 0.03333333333333333 0.03125
3 0.5138888888888888 0.0842013888888889 0.03333333333333333 0.050347222222222224
3 0.6388888888888888 0.06163194444444445 0.03888888888888889 0.05381944444444445
3 0.7722222222222223 0.034722222222222224 0.03611111111111111 0.052083333333333336
3 0.4013888888888889 0.1579861111111111 0.03888888888888889 0.05555555555555555
3 0.4201388888888889 0.3506944444444444 0.04027777777777778 0.052083333333333336
3 0.4875 0.3263888888888889 0.03333333333333333 0.059027777777777776
3 0.5118055555555555 0.2786458333333333 0.0375 0.05381944444444445
3 0.5916666666666667 0.2222222222222222 0.041666666666666664 0.05555555555555555
3 0.7368055555555556 0.2873263888888889 0.03194444444444444 0.05381944444444445
3 0.9270833333333334 0.15104166666666666 0.034722222222222224 0.052083333333333336
3 0.21666666666666667 0.4513888888888889 0.03611111111111111 0.052083333333333336
3 0.16180555555555556 0.6137152777777778 0.043055555555555555 0.057291666666666664
3 0.03125 0.7074652777777778 0.043055555555555555 0.05381944444444445
3 0.48819444444444443 0.6927083333333334 0.04027777777777778 0.052083333333333336
3 0.5076388888888889 0.4322916666666667 0.0375 0.052083333333333336
3 0.7159722222222222 0.4774305555555556 0.04027777777777778 0.052083333333333336
3 0.8145833333333333 0.3532986111111111 0.04027777777777778 0.050347222222222224
3 0.8201388888888889 0.4019097222222222 0.034722222222222224 0.05381944444444445
3 0.8444444444444444 0.4817708333333333 0.03611111111111111 0.050347222222222224
3 0.9284722222222223 0.515625 0.043055555555555555 0.0625
3 0.79375 0.5859375 0.04027777777777778 0.057291666666666664
3 0.5701388888888889 0.6883680555555556 0.04027777777777778 0.050347222222222224
3 0.7659722222222223 0.6875 0.034722222222222224 0.059027777777777776
3 0.3854166666666667 0.8107638888888888 0.0375 0.05555555555555555
3 0.4548611111111111 0.8029513888888888 0.04027777777777778 0.05381944444444445
3 0.575 0.8402777777777778 0.041666666666666664 0.05555555555555555
3 0.7277777777777777 0.859375 0.03888888888888889 0.052083333333333336
3 0.5548611111111111 0.9019097222222222 0.04027777777777778 0.05381944444444445
3 0.6868055555555556 0.9053819444444444 0.04027777777777778 0.057291666666666664
3 0.18472222222222223 0.8845486111111112 0.03333333333333333 0.05381944444444445
3 0.16111111111111112 0.9583333333333334 0.04722222222222222 0.04861111111111111
3 0.6027777777777777 0.12065972222222222 0.03611111111111111 0.046875
3 0.6916666666666667 0.9800347222222222 0.041666666666666664 0.03993055555555555
