1 0.019444444444444445 0.2126736111111111 0.03611111111111111 0.06770833333333333
1 0.0763888888888889 0.16319444444444445 0.04722222222222222 0.06944444444444445
1 0.08958333333333333 0.3315972222222222 0.043055555555555555 0.0625
1 0.14166666666666666 0.4019097222222222 0.04722222222222222 0.06770833333333333
1 0.06527777777777778 0.5642361111111112 0.05277777777777778 0.06597222222222222
1 0.05277777777777778 0.7864583333333334 0.05555555555555555 0.0763888888888889
1 0.013888888888888888 0.8715277777777778 0.025 0.0625
1 0.25 0.4574652777777778 0.05555555555555555 0.07118055555555555
1 0.29930555555555555 0.3472222222222222 0.05138888888888889 0.06597222222222222
1 0.3111111111111111 0.2612847222222222 0.05 0.06770833333333333
1 0.4354166666666667 0.1892361111111111 0.05416666666666667 0.07291666666666667
1 0.4847222222222222 0.1831597222222222 0.05 0.07465277777777778
1 0.5395833333333333 0.1267361111111111 0.04583333333333333 0.06597222222222222
1 0.6548611111111111 0.17447916666666666 0.05416666666666667 0.06770833333333333
1 0.7048611111111112 0.21354166666666666 0.05138888888888889 0.06597222222222222
1 0.7944444444444444 0.03732638888888889 0.05 0.06770833333333333
1 0.8965277777777778 0.12586805555555555 0.04861111111111111 0.0642361111111111
1 0.8472222222222222 0.2144097222222222 0.041666666666666664 0.06076388888888889
1 0.9513888888888888 0.1753472222222222 0.04722222222222222 0.0625
1 0.8965277777777778 0.1814236111111111 0.043055555555555555 0.06076388888888889
1 0.37916666666666665 0.3619791666666667 0.05 0.06076388888888889
1 0.3854166666666667 0.4131944444444444 0.04583333333333333 0.0625
1 0.42986111111111114 0.4331597222222222 0.04861111111111111 0.07118055555555555
1 0.6402777777777777 0.4036458333333333 0.05277777777777778 0.0642361111111111
1 0.5270833333333333 0.4453125 0.04583333333333333 0.05381944444444445
1 0.40625 0.5199652777777778 0.04861111111111111 0.05381944444444445
1 0.4722222222222222 0.5026041666666666 0.05 0.06770833333333333
1 0.4361111111111111 0.4861111111111111 0.03611111111111111 0.05555555555555555
1 0.30972222222222223 0.6223958333333334 0.05 0.07118055555555555
1 0.17291666666666666 0.7743055555555556 0.04861111111111111 0.06597222222222222
1 0.3013888888888889 0.7630208333333334 0.05 0.06770833333333333
1 0.16041666666666668 0.8567708333333334 0.04861111111111111 0.07118055555555555
1 0.19722222222222222 0.8741319444444444 0.041666666666666664 0.06076388888888889
1 0.35138888888888886 0.9756944444444444 0.04722222222222222 0.041666666666666664
1 0.42916666666666664 0.9053819444444444 0.06666666666666667 0.08159722222222222
1 0.5034722222222222 0.8567708333333334 0.05694444444444444 0.06770833333333333
1 0.5645833333333333 0.6510416666666666 0.04861111111111111 0.06944444444444445
1 0.6284722222222222 0.6519097222222222 0.04583333333333333 0.0642361111111111
1 0.9041666666666667 0.6605902777777778 0.044444444444444446 0.07118055555555555
1 0.6784722222222223 0.7682291666666666 0.05416666666666667 0.0642361111111111
1 0.5847222222222223 0.8324652777777778 0.04722222222222222 0.0642361111111111
1 0.5618055555555556 0.8802083333333334 0.05416666666666667 0.06944444444444445
1 0.6722222222222223 0.9618055555555556 0.05 0.06597222222222222
1 0.9694444444444444 0.3159722222222222 0.05 0.0625
7 0.7458333333333333 0.8524305555555556 0.06666666666666667 0.06597222222222222
7 0.8777777777777778 0.9618055555555556 0.06388888888888888 0.0763888888888889
1 0.6881944444444444 0.014756944444444444 0.04861111111111111 0.026041666666666668
