1 0.03125 0.5746527777777778 0.043055555555555555 0.05555555555555555
1 0.013194444444444444 0.8654513888888888 0.02361111111111111 0.050347222222222224
1 0.11180555555555556 0.8480902777777778 0.04583333333333333 0.06076388888888889
1 0.10069444444444445 0.9835069444444444 0.04027777777777778 0.03298611111111111
1 0.22708333333333333 0.71875 0.04861111111111111 0.059027777777777776
1 0.2375 0.4696180555555556 0.05 0.06770833333333333
1 0.05694444444444444 0.3142361111111111 0.03888888888888889 0.05555555555555555
1 0.022222222222222223 0.2795138888888889 0.041666666666666664 0.0625
1 0.08125 0.2612847222222222 0.05138888888888889 0.06076388888888889
1 0.15 0.17100694444444445 0.041666666666666664 0.06770833333333333
1 0.15625 0.025173611111111112 0.05138888888888889 0.046875
1 0.20416666666666666 0.2387152777777778 0.05277777777777778 0.057291666666666664
1 0.1451388888888889 0.3741319444444444 0.04861111111111111 0.06076388888888889
1 0.22152777777777777 0.3315972222222222 0.04861111111111111 0.05555555555555555
1 0.2826388888888889 0.3394097222222222 0.04861111111111111 0.0642361111111111
1 0.3034722222222222 0.13194444444444445 0.043055555555555555 0.0625
1 0.34652777777777777 0.13541666666666666 0.04027777777777778 0.06597222222222222
1 0.5520833333333334 0.07291666666666667 0.04583333333333333 0.059027777777777776
1 0.5277777777777778 0.2126736111111111 0.05 0.06770833333333333
1 0.6923611111111111 0.18663194444444445 0.04583333333333333 0.057291666666666664
1 0.44027777777777777 0.2916666666666667 0.044444444444444446 0.0625
1 0.35694444444444445 0.4765625 0.04722222222222222 0.0642361111111111
1 0.48680555555555555 0.5347222222222222 0.04861111111111111 0.0625
1 0.6986111111111111 0.4375 0.044444444444444446 0.059027777777777776
1 0.9451388888888889 0.4036458333333333 0.04583333333333333 0.050347222222222224
1 0.3763888888888889 0.6597222222222222 0.041666666666666664 0.0625
1 0.4152777777777778 0.7109375 0.041666666666666664 0.057291666666666664
1 0.5902777777777778 0.6215277777777778 0.04722222222222222 0.06597222222222222
1 0.6284722222222222 0.6475694444444444 0.04861111111111111 0.0625
1 0.5465277777777777 0.6909722222222222 0.04583333333333333 0.059027777777777776
1 0.59375 0.7925347222222222 0.05138888888888889 0.0642361111111111
1 0.6861111111111111 0.8628472222222222 0.04722222222222222 0.059027777777777776
1 0.6486111111111111 0.8932291666666666 0.04722222222222222 0.0642361111111111
1 0.5895833333333333 0.9192708333333334 0.04027777777777778 0.043402777777777776
1 0.5861111111111111 0.9809027777777778 0.04722222222222222 0.03125
1 0.8083333333333333 0.6909722222222222 0.03611111111111111 0.059027777777777776
1 0.7673611111111112 0.7803819444444444 0.05138888888888889 0.06770833333333333
1 0.7395833333333334 0.9166666666666666 0.05416666666666667 0.06597222222222222
1 0.8743055555555556 0.8967013888888888 0.04583333333333333 0.06770833333333333
1 0.7916666666666666 0.9618055555555556 0.041666666666666664 0.05555555555555555
1 0.8979166666666667 0.953125 0.05416666666666667 0.059027777777777776
1 0.4152777777777778 0.3550347222222222 0.04722222222222222 0.057291666666666664
1 0.4486111111111111 0.3802083333333333 0.041666666666666664 0.05555555555555555
7 0.011111111111111112 0.4114583333333333 0.019444444444444445 0.052083333333333336
