1 0.030555555555555555 0.3411458333333333 0.044444444444444446 0.06076388888888889
1 0.21388888888888888 0.3133680555555556 0.044444444444444446 0.05381944444444445
1 0.24027777777777778 0.3741319444444444 0.044444444444444446 0.057291666666666664
1 0.3215277777777778 0.2777777777777778 0.043055555555555555 0.059027777777777776
1 0.2916666666666667 0.12760416666666666 0.044444444444444446 0.06076388888888889
1 0.15416666666666667 0.03298611111111111 0.041666666666666664 0.05555555555555555
1 0.1951388888888889 0.07465277777777778 0.043055555555555555 0.05555555555555555
1 0.39791666666666664 0.029513888888888888 0.04583333333333333 0.05555555555555555
1 0.5076388888888889 0.10243055555555555 0.04027777777777778 0.052083333333333336
1 0.5888888888888889 0.09114583333333333 0.044444444444444446 0.06076388888888889
1 0.6368055555555555 0.06684027777777778 0.043055555555555555 0.06076388888888889
1 0.8416666666666667 0.07725694444444445 0.05277777777777778 0.06076388888888889
1 0.8520833333333333 0.026041666666666668 0.043055555555555555 0.04861111111111111
1 0.5861111111111111 0.3098958333333333 0.04722222222222222 0.06076388888888889
1 0.45902777777777776 0.2612847222222222 0.043055555555555555 0.05381944444444445
1 0.4888888888888889 0.24305555555555555 0.03888888888888889 0.052083333333333336
1 0.6493055555555556 0.3064236111111111 0.04861111111111111 0.057291666666666664
1 0.7229166666666667 0.3576388888888889 0.04583333333333333 0.0625
1 0.91875 0.24131944444444445 0.04583333333333333 0.059027777777777776
1 0.975 0.2456597222222222 0.041666666666666664 0.06076388888888889
1 0.4083333333333333 0.5026041666666666 0.05 0.0642361111111111
1 0.5319444444444444 0.4279513888888889 0.044444444444444446 0.057291666666666664
1 0.05555555555555555 0.640625 0.041666666666666664 0.05555555555555555
1 0.25069444444444444 0.6258680555555556 0.043055555555555555 0.06076388888888889
1 0.027083333333333334 0.7326388888888888 0.04583333333333333 0.04861111111111111
1 0.03611111111111111 0.7881944444444444 0.041666666666666664 0.059027777777777776
1 0.1909722222222222 0.7378472222222222 0.04583333333333333 0.059027777777777776
1 0.4215277777777778 0.6675347222222222 0.04583333333333333 0.057291666666666664
1 0.6270833333333333 0.5920138888888888 0.04583333333333333 0.059027777777777776
1 0.2986111111111111 0.8342013888888888 0.044444444444444446 0.057291666666666664
1 0.3416666666666667 0.7395833333333334 0.044444444444444446 0.06597222222222222
1 0.3951388888888889 0.7456597222222222 0.04583333333333333 0.06076388888888889
1 0.35 0.7925347222222222 0.04722222222222222 0.050347222222222224
1 0.5138888888888888 0.7413194444444444 0.044444444444444446 0.05555555555555555
1 0.7111111111111111 0.7456597222222222 0.041666666666666664 0.06076388888888889
1 0.5861111111111111 0.7916666666666666 0.044444444444444446 0.052083333333333336
1 0.7847222222222222 0.7690972222222222 0.04722222222222222 0.06597222222222222
1 0.6222222222222222 0.8975694444444444 0.041666666666666664 0.059027777777777776
1 0.7541666666666667 0.8498263888888888 0.05277777777777778 0.0642361111111111
1 0.3798611111111111 0.9505208333333334 0.04583333333333333 0.057291666666666664
1 0.03958333333333333 0.9314236111111112 0.05416666666666667 0.0642361111111111
1 0.5625 0.9574652777777778 0.04722222222222222 0.05381944444444445
1 0.9145833333333333 0.3168402777777778 0.04583333333333333 0.057291666666666664
1 0.17291666666666666 0.9826388888888888 0.04583333333333333 0.027777777777777776
1 0.013888888888888888 0.9791666666666666 0.025 0.041666666666666664
