1 0.052083333333333336 0.2612847222222222 0.043055555555555555 0.05381944444444445
1 0.08263888888888889 0.04513888888888889 0.05138888888888889 0.06597222222222222
1 0.14305555555555555 0.0234375 0.044444444444444446 0.043402777777777776
1 0.20208333333333334 0.08940972222222222 0.043055555555555555 0.06076388888888889
1 0.25833333333333336 0.14583333333333334 0.044444444444444446 0.059027777777777776
1 0.37569444444444444 0.04600694444444445 0.043055555555555555 0.050347222222222224
1 0.5222222222222223 0.1189236111111111 0.044444444444444446 0.07118055555555555
1 0.31527777777777777 0.3090277777777778 0.04722222222222222 0.06597222222222222
1 0.16458333333333333 0.4227430555555556 0.04583333333333333 0.0642361111111111
1 0.24305555555555555 0.3845486111111111 0.044444444444444446 0.06076388888888889
1 0.3472222222222222 0.4635416666666667 0.03888888888888889 0.052083333333333336
1 0.15 0.6371527777777778 0.05277777777777778 0.06597222222222222
1 0.030555555555555555 0.8012152777777778 0.041666666666666664 0.057291666666666664
1 0.16111111111111112 0.7100694444444444 0.044444444444444446 0.059027777777777776
1 0.1951388888888889 0.7074652777777778 0.04027777777777778 0.057291666666666664
1 0.5465277777777777 0.2734375 0.043055555555555555 0.05381944444444445
1 0.5625 0.4487847222222222 0.03888888888888889 0.05381944444444445
1 0.5486111111111112 0.4982638888888889 0.05 0.059027777777777776
1 0.7125 0.2309027777777778 0.05 0.06597222222222222
1 0.48819444444444443 0.6753472222222222 0.05694444444444444 0.059027777777777776
1 0.3298611111111111 0.7829861111111112 0.04583333333333333 0.059027777777777776
1 0.4173611111111111 0.8515625 0.04861111111111111 0.06076388888888889
1 0.3861111111111111 0.9123263888888888 0.05 0.0642361111111111
1 0.6194444444444445 0.6762152777777778 0.041666666666666664 0.0642361111111111
1 0.6715277777777777 0.7291666666666666 0.04861111111111111 0.0625
1 0.6986111111111111 0.9322916666666666 0.04722222222222222 0.06597222222222222
1 0.8444444444444444 0.6953125 0.044444444444444446 0.057291666666666664
1 0.9777777777777777 0.796875 0.041666666666666664 0.05555555555555555
1 0.8861111111111111 0.5815972222222222 0.044444444444444446 0.0625
1 0.7854166666666667 0.5251736111111112 0.04583333333333333 0.05381944444444445
1 0.8222222222222222 0.21788194444444445 0.044444444444444446 0.05381944444444445
1 0.8048611111111111 0.043402777777777776 0.05138888888888889 0.0625
1 0.9090277777777778 0.04600694444444445 0.04861111111111111 0.06076388888888889
1 0.88125 0.24131944444444445 0.043055555555555555 0.05555555555555555
1 0.9840277777777777 0.4314236111111111 0.03194444444444444 0.06076388888888889
1 0.98125 0.4878472222222222 0.0375 0.06597222222222222
1 0.8597222222222223 0.11979166666666667 0.04722222222222222 0.059027777777777776
1 0.9909722222222223 0.2821180555555556 0.018055555555555554 0.05381944444444445
