1 0.017361111111111112 0.3246527777777778 0.03194444444444444 0.05555555555555555
1 0.05555555555555555 0.4270833333333333 0.041666666666666664 0.05555555555555555
1 0.2326388888888889 0.4192708333333333 0.043055555555555555 0.057291666666666664
1 0.12083333333333333 0.6467013888888888 0.044444444444444446 0.050347222222222224
1 0.016666666666666666 0.7170138888888888 0.030555555555555555 0.05555555555555555
1 0.16805555555555557 0.6623263888888888 0.04722222222222222 0.06770833333333333
1 0.25277777777777777 0.5642361111111112 0.044444444444444446 0.06597222222222222
1 0.2826388888888889 0.5980902777777778 0.043055555555555555 0.057291666666666664
1 0.36944444444444446 0.3012152777777778 0.044444444444444446 0.05381944444444445
1 0.3993055555555556 0.3671875 0.04583333333333333 0.0642361111111111
1 0.3138888888888889 0.09375 0.03888888888888889 0.05555555555555555
1 0.5048611111111111 0.4991319444444444 0.04583333333333333 0.0642361111111111
1 0.44027777777777777 0.5581597222222222 0.044444444444444446 0.057291666666666664
1 0.3111111111111111 0.6675347222222222 0.041666666666666664 0.06076388888888889
1 0.5520833333333334 0.6336805555555556 0.04583333333333333 0.05555555555555555
1 0.5881944444444445 0.5729166666666666 0.04583333333333333 0.0625
1 0.4618055555555556 0.8472222222222222 0.043055555555555555 0.059027777777777776
1 0.6430555555555556 0.6154513888888888 0.04722222222222222 0.057291666666666664
1 0.71875 0.5581597222222222 0.04583333333333333 0.06076388888888889
1 0.7291666666666666 0.4722222222222222 0.04722222222222222 0.059027777777777776
1 0.6840277777777778 0.3428819444444444 0.043055555555555555 0.05381944444444445
1 0.5597222222222222 0.17100694444444445 0.041666666666666664 0.050347222222222224
1 0.5881944444444445 0.14583333333333334 0.04027777777777778 0.05555555555555555
1 0.5791666666666667 0.014756944444444444 0.044444444444444446 0.026041666666666668
1 0.3854166666666667 0.0763888888888889 0.04861111111111111 0.05555555555555555
1 0.7263888888888889 0.3038194444444444 0.044444444444444446 0.059027777777777776
1 0.7958333333333333 0.2838541666666667 0.044444444444444446 0.05381944444444445
1 0.7555555555555555 0.109375 0.044444444444444446 0.052083333333333336
1 0.7854166666666667 0.1388888888888889 0.04583333333333333 0.059027777777777776
1 0.8305555555555556 0.041666666666666664 0.03611111111111111 0.052083333333333336
1 0.9229166666666667 0.08940972222222222 0.04583333333333333 0.05381944444444445
1 0.9819444444444444 0.1154513888888889 0.03611111111111111 0.06770833333333333
1 0.8361111111111111 0.2013888888888889 0.044444444444444446 0.05555555555555555
1 0.8736111111111111 0.19791666666666666 0.03611111111111111 0.05555555555555555
1 0.7326388888888888 0.7239583333333334 0.04583333333333333 0.059027777777777776
1 0.7180555555555556 0.78125 0.04722222222222222 0.0625
1 0.8534722222222222 0.6979166666666666 0.043055555555555555 0.052083333333333336
1 0.9381944444444444 0.6032986111111112 0.04861111111111111 0.06076388888888889
1 0.9270833333333334 0.7118055555555556 0.04027777777777778 0.05555555555555555
1 0.8152777777777778 0.8246527777777778 0.041666666666666664 0.059027777777777776
1 0.9833333333333333 0.6571180555555556 0.03333333333333333 0.06076388888888889
1 0.7840277777777778 0.019097222222222224 0.043055555555555555 0.034722222222222224
1 0.1326388888888889 0.012152777777777778 0.04027777777777778 0.020833333333333332
