1 0.07013888888888889 0.04861111111111111 0.05416666666666667 0.06597222222222222
1 0.0763888888888889 0.12760416666666666 0.044444444444444446 0.057291666666666664
1 0.12569444444444444 0.2595486111111111 0.04583333333333333 0.06076388888888889
1 0.21458333333333332 0.2387152777777778 0.04583333333333333 0.057291666666666664
1 0.125 0.4027777777777778 0.05277777777777778 0.06597222222222222
1 0.0125 0.7986111111111112 0.022222222222222223 0.0625
1 0.15347222222222223 0.7048611111111112 0.05138888888888889 0.059027777777777776
1 0.04375 0.9114583333333334 0.04861111111111111 0.059027777777777776
1 0.21805555555555556 0.453125 0.04722222222222222 0.0625
1 0.2326388888888889 0.3836805555555556 0.043055555555555555 0.052083333333333336
1 0.38472222222222224 0.3888888888888889 0.03888888888888889 0.04861111111111111
1 0.3055555555555556 0.5720486111111112 0.041666666666666664 0.05381944444444445
1 0.44305555555555554 0.5043402777777778 0.044444444444444446 0.06076388888888889
1 0.4395833333333333 0.2821180555555556 0.0375 0.05381944444444445
1 0.4888888888888889 0.10069444444444445 0.044444444444444446 0.059027777777777776
1 0.5770833333333333 0.18836805555555555 0.043055555555555555 0.057291666666666664
1 0.7305555555555555 0.1032986111111111 0.04722222222222222 0.06076388888888889
1 0.5256944444444445 0.3411458333333333 0.04027777777777778 0.06076388888888889
1 0.625 0.3324652777777778 0.041666666666666664 0.057291666666666664
1 0.6680555555555555 0.3402777777777778 0.044444444444444446 0.059027777777777776
1 0.7986111111111112 0.1892361111111111 0.044444444444444446 0.04861111111111111
1 0.8944444444444445 0.2074652777777778 0.03888888888888889 0.05381944444444445
1 0.9854166666666667 0.1684027777777778 0.029166666666666667 0.07291666666666667
1 0.7888888888888889 0.4348958333333333 0.04722222222222222 0.0642361111111111
1 0.6840277777777778 0.4470486111111111 0.04583333333333333 0.057291666666666664
1 0.6638888888888889 0.5815972222222222 0.03888888888888889 0.0625
1 0.6958333333333333 0.5434027777777778 0.044444444444444446 0.05555555555555555
1 0.5138888888888888 0.6536458333333334 0.04722222222222222 0.057291666666666664
1 0.5631944444444444 0.7682291666666666 0.04027777777777778 0.057291666666666664
1 0.6138888888888889 0.7057291666666666 0.05 0.05381944444444445
1 0.8333333333333334 0.7413194444444444 0.044444444444444446 0.05555555555555555
1 0.6152777777777778 0.8793402777777778 0.03888888888888889 0.05381944444444445
1 0.6576388888888889 0.9739583333333334 0.04583333333333333 0.041666666666666664
1 0.8208333333333333 0.8567708333333334 0.04722222222222222 0.057291666666666664
1 0.8909722222222223 0.9184027777777778 0.04027777777777778 0.05555555555555555
1 0.9854166666666667 0.6354166666666666 0.029166666666666667 0.06944444444444445
1 0.9493055555555555 0.5616319444444444 0.04861111111111111 0.050347222222222224
1 0.9201388888888888 0.4166666666666667 0.04861111111111111 0.052083333333333336
1 0.9840277777777777 0.7057291666666666 0.03194444444444444 0.05381944444444445
1 0.7840277777777778 0.5303819444444444 0.043055555555555555 0.057291666666666664
1 0.7694444444444445 0.9852430555555556 0.03888888888888889 0.019097222222222224
7 0.9680555555555556 0.010416666666666666 0.03888888888888889 0.017361111111111112
