1 0.09375 0.1527777777777778 0.04027777777777778 0.05555555555555555
1 0.18611111111111112 0.359375 0.041666666666666664 0.04861111111111111
1 0.1125 0.5442708333333334 0.041666666666666664 0.057291666666666664
1 0.225 0.5972222222222222 0.041666666666666664 0.05555555555555555
1 0.25625 0.6848958333333334 0.05138888888888889 0.057291666666666664
1 0.2777777777777778 0.2786458333333333 0.041666666666666664 0.05381944444444445
1 0.34305555555555556 0.3211805555555556 0.03888888888888889 0.052083333333333336
1 0.37916666666666665 0.058159722222222224 0.03888888888888889 0.05381944444444445
1 0.41041666666666665 0.042534722222222224 0.043055555555555555 0.06076388888888889
1 0.4111111111111111 0.0954861111111111 0.03888888888888889 0.052083333333333336
1 0.4930555555555556 0.015625 0.041666666666666664 0.027777777777777776
1 0.5402777777777777 0.06076388888888889 0.041666666666666664 0.05555555555555555
1 0.5041666666666667 0.2144097222222222 0.03611111111111111 0.050347222222222224
1 0.4909722222222222 0.2664930555555556 0.04861111111111111 0.057291666666666664
1 0.46458333333333335 0.3524305555555556 0.04861111111111111 0.06597222222222222
1 0.5173611111111112 0.3359375 0.04027777777777778 0.05381944444444445
1 0.4847222222222222 0.5190972222222222 0.05 0.06597222222222222
1 0.5430555555555555 0.6059027777777778 0.044444444444444446 0.04861111111111111
1 0.7034722222222223 0.5798611111111112 0.04861111111111111 0.06597222222222222
1 0.5090277777777777 0.7317708333333334 0.04027777777777778 0.050347222222222224
1 0.61875 0.7456597222222222 0.0375 0.05381944444444445
1 0.26875 0.8550347222222222 0.04027777777777778 0.050347222222222224
1 0.3138888888888889 0.8602430555555556 0.03611111111111111 0.057291666666666664
1 0.34791666666666665 0.8654513888888888 0.034722222222222224 0.050347222222222224
1 0.7111111111111111 0.8029513888888888 0.03888888888888889 0.05381944444444445
1 0.6944444444444444 0.8472222222222222 0.03888888888888889 0.05555555555555555
1 0.8131944444444444 0.2482638888888889 0.043055555555555555 0.052083333333333336
1 0.8673611111111111 0.026041666666666668 0.04583333333333333 0.04861111111111111
1 0.8729166666666667 0.0685763888888889 0.04027777777777778 0.050347222222222224
1 0.94375 0.09809027777777778 0.043055555555555555 0.05381944444444445
1 0.8902777777777777 0.2282986111111111 0.03888888888888889 0.05381944444444445
1 0.9638888888888889 0.3038194444444444 0.041666666666666664 0.052083333333333336
1 0.8527777777777777 0.5277777777777778 0.03611111111111111 0.052083333333333336
1 0.8888888888888888 0.5364583333333334 0.03888888888888889 0.05555555555555555
1 0.8909722222222223 0.6102430555555556 0.0375 0.05381944444444445
1 0.9430555555555555 0.6527777777777778 0.041666666666666664 0.059027777777777776
1 0.9222222222222223 0.7109375 0.041666666666666664 0.05381944444444445
1 0.9465277777777777 0.8394097222222222 0.04583333333333333 0.057291666666666664
1 0.8680555555555556 0.8949652777777778 0.04722222222222222 0.057291666666666664
1 0.9326388888888889 0.8923611111111112 0.04583333333333333 0.05555555555555555
1 0.36041666666666666 0.921875 0.04027777777777778 0.04513888888888889
1 0.4048611111111111 0.9592013888888888 0.043055555555555555 0.05381944444444445
1 0.9298611111111111 0.9782986111111112 0.043055555555555555 0.03298611111111111
7 0.014583333333333334 0.08506944444444445 0.02638888888888889 0.04513888888888889
