1 0.10208333333333333 0.1484375 0.04583333333333333 0.05381944444444445
1 0.1625 0.11631944444444445 0.044444444444444446 0.059027777777777776
1 0.16458333333333333 0.2777777777777778 0.05416666666666667 0.059027777777777776
1 0.3861111111111111 0.23350694444444445 0.044444444444444446 0.057291666666666664
1 0.3277777777777778 0.03732638888888889 0.044444444444444446 0.046875
1 0.47291666666666665 0.1527777777777778 0.04861111111111111 0.05555555555555555
1 0.5236111111111111 0.1987847222222222 0.044444444444444446 0.057291666666666664
1 0.725 0.06770833333333333 0.03888888888888889 0.04861111111111111
1 0.8048611111111111 0.1015625 0.04583333333333333 0.06076388888888889
1 0.7229166666666667 0.22743055555555555 0.043055555555555555 0.059027777777777776
1 0.90625 0.2248263888888889 0.04583333333333333 0.06076388888888889
1 0.9861111111111112 0.17881944444444445 0.027777777777777776 0.052083333333333336
1 0.37569444444444444 0.4991319444444444 0.04583333333333333 0.057291666666666664
1 0.21041666666666667 0.6475694444444444 0.05138888888888889 0.06944444444444445
1 0.09027777777777778 0.6961805555555556 0.041666666666666664 0.059027777777777776
1 0.015277777777777777 0.7473958333333334 0.027777777777777776 0.05381944444444445
1 0.17152777777777778 0.8185763888888888 0.043055555555555555 0.05381944444444445
1 0.11666666666666667 0.8984375 0.041666666666666664 0.05381944444444445
1 0.2659722222222222 0.8203125 0.04583333333333333 0.06076388888888889
1 0.4527777777777778 0.6501736111111112 0.044444444444444446 0.05381944444444445
1 0.47430555555555554 0.5807291666666666 0.043055555555555555 0.057291666666666664
1 0.5652777777777778 0.6692708333333334 0.04722222222222222 0.06770833333333333
1 0.38263888888888886 0.8888888888888888 0.043055555555555555 0.059027777777777776
1 0.41180555555555554 0.9357638888888888 0.043055555555555555 0.059027777777777776
1 0.5479166666666667 0.9644097222222222 0.04027777777777778 0.057291666666666664
1 0.5756944444444444 0.3958333333333333 0.043055555555555555 0.06597222222222222
1 0.8854166666666666 0.3237847222222222 0.04027777777777778 0.057291666666666664
1 0.6736111111111112 0.4670138888888889 0.03888888888888889 0.06597222222222222
1 0.7125 0.4479166666666667 0.041666666666666664 0.059027777777777776
1 0.7055555555555556 0.5225694444444444 0.03888888888888889 0.05555555555555555
1 0.7493055555555556 0.7352430555555556 0.04583333333333333 0.06076388888888889
1 0.8048611111111111 0.6987847222222222 0.04027777777777778 0.06076388888888889
1 0.7534722222222222 0.7977430555555556 0.043055555555555555 0.057291666666666664
1 0.8659722222222223 0.8854166666666666 0.05138888888888889 0.06597222222222222
1 0.975 0.7352430555555556 0.05 0.07118055555555555
1 0.9326388888888889 0.9609375 0.04027777777777778 0.057291666666666664
7 0.008333333333333333 0.7986111111111112 0.013888888888888888 0.052083333333333336
7 0.4618055555555556 0.008680555555555556 0.0375 0.013888888888888888
7 0.7972222222222223 0.010416666666666666 0.03888888888888889 0.017361111111111112
