1 0.05138888888888889 0.017361111111111112 0.03888888888888889 0.03125
1 0.049305555555555554 0.12586805555555555 0.04027777777777778 0.057291666666666664
1 0.059722222222222225 0.3125 0.044444444444444446 0.04861111111111111
1 0.05694444444444444 0.5208333333333334 0.044444444444444446 0.059027777777777776
1 0.050694444444444445 0.6623263888888888 0.04027777777777778 0.057291666666666664
1 0.15833333333333333 0.3446180555555556 0.044444444444444446 0.05381944444444445
1 0.4361111111111111 0.021701388888888888 0.041666666666666664 0.03993055555555555
1 0.5333333333333333 0.028645833333333332 0.041666666666666664 0.05381944444444445
1 0.6597222222222222 0.04600694444444445 0.04722222222222222 0.057291666666666664
1 0.6868055555555556 0.1076388888888889 0.04583333333333333 0.052083333333333336
1 0.41458333333333336 0.2144097222222222 0.0375 0.050347222222222224
1 0.40625 0.0763888888888889 0.04583333333333333 0.05555555555555555
1 0.6 0.1857638888888889 0.044444444444444446 0.05555555555555555
1 0.6125 0.23524305555555555 0.04722222222222222 0.057291666666666664
1 0.31805555555555554 0.4505208333333333 0.04722222222222222 0.057291666666666664
1 0.3875 0.3984375 0.044444444444444446 0.05381944444444445
1 0.42569444444444443 0.4071180555555556 0.043055555555555555 0.057291666666666664
1 0.5125 0.4470486111111111 0.041666666666666664 0.06076388888888889
1 0.6770833333333334 0.2734375 0.043055555555555555 0.057291666666666664
1 0.7583333333333333 0.3411458333333333 0.03888888888888889 0.050347222222222224
1 0.9625 0.19444444444444445 0.03888888888888889 0.05555555555555555
1 0.88125 0.4027777777777778 0.05138888888888889 0.0625
1 0.9701388888888889 0.3914930555555556 0.04027777777777778 0.05381944444444445
1 0.6416666666666667 0.6041666666666666 0.04722222222222222 0.05555555555555555
1 0.5756944444444444 0.6814236111111112 0.043055555555555555 0.050347222222222224
1 0.4340277777777778 0.7942708333333334 0.04027777777777778 0.05381944444444445
1 0.38472222222222224 0.9375 0.041666666666666664 0.059027777777777776
1 0.55 0.8541666666666666 0.04722222222222222 0.05555555555555555
1 0.6465277777777778 0.6866319444444444 0.04583333333333333 0.06076388888888889
1 0.84375 0.7170138888888888 0.04583333333333333 0.06597222222222222
1 0.9034722222222222 0.6883680555555556 0.043055555555555555 0.050347222222222224
1 0.9631944444444445 0.765625 0.0375 0.0625
1 0.8076388888888889 0.9331597222222222 0.04861111111111111 0.050347222222222224
1 0.7263888888888889 0.9618055555555556 0.04722222222222222 0.04861111111111111
1 0.08819444444444445 0.014756944444444444 0.0375 0.026041666666666668
1 0.1527777777777778 0.012152777777777778 0.04722222222222222 0.020833333333333332
1 0.32430555555555557 0.011284722222222222 0.04861111111111111 0.019097222222222224
