1 0.1284722222222222 0.05555555555555555 0.04583333333333333 0.059027777777777776
1 0.2916666666666667 0.07725694444444445 0.044444444444444446 0.05381944444444445
1 0.4423611111111111 0.0876736111111111 0.04027777777777778 0.05381944444444445
1 0.5868055555555556 0.109375 0.043055555555555555 0.059027777777777776
1 0.19166666666666668 0.2144097222222222 0.041666666666666664 0.05381944444444445
1 0.3625 0.3350694444444444 0.044444444444444446 0.0625
1 0.41388888888888886 0.3003472222222222 0.03888888888888889 0.052083333333333336
1 0.6673611111111111 0.2569444444444444 0.043055555555555555 0.0763888888888889
1 0.7972222222222223 0.3802083333333333 0.041666666666666664 0.0625
1 0.5611111111111111 0.421875 0.041666666666666664 0.052083333333333336
1 0.04375 0.4635416666666667 0.04583333333333333 0.06597222222222222
1 0.17916666666666667 0.5251736111111112 0.04722222222222222 0.057291666666666664
1 0.29791666666666666 0.5685763888888888 0.04027777777777778 0.05381944444444445
1 0.37083333333333335 0.5373263888888888 0.041666666666666664 0.050347222222222224
1 0.5479166666666667 0.4973958333333333 0.04583333333333333 0.06076388888888889
1 0.6284722222222222 0.5789930555555556 0.04583333333333333 0.06076388888888889
1 0.04722222222222222 0.7760416666666666 0.041666666666666664 0.05555555555555555
1 0.21041666666666667 0.7335069444444444 0.04583333333333333 0.057291666666666664
1 0.2701388888888889 0.6970486111111112 0.04027777777777778 0.05381944444444445
1 0.32430555555555557 0.6953125 0.043055555555555555 0.0642361111111111
1 0.39305555555555555 0.6866319444444444 0.041666666666666664 0.057291666666666664
1 0.47708333333333336 0.7100694444444444 0.043055555555555555 0.05555555555555555
1 0.41180555555555554 0.7647569444444444 0.04027777777777778 0.05381944444444445
1 0.31666666666666665 0.8515625 0.041666666666666664 0.05381944444444445
1 0.28888888888888886 0.9322916666666666 0.041666666666666664 0.05555555555555555
1 0.8048611111111111 0.5182291666666666 0.04861111111111111 0.06076388888888889
1 0.9756944444444444 0.3958333333333333 0.04583333333333333 0.06944444444444445
1 0.9222222222222223 0.5190972222222222 0.041666666666666664 0.052083333333333336
1 0.8340277777777778 0.6241319444444444 0.04027777777777778 0.05381944444444445
1 0.8868055555555555 0.6579861111111112 0.04583333333333333 0.059027777777777776
1 0.6729166666666667 0.7439236111111112 0.04583333333333333 0.06076388888888889
1 0.68125 0.8472222222222222 0.043055555555555555 0.05555555555555555
1 0.75 0.8611111111111112 0.03888888888888889 0.052083333333333336
1 0.7208333333333333 0.8888888888888888 0.041666666666666664 0.04861111111111111
1 0.8958333333333334 0.8498263888888888 0.044444444444444446 0.057291666666666664
1 0.9611111111111111 0.8758680555555556 0.041666666666666664 0.05381944444444445
1 0.8895833333333333 0.9053819444444444 0.04027777777777778 0.050347222222222224
1 0.9375 0.9739583333333334 0.041666666666666664 0.041666666666666664
1 0.2326388888888889 0.013888888888888888 0.05138888888888889 0.024305555555555556
1 0.15555555555555556 0.8402777777777778 0.044444444444444446 0.052083333333333336
1 0.5520833333333334 0.9835069444444444 0.04027777777777778 0.03298611111111111
1 0.7395833333333334 0.9826388888888888 0.043055555555555555 0.024305555555555556
1 0.6951388888888889 0.010416666666666666 0.0375 0.017361111111111112
