1 0.20347222222222222 0.0703125 0.05416666666666667 0.06770833333333333
1 0.013888888888888888 0.2751736111111111 0.025 0.06076388888888889
1 0.06111111111111111 0.2899305555555556 0.041666666666666664 0.052083333333333336
1 0.029166666666666667 0.3185763888888889 0.044444444444444446 0.057291666666666664
1 0.08402777777777778 0.3663194444444444 0.043055555555555555 0.05555555555555555
1 0.16666666666666666 0.3862847222222222 0.041666666666666664 0.050347222222222224
1 0.20069444444444445 0.2013888888888889 0.05138888888888889 0.06597222222222222
1 0.2972222222222222 0.2795138888888889 0.05277777777777778 0.059027777777777776
1 0.3680555555555556 0.2300347222222222 0.04722222222222222 0.0642361111111111
1 0.09652777777777778 0.5147569444444444 0.04583333333333333 0.057291666666666664
1 0.09791666666666667 0.6232638888888888 0.04583333333333333 0.0625
1 0.07361111111111111 0.7395833333333334 0.05277777777777778 0.07291666666666667
1 0.03958333333333333 0.7708333333333334 0.05138888888888889 0.06597222222222222
1 0.17083333333333334 0.6831597222222222 0.05 0.07118055555555555
1 0.29305555555555557 0.6267361111111112 0.04722222222222222 0.059027777777777776
1 0.06180555555555556 0.8741319444444444 0.04027777777777778 0.05381944444444445
1 0.4576388888888889 0.7369791666666666 0.04027777777777778 0.057291666666666664
1 0.5208333333333334 0.7421875 0.05277777777777778 0.06770833333333333
1 0.47708333333333336 0.9704861111111112 0.059722222222222225 0.04861111111111111
1 0.32222222222222224 0.3671875 0.05277777777777778 0.07118055555555555
1 0.3951388888888889 0.4079861111111111 0.04583333333333333 0.0625
1 0.3875 0.3168402777777778 0.041666666666666664 0.057291666666666664
1 0.5430555555555555 0.3333333333333333 0.03888888888888889 0.05555555555555555
1 0.5902777777777778 0.025173611111111112 0.044444444444444446 0.046875
1 0.7013888888888888 0.2743055555555556 0.03888888888888889 0.052083333333333336
1 0.7208333333333333 0.3828125 0.041666666666666664 0.06076388888888889
1 0.7548611111111111 0.6197916666666666 0.043055555555555555 0.06597222222222222
1 0.64375 0.7517361111111112 0.05138888888888889 0.06944444444444445
1 0.7368055555555556 0.7135416666666666 0.043055555555555555 0.06597222222222222
1 0.7590277777777777 0.9253472222222222 0.05138888888888889 0.06597222222222222
1 0.8604166666666667 0.3576388888888889 0.05138888888888889 0.08333333333333333
1 0.9013888888888889 0.3567708333333333 0.04722222222222222 0.07118055555555555
1 0.9263888888888889 0.05555555555555555 0.044444444444444446 0.05555555555555555
1 0.9472222222222222 0.23958333333333334 0.04722222222222222 0.059027777777777776
1 0.98125 0.2170138888888889 0.034722222222222224 0.05555555555555555
1 0.8826388888888889 0.5711805555555556 0.04583333333333333 0.052083333333333336
1 0.9451388888888889 0.9427083333333334 0.043055555555555555 0.059027777777777776
1 0.9888888888888889 0.8741319444444444 0.022222222222222223 0.057291666666666664
