1 0.04097222222222222 0.0234375 0.04583333333333333 0.043402777777777776
1 0.017361111111111112 0.2013888888888889 0.03194444444444444 0.0625
1 0.013194444444444444 0.4644097222222222 0.02361111111111111 0.06076388888888889
1 0.0625 0.5963541666666666 0.041666666666666664 0.057291666666666664
1 0.10486111111111111 0.4956597222222222 0.043055555555555555 0.050347222222222224
1 0.14375 0.3732638888888889 0.043055555555555555 0.05555555555555555
1 0.1763888888888889 0.3246527777777778 0.041666666666666664 0.05555555555555555
1 0.21666666666666667 0.3428819444444444 0.04722222222222222 0.05381944444444445
1 0.29791666666666666 0.1953125 0.04583333333333333 0.057291666666666664
1 0.38680555555555557 0.051215277777777776 0.04861111111111111 0.0642361111111111
1 0.43333333333333335 0.05381944444444445 0.03611111111111111 0.05555555555555555
1 0.4840277777777778 0.049479166666666664 0.04861111111111111 0.057291666666666664
1 0.5993055555555555 0.0642361111111111 0.043055555555555555 0.05555555555555555
1 0.4513888888888889 0.2543402777777778 0.041666666666666664 0.0642361111111111
1 0.5152777777777777 0.11458333333333333 0.04722222222222222 0.059027777777777776
1 0.6138888888888889 0.13194444444444445 0.04722222222222222 0.0625
1 0.7298611111111111 0.022569444444444444 0.043055555555555555 0.041666666666666664
1 0.3263888888888889 0.3498263888888889 0.044444444444444446 0.06076388888888889
1 0.20347222222222222 0.4375 0.04027777777777778 0.0625
1 0.40625 0.5755208333333334 0.04583333333333333 0.06770833333333333
1 0.6208333333333333 0.5008680555555556 0.04722222222222222 0.06076388888888889
1 0.6715277777777777 0.4782986111111111 0.043055555555555555 0.057291666666666664
1 0.8270833333333333 0.4861111111111111 0.043055555555555555 0.059027777777777776
1 0.30416666666666664 0.6996527777777778 0.044444444444444446 0.06597222222222222
1 0.34444444444444444 0.7065972222222222 0.044444444444444446 0.06597222222222222
1 0.5256944444444445 0.7630208333333334 0.04861111111111111 0.057291666666666664
1 0.09652777777777778 0.8489583333333334 0.043055555555555555 0.05555555555555555
1 0.022916666666666665 0.9791666666666666 0.043055555555555555 0.03125
1 0.1361111111111111 0.8949652777777778 0.04722222222222222 0.07118055555555555
1 0.15 0.9461805555555556 0.04722222222222222 0.0625
1 0.32430555555555557 0.9366319444444444 0.04027777777777778 0.06076388888888889
1 0.4361111111111111 0.9704861111111112 0.04722222222222222 0.05555555555555555
1 0.7319444444444444 0.7595486111111112 0.04722222222222222 0.06076388888888889
1 0.7868055555555555 0.7118055555555556 0.04583333333333333 0.0625
1 0.7819444444444444 0.7673611111111112 0.041666666666666664 0.04861111111111111
1 0.7611111111111111 0.8151041666666666 0.044444444444444446 0.057291666666666664
1 0.5347222222222222 0.012152777777777778 0.03888888888888889 0.020833333333333332
1 0.7215277777777778 0.984375 0.0375 0.024305555555555556
