1 0.01597222222222222 0.1328125 0.029166666666666667 0.057291666666666664
1 0.08958333333333333 0.1545138888888889 0.043055555555555555 0.059027777777777776
1 0.30486111111111114 0.027777777777777776 0.04027777777777778 0.052083333333333336
1 0.41944444444444445 0.06597222222222222 0.044444444444444446 0.05555555555555555
1 0.5868055555555556 0.0720486111111111 0.04583333333333333 0.06770833333333333
1 0.3277777777777778 0.22569444444444445 0.044444444444444446 0.059027777777777776
1 0.2652777777777778 0.2769097222222222 0.044444444444444446 0.057291666666666664
1 0.23055555555555557 0.3168402777777778 0.041666666666666664 0.05381944444444445
1 0.0875 0.4444444444444444 0.05 0.06597222222222222
1 0.22569444444444445 0.4305555555555556 0.043055555555555555 0.05555555555555555
1 0.034027777777777775 0.5026041666666666 0.04027777777777778 0.057291666666666664
1 0.1798611111111111 0.5746527777777778 0.043055555555555555 0.052083333333333336
1 0.14375 0.6571180555555556 0.043055555555555555 0.05381944444444445
1 0.1875 0.6944444444444444 0.044444444444444446 0.05555555555555555
1 0.28402777777777777 0.7491319444444444 0.04583333333333333 0.0642361111111111
1 0.38819444444444445 0.6467013888888888 0.04583333333333333 0.057291666666666664
1 0.20277777777777778 0.9314236111111112 0.044444444444444446 0.057291666666666664
1 0.020833333333333332 0.9600694444444444 0.03888888888888889 0.05555555555555555
1 0.3138888888888889 0.8993055555555556 0.044444444444444446 0.059027777777777776
1 0.44930555555555557 0.8810763888888888 0.0375 0.050347222222222224
1 0.4791666666666667 0.8611111111111112 0.041666666666666664 0.04861111111111111
1 0.49722222222222223 0.7222222222222222 0.03888888888888889 0.052083333333333336
1 0.4618055555555556 0.5529513888888888 0.043055555555555555 0.06076388888888889
1 0.5388888888888889 0.4661458333333333 0.044444444444444446 0.057291666666666664
1 0.6340277777777777 0.21354166666666666 0.0375 0.05555555555555555
1 0.6298611111111111 0.2621527777777778 0.04861111111111111 0.04861111111111111
1 0.8569444444444444 0.23350694444444445 0.044444444444444446 0.05381944444444445
1 0.7444444444444445 0.4748263888888889 0.041666666666666664 0.06076388888888889
1 0.8506944444444444 0.3923611111111111 0.043055555555555555 0.05555555555555555
1 0.9798611111111111 0.2829861111111111 0.04027777777777778 0.052083333333333336
1 0.9159722222222222 0.4157986111111111 0.04027777777777778 0.050347222222222224
1 0.8965277777777778 0.5902777777777778 0.05416666666666667 0.0625
1 0.5784722222222223 0.7126736111111112 0.04583333333333333 0.06076388888888889
1 0.6291666666666667 0.6875 0.044444444444444446 0.0625
1 0.8284722222222223 0.7005208333333334 0.05138888888888889 0.06076388888888889
1 0.8402777777777778 0.6440972222222222 0.04722222222222222 0.05555555555555555
1 0.9097222222222222 0.8628472222222222 0.04722222222222222 0.0625
1 0.6402777777777777 0.9262152777777778 0.05 0.06076388888888889
1 0.5819444444444445 0.9322916666666666 0.041666666666666664 0.05555555555555555
1 0.9076388888888889 0.9409722222222222 0.05138888888888889 0.052083333333333336
1 0.9659722222222222 0.8663194444444444 0.04027777777777778 0.06944444444444445
1 0.7159722222222222 0.9722222222222222 0.043055555555555555 0.04513888888888889
1 0.011805555555555555 0.4895833333333333 0.020833333333333332 0.05555555555555555
1 0.9847222222222223 0.6006944444444444 0.030555555555555555 0.059027777777777776
1 0.9895833333333334 0.3715277777777778 0.020833333333333332 0.05555555555555555
1 0.23194444444444445 0.9809027777777778 0.044444444444444446 0.03819444444444445
