3 0.09791666666666667 0.3185763888888889 0.04861111111111111 0.06770833333333333
3 0.09236111111111112 0.1388888888888889 0.04861111111111111 0.059027777777777776
3 0.1638888888888889 0.1076388888888889 0.04722222222222222 0.06597222222222222
3 0.25 0.0720486111111111 0.05 0.06770833333333333
3 0.35694444444444445 0.1154513888888889 0.05277777777777778 0.0642361111111111
3 0.022916666666666665 0.4904513888888889 0.043055555555555555 0.06076388888888889
3 0.030555555555555555 0.625 0.041666666666666664 0.04861111111111111
3 0.20902777777777778 0.5581597222222222 0.0375 0.046875
3 0.16319444444444445 0.6527777777777778 0.04583333333333333 0.06597222222222222
3 0.2923611111111111 0.6553819444444444 0.05138888888888889 0.07118055555555555
3 0.24097222222222223 0.734375 0.04583333333333333 0.0625
3 0.42291666666666666 0.7239583333333334 0.04861111111111111 0.06944444444444445
3 0.30486111111111114 0.9053819444444444 0.034722222222222224 0.0642361111111111
3 0.2722222222222222 0.9444444444444444 0.041666666666666664 0.052083333333333336
3 0.6055555555555555 0.5911458333333334 0.044444444444444446 0.0642361111111111
3 0.6159722222222223 0.671875 0.04583333333333333 0.059027777777777776
3 0.5854166666666667 0.7942708333333334 0.05416666666666667 0.07118055555555555
3 0.6083333333333333 0.3949652777777778 0.044444444444444446 0.06770833333333333
3 0.6972222222222222 0.08246527777777778 0.044444444444444446 0.0642361111111111
3 0.6895833333333333 0.1814236111111111 0.0375 0.057291666666666664
3 0.7569444444444444 0.10416666666666667 0.05 0.05555555555555555
3 0.8527777777777777 0.046875 0.041666666666666664 0.06944444444444445
3 0.8097222222222222 0.24479166666666666 0.05 0.0625
3 0.8083333333333333 0.1423611111111111 0.05277777777777778 0.0625
3 0.9805555555555555 0.2751736111111111 0.03888888888888889 0.050347222222222224
3 0.7944444444444444 0.8003472222222222 0.05 0.0625
3 0.8784722222222222 0.9045138888888888 0.04583333333333333 0.0763888888888889
3 0.8958333333333334 0.7508680555555556 0.05277777777777778 0.07118055555555555
3 0.9291666666666667 0.4322916666666667 0.05 0.06944444444444445
3 0.8534722222222222 0.6770833333333334 0.043055555555555555 0.06944444444444445
3 0.0125 0.3246527777777778 0.022222222222222223 0.07291666666666667
