1 0.03958333333333333 0.140625 0.0375 0.04861111111111111
1 0.08333333333333333 0.2526041666666667 0.044444444444444446 0.06076388888888889
1 0.11805555555555555 0.4253472222222222 0.044444444444444446 0.059027777777777776
1 0.17569444444444443 0.4817708333333333 0.04027777777777778 0.057291666666666664
1 0.04027777777777778 0.6857638888888888 0.04722222222222222 0.05555555555555555
1 0.125 0.6779513888888888 0.044444444444444446 0.050347222222222224
1 0.17430555555555555 0.024305555555555556 0.05138888888888889 0.04513888888888889
1 0.22777777777777777 0.05642361111111111 0.044444444444444446 0.050347222222222224
1 0.3159722222222222 0.2152777777777778 0.04583333333333333 0.05555555555555555
1 0.4840277777777778 0.22569444444444445 0.05138888888888889 0.06597222222222222
1 0.6173611111111111 0.09027777777777778 0.04583333333333333 0.059027777777777776
1 0.6583333333333333 0.2109375 0.04722222222222222 0.057291666666666664
1 0.7180555555555556 0.08506944444444445 0.03888888888888889 0.05555555555555555
1 0.8083333333333333 0.03211805555555555 0.05277777777777778 0.06076388888888889
1 0.9479166666666666 0.019097222222222224 0.04861111111111111 0.034722222222222224
1 0.9888888888888889 0.04861111111111111 0.022222222222222223 0.05555555555555555
1 0.9201388888888888 0.19618055555555555 0.04027777777777778 0.052083333333333336
1 0.3145833333333333 0.4375 0.034722222222222224 0.04861111111111111
1 0.3458333333333333 0.421875 0.041666666666666664 0.052083333333333336
1 0.5256944444444445 0.4383680555555556 0.04583333333333333 0.0642361111111111
1 0.5895833333333333 0.3368055555555556 0.04027777777777778 0.059027777777777776
1 0.6131944444444445 0.3862847222222222 0.04583333333333333 0.06076388888888889
1 0.8194444444444444 0.3723958333333333 0.044444444444444446 0.050347222222222224
1 0.9020833333333333 0.2864583333333333 0.04583333333333333 0.05555555555555555
1 0.9868055555555556 0.3567708333333333 0.02638888888888889 0.057291666666666664
1 0.7041666666666667 0.5208333333333334 0.041666666666666664 0.052083333333333336
1 0.7833333333333333 0.5633680555555556 0.03888888888888889 0.057291666666666664
1 0.8173611111111111 0.5451388888888888 0.043055555555555555 0.059027777777777776
1 0.8430555555555556 0.4088541666666667 0.04722222222222222 0.06076388888888889
1 0.33958333333333335 0.5954861111111112 0.04583333333333333 0.05555555555555555
1 0.24027777777777778 0.8046875 0.044444444444444446 0.050347222222222224
1 0.2048611111111111 0.8368055555555556 0.043055555555555555 0.04861111111111111
1 0.4013888888888889 0.8289930555555556 0.041666666666666664 0.0642361111111111
1 0.5 0.9184027777777778 0.04722222222222222 0.0625
1 0.6472222222222223 0.9192708333333334 0.04722222222222222 0.0642361111111111
1 0.6861111111111111 0.8671875 0.03888888888888889 0.05381944444444445
1 0.7131944444444445 0.8220486111111112 0.04583333333333333 0.06770833333333333
1 0.7513888888888889 0.6970486111111112 0.03888888888888889 0.057291666666666664
1 0.78125 0.7404513888888888 0.043055555555555555 0.0642361111111111
1 0.8534722222222222 0.8098958333333334 0.04027777777777778 0.050347222222222224
1 0.9236111111111112 0.7881944444444444 0.041666666666666664 0.05555555555555555
1 0.9895833333333334 0.9748263888888888 0.020833333333333332 0.050347222222222224
1 0.0125 0.3411458333333333 0.022222222222222223 0.0642361111111111
