1 0.0875 0.3637152777777778 0.04722222222222222 0.057291666666666664
1 0.041666666666666664 0.4131944444444444 0.044444444444444446 0.05555555555555555
1 0.19305555555555556 0.3741319444444444 0.04722222222222222 0.050347222222222224
1 0.2361111111111111 0.4835069444444444 0.05 0.046875
1 0.034027777777777775 0.6171875 0.04861111111111111 0.05381944444444445
1 0.19583333333333333 0.6927083333333334 0.05277777777777778 0.06597222222222222
1 0.03819444444444445 0.7604166666666666 0.04027777777777778 0.052083333333333336
1 0.12222222222222222 0.9001736111111112 0.03888888888888889 0.05381944444444445
1 0.39375 0.5364583333333334 0.043055555555555555 0.059027777777777776
1 0.3388888888888889 0.08333333333333333 0.041666666666666664 0.05555555555555555
1 0.3229166666666667 0.1449652777777778 0.04027777777777778 0.057291666666666664
1 0.3013888888888889 0.3133680555555556 0.04722222222222222 0.06076388888888889
1 0.2534722222222222 0.3741319444444444 0.04583333333333333 0.057291666666666664
1 0.3159722222222222 0.375 0.04861111111111111 0.0625
1 0.36666666666666664 0.3567708333333333 0.044444444444444446 0.0642361111111111
1 0.41458333333333336 0.3524305555555556 0.043055555555555555 0.0625
1 0.4361111111111111 0.18055555555555555 0.044444444444444446 0.059027777777777776
1 0.6506944444444445 0.0642361111111111 0.043055555555555555 0.059027777777777776
1 0.6263888888888889 0.22916666666666666 0.044444444444444446 0.06597222222222222
1 0.46319444444444446 0.2847222222222222 0.043055555555555555 0.059027777777777776
1 0.5256944444444445 0.2899305555555556 0.043055555555555555 0.059027777777777776
1 0.5513888888888889 0.4140625 0.05277777777777778 0.0642361111111111
1 0.6006944444444444 0.5833333333333334 0.04583333333333333 0.05555555555555555
1 0.375 0.7100694444444444 0.044444444444444446 0.059027777777777776
1 0.35138888888888886 0.7534722222222222 0.044444444444444446 0.05555555555555555
1 0.33611111111111114 0.8090277777777778 0.041666666666666664 0.05555555555555555
1 0.6534722222222222 0.4704861111111111 0.04027777777777778 0.0625
1 0.6673611111111111 0.2586805555555556 0.0375 0.05555555555555555
1 0.7694444444444445 0.2690972222222222 0.044444444444444446 0.06597222222222222
1 0.7298611111111111 0.3689236111111111 0.04583333333333333 0.05381944444444445
1 0.8208333333333333 0.40625 0.044444444444444446 0.05555555555555555
1 0.8354166666666667 0.3689236111111111 0.04027777777777778 0.05381944444444445
1 0.8798611111111111 0.3628472222222222 0.043055555555555555 0.05555555555555555
1 0.6993055555555555 0.5477430555555556 0.04861111111111111 0.0642361111111111
1 0.8604166666666667 0.6545138888888888 0.043055555555555555 0.059027777777777776
1 0.64375 0.7230902777777778 0.04583333333333333 0.0642361111111111
1 0.5791666666666667 0.8402777777777778 0.044444444444444446 0.05555555555555555
1 0.5145833333333333 0.8940972222222222 0.04027777777777778 0.052083333333333336
1 0.48819444444444443 0.9348958333333334 0.04027777777777778 0.05381944444444445
1 0.7833333333333333 0.8446180555555556 0.041666666666666664 0.057291666666666664
1 0.8604166666666667 0.9001736111111112 0.04583333333333333 0.0642361111111111
1 0.05347222222222222 0.013020833333333334 0.043055555555555555 0.022569444444444444
1 0.8208333333333333 0.9739583333333334 0.04722222222222222 0.041666666666666664
1 0.010416666666666666 0.6675347222222222 0.018055555555555554 0.046875
