1 0.041666666666666664 0.11024305555555555 0.044444444444444446 0.07118055555555555
1 0.29791666666666666 0.029513888888888888 0.04583333333333333 0.05555555555555555
1 0.5930555555555556 0.03298611111111111 0.04722222222222222 0.0625
1 0.6402777777777777 0.10677083333333333 0.044444444444444446 0.057291666666666664
1 0.8326388888888889 0.0798611111111111 0.04583333333333333 0.06944444444444445
1 0.3229166666666667 0.2934027777777778 0.04027777777777778 0.052083333333333336
1 0.1763888888888889 0.3359375 0.044444444444444446 0.057291666666666664
1 0.05347222222222222 0.4192708333333333 0.05138888888888889 0.0642361111111111
1 0.09236111111111112 0.4756944444444444 0.04861111111111111 0.0625
1 0.12083333333333333 0.5095486111111112 0.04722222222222222 0.06770833333333333
1 0.21805555555555556 0.4444444444444444 0.04722222222222222 0.0625
1 0.21319444444444444 0.5112847222222222 0.05138888888888889 0.0642361111111111
1 0.3548611111111111 0.3385416666666667 0.043055555555555555 0.04513888888888889
1 0.4125 0.3333333333333333 0.044444444444444446 0.0625
1 0.3798611111111111 0.4470486111111111 0.043055555555555555 0.06076388888888889
1 0.5215277777777778 0.3463541666666667 0.043055555555555555 0.05381944444444445
1 0.5486111111111112 0.4592013888888889 0.04722222222222222 0.057291666666666664
1 0.7229166666666667 0.3272569444444444 0.05416666666666667 0.0642361111111111
1 0.9166666666666666 0.2942708333333333 0.03888888888888889 0.057291666666666664
1 0.8388888888888889 0.3871527777777778 0.05277777777777778 0.059027777777777776
1 0.8222222222222222 0.4461805555555556 0.03611111111111111 0.059027777777777776
1 0.5847222222222223 0.5416666666666666 0.05 0.06597222222222222
1 0.6576388888888889 0.5043402777777778 0.05416666666666667 0.05381944444444445
1 0.21041666666666667 0.6380208333333334 0.04027777777777778 0.057291666666666664
1 0.14444444444444443 0.6848958333333334 0.04722222222222222 0.05381944444444445
1 0.21388888888888888 0.7170138888888888 0.03888888888888889 0.05555555555555555
1 0.23958333333333334 0.796875 0.04861111111111111 0.0625
1 0.16458333333333333 0.9288194444444444 0.04027777777777778 0.05555555555555555
1 0.36041666666666666 0.9678819444444444 0.04583333333333333 0.057291666666666664
1 0.46805555555555556 0.8055555555555556 0.041666666666666664 0.05555555555555555
1 0.6208333333333333 0.8767361111111112 0.041666666666666664 0.05555555555555555
1 0.5 0.9461805555555556 0.03888888888888889 0.052083333333333336
1 0.6923611111111111 0.6440972222222222 0.043055555555555555 0.0763888888888889
1 0.9791666666666666 0.6206597222222222 0.041666666666666664 0.057291666666666664
1 0.8416666666666667 0.9479166666666666 0.04722222222222222 0.07291666666666667
1 0.7152777777777778 0.9782986111111112 0.044444444444444446 0.03298611111111111
1 0.9875 0.8333333333333334 0.025 0.0625
1 0.7083333333333334 0.7838541666666666 0.041666666666666664 0.050347222222222224
1 0.7229166666666667 0.734375 0.04027777777777778 0.05555555555555555
1 0.2111111111111111 0.013020833333333334 0.04722222222222222 0.022569444444444444
