1 0.0375 0.3350694444444444 0.03888888888888889 0.0625
1 0.0125 0.3975694444444444 0.022222222222222223 0.052083333333333336
1 0.18055555555555555 0.4722222222222222 0.044444444444444446 0.052083333333333336
1 0.13541666666666666 0.08159722222222222 0.04027777777777778 0.052083333333333336
1 0.35347222222222224 0.4105902777777778 0.04583333333333333 0.06076388888888889
1 0.28888888888888886 0.17708333333333334 0.03611111111111111 0.052083333333333336
1 0.29583333333333334 0.0954861111111111 0.04722222222222222 0.04513888888888889
1 0.48055555555555557 0.2760416666666667 0.041666666666666664 0.04513888888888889
1 0.5368055555555555 0.234375 0.05138888888888889 0.059027777777777776
1 0.5111111111111111 0.4756944444444444 0.044444444444444446 0.05555555555555555
1 0.35555555555555557 0.5798611111111112 0.03888888888888889 0.05555555555555555
1 0.06805555555555555 0.7465277777777778 0.05277777777777778 0.052083333333333336
1 0.22916666666666666 0.6875 0.05555555555555555 0.05555555555555555
1 0.3034722222222222 0.71875 0.04027777777777778 0.059027777777777776
1 0.24097222222222223 0.78125 0.05416666666666667 0.059027777777777776
1 0.1736111111111111 0.9253472222222222 0.04722222222222222 0.05555555555555555
1 0.37569444444444444 0.9019097222222222 0.04027777777777778 0.05381944444444445
1 0.4930555555555556 0.8116319444444444 0.041666666666666664 0.057291666666666664
1 0.6666666666666666 0.7560763888888888 0.041666666666666664 0.06076388888888889
1 0.6756944444444445 0.8263888888888888 0.043055555555555555 0.052083333333333336
1 0.8465277777777778 0.7135416666666666 0.04583333333333333 0.052083333333333336
1 0.7263888888888889 0.9036458333333334 0.03611111111111111 0.046875
1 0.6638888888888889 0.9722222222222222 0.03888888888888889 0.04513888888888889
1 0.6666666666666666 0.2760416666666667 0.044444444444444446 0.052083333333333336
1 0.7208333333333333 0.2378472222222222 0.044444444444444446 0.05555555555555555
1 0.6604166666666667 0.0876736111111111 0.043055555555555555 0.050347222222222224
1 0.725 0.03211805555555555 0.03333333333333333 0.046875
1 0.6527777777777778 0.010416666666666666 0.03333333333333333 0.017361111111111112
1 0.42986111111111114 0.0078125 0.043055555555555555 0.012152777777777778
1 0.7027777777777777 0.12760416666666666 0.041666666666666664 0.046875
1 0.8756944444444444 0.08506944444444445 0.04861111111111111 0.052083333333333336
1 0.94375 0.11284722222222222 0.043055555555555555 0.052083333333333336
1 0.9152777777777777 0.21614583333333334 0.041666666666666664 0.057291666666666664
1 0.8847222222222222 0.1527777777777778 0.044444444444444446 0.04513888888888889
1 0.9333333333333333 0.375 0.05 0.06597222222222222
1 0.88125 0.4887152777777778 0.04027777777777778 0.050347222222222224
1 0.9090277777777778 0.4340277777777778 0.04027777777777778 0.052083333333333336
1 0.7777777777777778 0.3585069444444444 0.041666666666666664 0.050347222222222224
1 0.7118055555555556 0.3923611111111111 0.04861111111111111 0.059027777777777776
1 0.7493055555555556 0.4713541666666667 0.043055555555555555 0.05381944444444445
1 0.03611111111111111 0.017361111111111112 0.041666666666666664 0.03125
1 0.8090277777777778 0.9878472222222222 0.043055555555555555 0.020833333333333332
