1 0.07361111111111111 0.1015625 0.044444444444444446 0.05381944444444445
1 0.15 0.17708333333333334 0.044444444444444446 0.052083333333333336
1 0.22361111111111112 0.15625 0.044444444444444446 0.05555555555555555
1 0.29097222222222224 0.0720486111111111 0.04027777777777778 0.057291666666666664
1 0.27847222222222223 0.17274305555555555 0.05138888888888889 0.06770833333333333
1 0.33541666666666664 0.3532986111111111 0.04583333333333333 0.057291666666666664
1 0.5083333333333333 0.1892361111111111 0.041666666666666664 0.0625
1 0.7527777777777778 0.04600694444444445 0.044444444444444446 0.05381944444444445
1 0.7319444444444444 0.019097222222222224 0.04722222222222222 0.034722222222222224
1 0.38472222222222224 0.3550347222222222 0.05 0.06770833333333333
1 0.4465277777777778 0.4244791666666667 0.04583333333333333 0.057291666666666664
1 0.48819444444444443 0.4296875 0.04027777777777778 0.057291666666666664
1 0.5944444444444444 0.3342013888888889 0.041666666666666664 0.057291666666666664
1 0.71875 0.3741319444444444 0.0375 0.0642361111111111
1 0.8097222222222222 0.4322916666666667 0.044444444444444446 0.05555555555555555
1 0.9868055555555556 0.20833333333333334 0.02638888888888889 0.052083333333333336
1 0.9173611111111111 0.4713541666666667 0.05138888888888889 0.06770833333333333
1 0.5486111111111112 0.5434027777777778 0.05 0.05555555555555555
1 0.5895833333333333 0.4947916666666667 0.04861111111111111 0.052083333333333336
1 0.18819444444444444 0.7317708333333334 0.04861111111111111 0.07118055555555555
1 0.18611111111111112 0.8585069444444444 0.04722222222222222 0.06770833333333333
1 0.04375 0.9505208333333334 0.04027777777777778 0.05381944444444445
1 0.016666666666666666 0.9748263888888888 0.030555555555555555 0.043402777777777776
1 0.28194444444444444 0.9357638888888888 0.05555555555555555 0.059027777777777776
1 0.35347222222222224 0.8854166666666666 0.04027777777777778 0.05555555555555555
1 0.37222222222222223 0.9713541666666666 0.03888888888888889 0.05381944444444445
1 0.5027777777777778 0.625 0.03888888888888889 0.05555555555555555
1 0.5847222222222223 0.6076388888888888 0.041666666666666664 0.04861111111111111
1 0.5777777777777777 0.6762152777777778 0.04722222222222222 0.05381944444444445
1 0.9104166666666667 0.5529513888888888 0.043055555555555555 0.05381944444444445
1 0.9118055555555555 0.7152777777777778 0.04027777777777778 0.059027777777777776
1 0.9347222222222222 0.8984375 0.044444444444444446 0.05381944444444445
1 0.96875 0.8784722222222222 0.04027777777777778 0.052083333333333336
1 0.6861111111111111 0.9296875 0.03888888888888889 0.057291666666666664
1 0.5305555555555556 0.9817708333333334 0.041666666666666664 0.029513888888888888
1 0.9131944444444444 0.013020833333333334 0.04583333333333333 0.022569444444444444
