1 0.050694444444444445 0.19444444444444445 0.043055555555555555 0.05555555555555555
1 0.13402777777777777 0.3446180555555556 0.043055555555555555 0.06076388888888889
1 0.05625 0.4027777777777778 0.0375 0.059027777777777776
1 0.02013888888888889 0.4027777777777778 0.0375 0.059027777777777776
1 0.027083333333333334 0.3446180555555556 0.04583333333333333 0.050347222222222224
1 0.37916666666666665 0.2152777777777778 0.04722222222222222 0.059027777777777776
1 0.31666666666666665 0.029513888888888888 0.044444444444444446 0.05555555555555555
1 0.021527777777777778 0.6006944444444444 0.04027777777777778 0.052083333333333336
1 0.2569444444444444 0.6380208333333334 0.04722222222222222 0.06076388888888889
1 0.1 0.7864583333333334 0.04722222222222222 0.0625
1 0.07916666666666666 0.8784722222222222 0.05 0.0625
1 0.2625 0.8098958333333334 0.05 0.06770833333333333
1 0.2902777777777778 0.8576388888888888 0.04722222222222222 0.05555555555555555
1 0.34097222222222223 0.6536458333333334 0.04861111111111111 0.0642361111111111
1 0.33194444444444443 0.5677083333333334 0.03888888888888889 0.0625
1 0.37083333333333335 0.328125 0.04722222222222222 0.0625
1 0.5013888888888889 0.2230902777777778 0.03611111111111111 0.057291666666666664
1 0.6840277777777778 0.3098958333333333 0.043055555555555555 0.057291666666666664
1 0.5097222222222222 0.609375 0.03611111111111111 0.052083333333333336
1 0.4375 0.6744791666666666 0.044444444444444446 0.0642361111111111
1 0.5958333333333333 0.6171875 0.041666666666666664 0.06076388888888889
1 0.6381944444444444 0.7760416666666666 0.043055555555555555 0.05555555555555555
1 0.49375 0.890625 0.043055555555555555 0.05555555555555555
1 0.35555555555555557 0.7873263888888888 0.03888888888888889 0.057291666666666664
1 0.8173611111111111 0.7482638888888888 0.043055555555555555 0.05555555555555555
1 0.8958333333333334 0.8229166666666666 0.041666666666666664 0.05555555555555555
1 0.9666666666666667 0.8046875 0.041666666666666664 0.06076388888888889
1 0.6770833333333334 0.3784722222222222 0.043055555555555555 0.05555555555555555
1 0.8243055555555555 0.13541666666666666 0.04583333333333333 0.06597222222222222
1 0.8840277777777777 0.1284722222222222 0.05138888888888889 0.06597222222222222
1 0.8854166666666666 0.027777777777777776 0.05138888888888889 0.052083333333333336
1 0.90625 0.2647569444444444 0.04583333333333333 0.06076388888888889
1 0.8708333333333333 0.5078125 0.03888888888888889 0.05381944444444445
1 0.9909722222222223 0.2586805555555556 0.018055555555555554 0.05555555555555555
