1 0.034722222222222224 0.2942708333333333 0.044444444444444446 0.057291666666666664
1 0.11458333333333333 0.1814236111111111 0.04583333333333333 0.05381944444444445
1 0.11319444444444444 0.5078125 0.04583333333333333 0.06076388888888889
1 0.019444444444444445 0.7664930555555556 0.03611111111111111 0.07118055555555555
1 0.10694444444444444 0.6744791666666666 0.05277777777777778 0.06770833333333333
1 0.18888888888888888 0.6631944444444444 0.05 0.06944444444444445
1 0.30277777777777776 0.7413194444444444 0.044444444444444446 0.059027777777777776
1 0.17569444444444443 0.8619791666666666 0.04027777777777778 0.06770833333333333
1 0.33125 0.8949652777777778 0.04583333333333333 0.057291666666666664
1 0.3645833333333333 0.8194444444444444 0.043055555555555555 0.059027777777777776
1 0.38958333333333334 0.6779513888888888 0.04861111111111111 0.0642361111111111
1 0.46944444444444444 0.5321180555555556 0.05277777777777778 0.06770833333333333
1 0.31805555555555554 0.2664930555555556 0.05 0.06770833333333333
1 0.3368055555555556 0.2013888888888889 0.043055555555555555 0.0625
1 0.39861111111111114 0.13541666666666666 0.044444444444444446 0.06597222222222222
1 0.45208333333333334 0.22395833333333334 0.04027777777777778 0.052083333333333336
1 0.4895833333333333 0.23524305555555555 0.0375 0.06076388888888889
1 0.5819444444444445 0.28125 0.04722222222222222 0.052083333333333336
1 0.5097222222222222 0.3298611111111111 0.05 0.059027777777777776
1 0.7055555555555556 0.4010416666666667 0.05 0.05555555555555555
1 0.6666666666666666 0.2690972222222222 0.041666666666666664 0.05555555555555555
1 0.7243055555555555 0.18055555555555555 0.04861111111111111 0.06597222222222222
1 0.7222222222222222 0.05642361111111111 0.05277777777777778 0.06770833333333333
1 0.8875 0.0876736111111111 0.05277777777777778 0.06770833333333333
1 0.9423611111111111 0.07725694444444445 0.043055555555555555 0.057291666666666664
1 0.86875 0.1779513888888889 0.04583333333333333 0.057291666666666664
1 0.8104166666666667 0.4557291666666667 0.04583333333333333 0.06770833333333333
1 0.9680555555555556 0.4375 0.04722222222222222 0.059027777777777776
1 0.5583333333333333 0.7569444444444444 0.04722222222222222 0.05555555555555555
1 0.7027777777777777 0.7578125 0.041666666666666664 0.057291666666666664
1 0.7326388888888888 0.8732638888888888 0.05138888888888889 0.06597222222222222
1 0.71875 0.9192708333333334 0.04583333333333333 0.06076388888888889
1 0.5840277777777778 0.9791666666666666 0.05416666666666667 0.03125
1 0.9520833333333333 0.9557291666666666 0.04027777777777778 0.05381944444444445
1 0.009722222222222222 0.703125 0.016666666666666666 0.059027777777777776
1 0.6361111111111111 0.9869791666666666 0.03888888888888889 0.026041666666666668
