1 0.04513888888888889 0.5902777777777778 0.05138888888888889 0.0625
1 0.12083333333333333 0.5208333333333334 0.044444444444444446 0.05555555555555555
1 0.05277777777777778 0.8489583333333334 0.05277777777777778 0.06944444444444445
1 0.09444444444444444 0.9713541666666666 0.04722222222222222 0.050347222222222224
1 0.22361111111111112 0.84375 0.05 0.059027777777777776
1 0.20347222222222222 0.9053819444444444 0.04861111111111111 0.05381944444444445
1 0.25277777777777777 0.9470486111111112 0.044444444444444446 0.057291666666666664
1 0.15902777777777777 0.4149305555555556 0.04861111111111111 0.059027777777777776
1 0.12638888888888888 0.3576388888888889 0.05 0.059027777777777776
1 0.12430555555555556 0.2595486111111111 0.043055555555555555 0.06076388888888889
1 0.1527777777777778 0.13194444444444445 0.03888888888888889 0.052083333333333336
1 0.14930555555555555 0.052083333333333336 0.04583333333333333 0.05555555555555555
1 0.24097222222222223 0.24913194444444445 0.04583333333333333 0.0642361111111111
1 0.35625 0.2595486111111111 0.04027777777777778 0.06076388888888889
1 0.3701388888888889 0.1449652777777778 0.04861111111111111 0.0642361111111111
1 0.39305555555555555 0.0390625 0.05277777777777778 0.06770833333333333
1 0.3902777777777778 0.4166666666666667 0.04722222222222222 0.059027777777777776
1 0.3423611111111111 0.671875 0.04861111111111111 0.05555555555555555
1 0.3784722222222222 0.7161458333333334 0.04861111111111111 0.057291666666666664
1 0.48333333333333334 0.6953125 0.04722222222222222 0.0642361111111111
1 0.4798611111111111 0.7630208333333334 0.043055555555555555 0.050347222222222224
1 0.5152777777777777 0.7881944444444444 0.04722222222222222 0.06597222222222222
1 0.4736111111111111 0.8298611111111112 0.04722222222222222 0.06597222222222222
1 0.675 0.4635416666666667 0.05277777777777778 0.0625
1 0.6763888888888889 0.5381944444444444 0.044444444444444446 0.05555555555555555
1 0.6666666666666666 0.2855902777777778 0.041666666666666664 0.050347222222222224
1 0.6798611111111111 0.0859375 0.043055555555555555 0.05381944444444445
1 0.7472222222222222 0.12152777777777778 0.03888888888888889 0.052083333333333336
1 0.7201388888888889 0.17881944444444445 0.04583333333333333 0.0625
1 0.8027777777777778 0.1467013888888889 0.04722222222222222 0.05381944444444445
1 0.8506944444444444 0.020833333333333332 0.04027777777777778 0.03819444444444445
1 0.9361111111111111 0.04600694444444445 0.044444444444444446 0.05381944444444445
1 0.875 0.24479166666666666 0.044444444444444446 0.06597222222222222
1 0.9097222222222222 0.4782986111111111 0.044444444444444446 0.05381944444444445
1 0.9041666666666667 0.5850694444444444 0.03888888888888889 0.06944444444444445
1 0.7298611111111111 0.6050347222222222 0.043055555555555555 0.057291666666666664
1 0.6743055555555556 0.8741319444444444 0.04027777777777778 0.0642361111111111
1 0.5833333333333334 0.9522569444444444 0.05 0.06076388888888889
1 0.6680555555555555 0.9635416666666666 0.044444444444444446 0.0625
1 0.9770833333333333 0.8541666666666666 0.04583333333333333 0.06944444444444445
1 0.9826388888888888 0.7126736111111112 0.034722222222222224 0.07465277777777778
1 0.9013888888888889 0.9835069444444444 0.05 0.026041666666666668
