1 0.06666666666666667 0.1310763888888889 0.05277777777777778 0.06770833333333333
1 0.11736111111111111 0.23350694444444445 0.043055555555555555 0.057291666666666664
1 0.13402777777777777 0.1796875 0.04861111111111111 0.06770833333333333
1 0.05347222222222222 0.3706597222222222 0.05138888888888889 0.06770833333333333
1 0.016666666666666666 0.4045138888888889 0.030555555555555555 0.06944444444444445
1 0.05416666666666667 0.4548611111111111 0.044444444444444446 0.06597222222222222
1 0.02361111111111111 0.6302083333333334 0.044444444444444446 0.07291666666666667
1 0.059722222222222225 0.75 0.03333333333333333 0.0625
1 0.14791666666666667 0.734375 0.04027777777777778 0.05555555555555555
1 0.07222222222222222 0.8741319444444444 0.030555555555555555 0.057291666666666664
1 0.07152777777777777 0.9409722222222222 0.04027777777777778 0.052083333333333336
1 0.3159722222222222 0.8255208333333334 0.04583333333333333 0.046875
1 0.36666666666666664 0.8984375 0.041666666666666664 0.06770833333333333
1 0.43194444444444446 0.9704861111111112 0.05277777777777778 0.052083333333333336
1 0.49375 0.8663194444444444 0.0375 0.041666666666666664
1 0.32222222222222224 0.4487847222222222 0.044444444444444446 0.050347222222222224
1 0.3236111111111111 0.3715277777777778 0.04722222222222222 0.06944444444444445
1 0.3111111111111111 0.2595486111111111 0.05277777777777778 0.07118055555555555
1 0.3527777777777778 0.2300347222222222 0.05 0.06770833333333333
1 0.425 0.1753472222222222 0.05 0.05555555555555555
3 0.5763888888888888 0.1875 0.05 0.059027777777777776
3 0.4270833333333333 0.2586805555555556 0.04583333333333333 0.0625
3 0.38263888888888886 0.3177083333333333 0.05138888888888889 0.06597222222222222
3 0.41388888888888886 0.3046875 0.03333333333333333 0.050347222222222224
3 0.48680555555555555 0.3420138888888889 0.05138888888888889 0.06944444444444445
3 0.49236111111111114 0.4140625 0.0375 0.06076388888888889
3 0.6541666666666667 0.2890625 0.041666666666666664 0.046875
3 0.6069444444444444 0.5512152777777778 0.03611111111111111 0.05381944444444445
3 0.6916666666666667 0.4383680555555556 0.03333333333333333 0.05381944444444445
3 0.7347222222222223 0.4982638888888889 0.03888888888888889 0.059027777777777776
3 0.8236111111111111 0.4791666666666667 0.04722222222222222 0.06597222222222222
3 0.9319444444444445 0.4114583333333333 0.044444444444444446 0.059027777777777776
3 0.9180555555555555 0.16145833333333334 0.041666666666666664 0.0763888888888889
3 0.9006944444444445 0.24305555555555555 0.04027777777777778 0.07291666666666667
3 0.9708333333333333 0.3619791666666667 0.03888888888888889 0.07118055555555555
3 0.94375 0.6328125 0.0375 0.06770833333333333
3 0.8111111111111111 0.7638888888888888 0.03333333333333333 0.05555555555555555
3 0.9368055555555556 0.765625 0.05416666666666667 0.06944444444444445
3 0.9152777777777777 0.6840277777777778 0.05 0.0625
3 0.9833333333333333 0.625 0.03333333333333333 0.059027777777777776
3 0.9798611111111111 0.6744791666666666 0.04027777777777778 0.0642361111111111
3 0.9263888888888889 0.9288194444444444 0.041666666666666664 0.0625
3 0.95625 0.9704861111111112 0.05138888888888889 0.04861111111111111
3 0.37569444444444444 0.6154513888888888 0.05138888888888889 0.06076388888888889
3 0.016666666666666666 0.8689236111111112 0.030555555555555555 0.0642361111111111
3 0.014583333333333334 0.1032986111111111 0.02638888888888889 0.078125
3 0.009027777777777777 0.21788194444444445 0.015277777777777777 0.0642361111111111
3 0.007638888888888889 0.7395833333333334 0.0125 0.052083333333333336
