1 0.07777777777777778 0.0642361111111111 0.044444444444444446 0.0625
1 0.08472222222222223 0.3697916666666667 0.044444444444444446 0.06597222222222222
1 0.06805555555555555 0.4357638888888889 0.041666666666666664 0.052083333333333336
1 0.16527777777777777 0.2838541666666667 0.044444444444444446 0.06076388888888889
1 0.3326388888888889 0.2013888888888889 0.04861111111111111 0.05555555555555555
1 0.3472222222222222 0.3098958333333333 0.03888888888888889 0.057291666666666664
1 0.26458333333333334 0.4001736111111111 0.05138888888888889 0.06076388888888889
1 0.31875 0.3559027777777778 0.04583333333333333 0.059027777777777776
1 0.2923611111111111 0.4852430555555556 0.05138888888888889 0.0642361111111111
1 0.22916666666666666 0.6032986111111112 0.04722222222222222 0.0642361111111111
1 0.24583333333333332 0.8142361111111112 0.05 0.0625
1 0.08611111111111111 0.9357638888888888 0.05277777777777778 0.06597222222222222
1 0.3659722222222222 0.8220486111111112 0.04861111111111111 0.06076388888888889
1 0.2611111111111111 0.9496527777777778 0.04722222222222222 0.05555555555555555
1 0.5763888888888888 0.5399305555555556 0.044444444444444446 0.059027777777777776
1 0.56875 0.5928819444444444 0.04583333333333333 0.0642361111111111
1 0.6013888888888889 0.6779513888888888 0.044444444444444446 0.06076388888888889
1 0.5131944444444444 0.2664930555555556 0.05138888888888889 0.0642361111111111
1 0.5222222222222223 0.3376736111111111 0.05277777777777778 0.07118055555555555
1 0.5701388888888889 0.0546875 0.04861111111111111 0.06076388888888889
1 0.6715277777777777 0.23350694444444445 0.04583333333333333 0.05381944444444445
1 0.7277777777777777 0.2326388888888889 0.044444444444444446 0.052083333333333336
1 0.8381944444444445 0.026041666666666668 0.04861111111111111 0.04861111111111111
1 0.7930555555555555 0.2725694444444444 0.03888888888888889 0.052083333333333336
1 0.6958333333333333 0.4661458333333333 0.03888888888888889 0.057291666666666664
1 0.8034722222222223 0.3767361111111111 0.04861111111111111 0.0625
1 0.8270833333333333 0.4401041666666667 0.04027777777777778 0.057291666666666664
1 0.9666666666666667 0.3394097222222222 0.041666666666666664 0.06076388888888889
1 0.9854166666666667 0.5364583333333334 0.02638888888888889 0.05555555555555555
1 0.9708333333333333 0.6102430555555556 0.05277777777777778 0.0642361111111111
1 0.8791666666666667 0.8559027777777778 0.041666666666666664 0.05555555555555555
1 0.6229166666666667 0.8454861111111112 0.043055555555555555 0.06944444444444445
1 0.7097222222222223 0.8949652777777778 0.044444444444444446 0.057291666666666664
1 0.7506944444444444 0.9192708333333334 0.04861111111111111 0.06076388888888889
1 0.8027777777777778 0.9713541666666666 0.04722222222222222 0.046875
1 0.3861111111111111 0.4157986111111111 0.03888888888888889 0.050347222222222224
1 0.34791666666666665 0.4375 0.04861111111111111 0.059027777777777776
1 0.9895833333333334 0.1875 0.020833333333333332 0.04513888888888889
