1 0.2590277777777778 0.04600694444444445 0.04583333333333333 0.05381944444444445
1 0.12638888888888888 0.296875 0.04722222222222222 0.05555555555555555
1 0.049305555555555554 0.5451388888888888 0.04583333333333333 0.0625
1 0.13333333333333333 0.515625 0.03888888888888889 0.052083333333333336
1 0.39652777777777776 0.4557291666666667 0.05138888888888889 0.06770833333333333
1 0.42569444444444443 0.4140625 0.043055555555555555 0.05381944444444445
1 0.4395833333333333 0.24913194444444445 0.04861111111111111 0.0642361111111111
1 0.43194444444444446 0.1857638888888889 0.041666666666666664 0.05555555555555555
1 0.5229166666666667 0.09375 0.043055555555555555 0.05555555555555555
1 0.64375 0.03732638888888889 0.04861111111111111 0.046875
1 0.7458333333333333 0.12065972222222222 0.03888888888888889 0.0642361111111111
1 0.9173611111111111 0.2786458333333333 0.04861111111111111 0.07118055555555555
1 0.5944444444444444 0.23524305555555555 0.05555555555555555 0.0642361111111111
1 0.6756944444444445 0.2977430555555556 0.04027777777777778 0.057291666666666664
1 0.5354166666666667 0.6284722222222222 0.04027777777777778 0.05555555555555555
1 0.48680555555555555 0.6519097222222222 0.034722222222222224 0.046875
1 0.2548611111111111 0.7708333333333334 0.04027777777777778 0.05555555555555555
1 0.05625 0.8272569444444444 0.0375 0.05381944444444445
1 0.21805555555555556 0.8697916666666666 0.044444444444444446 0.06944444444444445
1 0.42916666666666664 0.8637152777777778 0.03611111111111111 0.050347222222222224
1 0.575 0.7795138888888888 0.041666666666666664 0.052083333333333336
1 0.5958333333333333 0.7465277777777778 0.03888888888888889 0.052083333333333336
1 0.63125 0.7725694444444444 0.0375 0.04861111111111111
1 0.7847222222222222 0.4869791666666667 0.03611111111111111 0.046875
1 0.7951388888888888 0.5503472222222222 0.04027777777777778 0.052083333333333336
1 0.7902777777777777 0.6119791666666666 0.03888888888888889 0.05381944444444445
1 0.7993055555555556 0.6831597222222222 0.0375 0.050347222222222224
1 0.8326388888888889 0.6727430555555556 0.04027777777777778 0.06076388888888889
1 0.9104166666666667 0.6171875 0.043055555555555555 0.0642361111111111
1 0.9006944444444445 0.6710069444444444 0.04583333333333333 0.043402777777777776
1 0.7125 0.7725694444444444 0.05 0.06597222222222222
1 0.5611111111111111 0.9696180555555556 0.044444444444444446 0.05381944444444445
1 0.6784722222222223 0.8411458333333334 0.04861111111111111 0.05381944444444445
1 0.7951388888888888 0.7977430555555556 0.043055555555555555 0.057291666666666664
1 0.6861111111111111 0.9053819444444444 0.041666666666666664 0.057291666666666664
1 0.26458333333333334 0.09809027777777778 0.04027777777777778 0.05381944444444445
1 0.011805555555555555 0.18229166666666666 0.020833333333333332 0.06944444444444445
1 0.8076388888888889 0.9774305555555556 0.04861111111111111 0.03819444444444445
