1 0.08055555555555556 0.3255208333333333 0.044444444444444446 0.06076388888888889
1 0.28402777777777777 0.2743055555555556 0.043055555555555555 0.0625
1 0.4027777777777778 0.19010416666666666 0.058333333333333334 0.0642361111111111
1 0.3840277777777778 0.0234375 0.04583333333333333 0.043402777777777776
1 0.5256944444444445 0.09375 0.04583333333333333 0.059027777777777776
1 0.5520833333333334 0.05642361111111111 0.04583333333333333 0.057291666666666664
1 0.5666666666666667 0.026909722222222224 0.041666666666666664 0.050347222222222224
1 0.7486111111111111 0.043402777777777776 0.04722222222222222 0.0625
1 0.12291666666666666 0.4088541666666667 0.05138888888888889 0.0642361111111111
1 0.24097222222222223 0.4348958333333333 0.05138888888888889 0.057291666666666664
1 0.13055555555555556 0.4713541666666667 0.044444444444444446 0.057291666666666664
1 0.12638888888888888 0.5451388888888888 0.04722222222222222 0.06944444444444445
1 0.25555555555555554 0.5746527777777778 0.05 0.06597222222222222
1 0.19305555555555556 0.6284722222222222 0.058333333333333334 0.0798611111111111
1 0.017361111111111112 0.7118055555555556 0.03194444444444444 0.07291666666666667
1 0.12152777777777778 0.921875 0.04583333333333333 0.06597222222222222
1 0.4986111111111111 0.7847222222222222 0.06666666666666667 0.08333333333333333
1 0.5055555555555555 0.5399305555555556 0.04722222222222222 0.0625
1 0.4708333333333333 0.3758680555555556 0.07222222222222222 0.06770833333333333
1 0.49583333333333335 0.2977430555555556 0.044444444444444446 0.07118055555555555
1 0.5840277777777778 0.3914930555555556 0.05138888888888889 0.0642361111111111
1 0.8013888888888889 0.3368055555555556 0.044444444444444446 0.0625
1 0.8333333333333334 0.2864583333333333 0.05 0.05555555555555555
1 0.9493055555555555 0.14756944444444445 0.043055555555555555 0.05555555555555555
1 0.8958333333333334 0.3506944444444444 0.06666666666666667 0.08680555555555555
1 0.95 0.3689236111111111 0.044444444444444446 0.06076388888888889
1 0.5631944444444444 0.5225694444444444 0.04583333333333333 0.06597222222222222
1 0.5986111111111111 0.5425347222222222 0.05 0.07118055555555555
1 0.9256944444444445 0.6085069444444444 0.04583333333333333 0.0642361111111111
1 0.4965277777777778 0.9748263888888888 0.04583333333333333 0.043402777777777776
1 0.6125 0.9019097222222222 0.05277777777777778 0.06076388888888889
1 0.7229166666666667 0.6762152777777778 0.04583333333333333 0.05381944444444445
1 0.7555555555555555 0.7152777777777778 0.04722222222222222 0.06597222222222222
1 0.9229166666666667 0.71875 0.04583333333333333 0.06944444444444445
1 0.7826388888888889 0.8324652777777778 0.04861111111111111 0.07118055555555555
1 0.8493055555555555 0.8463541666666666 0.04583333333333333 0.05381944444444445
1 0.8715277777777778 0.9348958333333334 0.05138888888888889 0.0642361111111111
7 0.39444444444444443 0.9097222222222222 0.06666666666666667 0.0798611111111111
1 0.0125 0.8663194444444444 0.022222222222222223 0.06597222222222222
1 0.9923611111111111 0.4748263888888889 0.015277777777777777 0.057291666666666664
