1 0.035416666666666666 0.140625 0.04583333333333333 0.059027777777777776
1 0.2263888888888889 0.0763888888888889 0.04722222222222222 0.059027777777777776
1 0.08819444444444445 0.2569444444444444 0.04861111111111111 0.06597222222222222
1 0.05416666666666667 0.3046875 0.05 0.06076388888888889
1 0.016666666666666666 0.4991319444444444 0.030555555555555555 0.057291666666666664
1 0.021527777777777778 0.6171875 0.04027777777777778 0.06076388888888889
1 0.13958333333333334 0.6180555555555556 0.04027777777777778 0.05555555555555555
1 0.17569444444444443 0.625 0.043055555555555555 0.05555555555555555
1 0.2743055555555556 0.5842013888888888 0.04027777777777778 0.057291666666666664
1 0.12708333333333333 0.6996527777777778 0.043055555555555555 0.05555555555555555
1 0.16458333333333333 0.8220486111111112 0.04583333333333333 0.05381944444444445
1 0.27291666666666664 0.8671875 0.043055555555555555 0.057291666666666664
1 0.34097222222222223 0.4175347222222222 0.043055555555555555 0.0642361111111111
1 0.33055555555555555 0.4895833333333333 0.05 0.0625
1 0.36527777777777776 0.1328125 0.05277777777777778 0.0642361111111111
1 0.5194444444444445 0.10416666666666667 0.05 0.05555555555555555
1 0.5611111111111111 0.07725694444444445 0.05277777777777778 0.06770833333333333
1 0.5326388888888889 0.265625 0.04861111111111111 0.059027777777777776
1 0.6402777777777777 0.17881944444444445 0.041666666666666664 0.059027777777777776
1 0.6805555555555556 0.3211805555555556 0.044444444444444446 0.0625
1 0.6131944444444445 0.3888888888888889 0.043055555555555555 0.05555555555555555
1 0.5090277777777777 0.546875 0.043055555555555555 0.059027777777777776
1 0.48541666666666666 0.6137152777777778 0.043055555555555555 0.06770833333333333
1 0.375 0.7152777777777778 0.05555555555555555 0.04861111111111111
1 0.3819444444444444 0.7560763888888888 0.03888888888888889 0.06076388888888889
1 0.5125 0.8255208333333334 0.041666666666666664 0.05381944444444445
1 0.4861111111111111 0.9010416666666666 0.05277777777777778 0.059027777777777776
1 0.5333333333333333 0.8776041666666666 0.05 0.06076388888888889
1 0.6861111111111111 0.8550347222222222 0.044444444444444446 0.05381944444444445
1 0.6263888888888889 0.6961805555555556 0.044444444444444446 0.0625
1 0.5986111111111111 0.7326388888888888 0.044444444444444446 0.05555555555555555
1 0.7076388888888889 0.5086805555555556 0.043055555555555555 0.05555555555555555
1 0.8736111111111111 0.3107638888888889 0.044444444444444446 0.059027777777777776
1 0.9416666666666667 0.4114583333333333 0.03888888888888889 0.05555555555555555
1 0.9618055555555556 0.6232638888888888 0.043055555555555555 0.052083333333333336
1 0.8458333333333333 0.6805555555555556 0.04722222222222222 0.06597222222222222
1 0.84375 0.7456597222222222 0.043055555555555555 0.057291666666666664
1 0.9090277777777778 0.8828125 0.04027777777777778 0.06076388888888889
1 0.9381944444444444 0.8541666666666666 0.043055555555555555 0.05555555555555555
1 0.9805555555555555 0.7699652777777778 0.03611111111111111 0.06076388888888889
1 0.6416666666666667 0.9696180555555556 0.04722222222222222 0.050347222222222224
1 0.3902777777777778 0.9861111111111112 0.041666666666666664 0.027777777777777776
1 0.1701388888888889 0.984375 0.043055555555555555 0.024305555555555556
