1 0.06111111111111111 0.026909722222222224 0.041666666666666664 0.050347222222222224
1 0.17777777777777778 0.40625 0.05 0.0625
1 0.06944444444444445 0.5173611111111112 0.044444444444444446 0.05555555555555555
1 0.13472222222222222 0.5164930555555556 0.04722222222222222 0.057291666666666664
1 0.27152777777777776 0.3940972222222222 0.04861111111111111 0.059027777777777776
1 0.3972222222222222 0.3072916666666667 0.044444444444444446 0.059027777777777776
1 0.4444444444444444 0.1605902777777778 0.041666666666666664 0.05381944444444445
1 0.5638888888888889 0.21788194444444445 0.04722222222222222 0.057291666666666664
1 0.5854166666666667 0.046875 0.04027777777777778 0.04861111111111111
1 0.6597222222222222 0.0546875 0.044444444444444446 0.05381944444444445
1 0.8548611111111111 0.07899305555555555 0.05138888888888889 0.0642361111111111
1 0.9166666666666666 0.050347222222222224 0.041666666666666664 0.059027777777777776
1 0.9743055555555555 0.1267361111111111 0.04583333333333333 0.0625
1 0.7319444444444444 0.3272569444444444 0.044444444444444446 0.057291666666666664
1 0.8180555555555555 0.2986111111111111 0.044444444444444446 0.05555555555555555
1 0.7034722222222223 0.4340277777777778 0.04861111111111111 0.0625
1 0.7548611111111111 0.4270833333333333 0.043055555555555555 0.059027777777777776
1 0.9388888888888889 0.4539930555555556 0.044444444444444446 0.06076388888888889
1 0.28680555555555554 0.6041666666666666 0.04583333333333333 0.05555555555555555
1 0.08611111111111111 0.7335069444444444 0.044444444444444446 0.06076388888888889
1 0.03333333333333333 0.7647569444444444 0.04722222222222222 0.057291666666666664
1 0.022916666666666665 0.9487847222222222 0.0375 0.050347222222222224
1 0.1076388888888889 0.8880208333333334 0.04583333333333333 0.06076388888888889
1 0.4652777777777778 0.6354166666666666 0.041666666666666664 0.05555555555555555
1 0.30277777777777776 0.9800347222222222 0.041666666666666664 0.03993055555555555
1 0.5131944444444444 0.7335069444444444 0.043055555555555555 0.057291666666666664
1 0.4395833333333333 0.9800347222222222 0.04583333333333333 0.036458333333333336
1 0.6666666666666666 0.7430555555555556 0.03888888888888889 0.05555555555555555
1 0.6652777777777777 0.6223958333333334 0.041666666666666664 0.050347222222222224
1 0.5847222222222223 0.5277777777777778 0.044444444444444446 0.05555555555555555
1 0.6826388888888889 0.5208333333333334 0.043055555555555555 0.0625
1 0.91875 0.6684027777777778 0.05138888888888889 0.06597222222222222
1 0.7375 0.78125 0.041666666666666664 0.052083333333333336
1 0.7215277777777778 0.8237847222222222 0.043055555555555555 0.05381944444444445
1 0.8 0.8315972222222222 0.041666666666666664 0.052083333333333336
1 0.9305555555555556 0.7465277777777778 0.041666666666666664 0.059027777777777776
1 0.9666666666666667 0.7413194444444444 0.03888888888888889 0.05555555555555555
1 0.73125 0.9678819444444444 0.043055555555555555 0.050347222222222224
