1 0.16111111111111112 0.3914930555555556 0.041666666666666664 0.057291666666666664
1 0.020833333333333332 0.6779513888888888 0.03888888888888889 0.057291666666666664
1 0.011805555555555555 0.9479166666666666 0.020833333333333332 0.059027777777777776
1 0.07708333333333334 0.8810763888888888 0.05138888888888889 0.07118055555555555
1 0.11041666666666666 0.9383680555555556 0.05416666666666667 0.0642361111111111
1 0.3388888888888889 0.7465277777777778 0.041666666666666664 0.059027777777777776
1 0.33958333333333335 0.5190972222222222 0.04583333333333333 0.0625
1 0.29930555555555555 0.6328125 0.04027777777777778 0.057291666666666664
1 0.33611111111111114 0.3098958333333333 0.05277777777777778 0.0642361111111111
1 0.2701388888888889 0.11979166666666667 0.04583333333333333 0.059027777777777776
1 0.33611111111111114 0.22743055555555555 0.044444444444444446 0.0625
1 0.375 0.0234375 0.04722222222222222 0.043402777777777776
1 0.44375 0.029513888888888888 0.04027777777777778 0.05555555555555555
1 0.5604166666666667 0.1701388888888889 0.04861111111111111 0.059027777777777776
1 0.5743055555555555 0.2265625 0.05138888888888889 0.07465277777777778
1 0.37916666666666665 0.4435763888888889 0.044444444444444446 0.057291666666666664
1 0.44930555555555557 0.5303819444444444 0.04861111111111111 0.06076388888888889
1 0.44722222222222224 0.4791666666666667 0.044444444444444446 0.059027777777777776
1 0.5270833333333333 0.484375 0.05138888888888889 0.05555555555555555
1 0.5006944444444444 0.6232638888888888 0.04861111111111111 0.0625
1 0.4875 0.6736111111111112 0.044444444444444446 0.0625
1 0.5631944444444444 0.5694444444444444 0.043055555555555555 0.059027777777777776
1 0.575 0.5138888888888888 0.044444444444444446 0.06944444444444445
1 0.6791666666666667 0.4939236111111111 0.04722222222222222 0.0642361111111111
1 0.7534722222222222 0.3463541666666667 0.04861111111111111 0.06076388888888889
1 0.7666666666666667 0.13020833333333334 0.041666666666666664 0.059027777777777776
1 0.7888888888888889 0.1762152777777778 0.044444444444444446 0.06076388888888889
1 0.8402777777777778 0.3029513888888889 0.044444444444444446 0.06770833333333333
1 0.9555555555555556 0.2543402777777778 0.044444444444444446 0.06076388888888889
1 0.7951388888888888 0.4765625 0.043055555555555555 0.057291666666666664
1 0.7916666666666666 0.5373263888888888 0.044444444444444446 0.06076388888888889
1 0.7027777777777777 0.6623263888888888 0.05 0.06076388888888889
1 0.88125 0.6319444444444444 0.043055555555555555 0.06597222222222222
1 0.6111111111111112 0.8289930555555556 0.04722222222222222 0.07118055555555555
1 0.6604166666666667 0.8967013888888888 0.05416666666666667 0.07118055555555555
1 0.6965277777777777 0.9748263888888888 0.04583333333333333 0.046875
1 0.8326388888888889 0.9019097222222222 0.04861111111111111 0.06770833333333333
1 0.9458333333333333 0.8055555555555556 0.04722222222222222 0.06597222222222222
1 0.9791666666666666 0.9618055555555556 0.041666666666666664 0.05555555555555555
1 0.7486111111111111 0.7309027777777778 0.044444444444444446 0.059027777777777776
1 0.7069444444444445 0.7326388888888888 0.05 0.059027777777777776
