1 0.12291666666666666 0.1449652777777778 0.043055555555555555 0.05381944444444445
1 0.019444444444444445 0.4704861111111111 0.03611111111111111 0.05555555555555555
1 0.03888888888888889 0.5607638888888888 0.03888888888888889 0.052083333333333336
1 0.1597222222222222 0.6171875 0.04722222222222222 0.06076388888888889
1 0.10486111111111111 0.4730902777777778 0.04861111111111111 0.05381944444444445
1 0.12569444444444444 0.4097222222222222 0.043055555555555555 0.052083333333333336
1 0.1840277777777778 0.2821180555555556 0.04027777777777778 0.05381944444444445
1 0.22916666666666666 0.2595486111111111 0.03888888888888889 0.050347222222222224
1 0.3576388888888889 0.3689236111111111 0.04583333333333333 0.057291666666666664
1 0.1763888888888889 0.5164930555555556 0.041666666666666664 0.0642361111111111
1 0.2111111111111111 0.5755208333333334 0.041666666666666664 0.050347222222222224
1 0.3451388888888889 0.5729166666666666 0.04583333333333333 0.06597222222222222
1 0.21458333333333332 0.8098958333333334 0.04583333333333333 0.0642361111111111
1 0.02847222222222222 0.9097222222222222 0.043055555555555555 0.059027777777777776
1 0.03819444444444445 0.9739583333333334 0.0375 0.04513888888888889
1 0.12708333333333333 0.8758680555555556 0.04583333333333333 0.06076388888888889
1 0.20625 0.9001736111111112 0.043055555555555555 0.0642361111111111
1 0.28958333333333336 0.7777777777777778 0.04027777777777778 0.059027777777777776
1 0.2986111111111111 0.9097222222222222 0.03888888888888889 0.052083333333333336
1 0.3854166666666667 0.8220486111111112 0.04027777777777778 0.050347222222222224
1 0.3958333333333333 0.9149305555555556 0.044444444444444446 0.052083333333333336
1 0.5645833333333333 0.7612847222222222 0.04861111111111111 0.057291666666666664
1 0.6416666666666667 0.7482638888888888 0.041666666666666664 0.059027777777777776
1 0.6472222222222223 0.9574652777777778 0.04722222222222222 0.0642361111111111
1 0.8590277777777777 0.6892361111111112 0.043055555555555555 0.05555555555555555
1 0.6916666666666667 0.5729166666666666 0.044444444444444446 0.04861111111111111
1 0.8541666666666666 0.5017361111111112 0.04722222222222222 0.059027777777777776
1 0.9861111111111112 0.5972222222222222 0.027777777777777776 0.05555555555555555
1 0.6076388888888888 0.4357638888888889 0.05138888888888889 0.0625
1 0.3854166666666667 0.5477430555555556 0.04027777777777778 0.057291666666666664
1 0.46597222222222223 0.4878472222222222 0.043055555555555555 0.052083333333333336
1 0.5173611111111112 0.4965277777777778 0.043055555555555555 0.059027777777777776
1 0.48819444444444443 0.5347222222222222 0.04027777777777778 0.059027777777777776
1 0.5680555555555555 0.3255208333333333 0.041666666666666664 0.05381944444444445
1 0.7659722222222223 0.3888888888888889 0.04027777777777778 0.052083333333333336
1 0.9326388888888889 0.3003472222222222 0.04583333333333333 0.052083333333333336
1 0.4875 0.1267361111111111 0.044444444444444446 0.05555555555555555
1 0.3576388888888889 0.04600694444444445 0.043055555555555555 0.050347222222222224
1 0.6569444444444444 0.1189236111111111 0.044444444444444446 0.05381944444444445
1 0.7159722222222222 0.08506944444444445 0.04027777777777778 0.052083333333333336
1 0.8256944444444444 0.12065972222222222 0.043055555555555555 0.050347222222222224
1 0.9819444444444444 0.059027777777777776 0.03611111111111111 0.04861111111111111
1 0.9819444444444444 0.15625 0.03333333333333333 0.052083333333333336
1 0.013194444444444444 0.8671875 0.02361111111111111 0.06076388888888889
1 0.4486111111111111 0.014756944444444444 0.044444444444444446 0.026041666666666668
1 0.010416666666666666 0.1467013888888889 0.018055555555555554 0.057291666666666664
1 0.006944444444444444 0.7630208333333334 0.011111111111111112 0.057291666666666664
1 0.6916666666666667 0.009548611111111112 0.041666666666666664 0.015625
