1 0.02638888888888889 0.16493055555555555 0.03888888888888889 0.05555555555555555
1 0.06805555555555555 0.2265625 0.041666666666666664 0.05381944444444445
1 0.027083333333333334 0.3315972222222222 0.04861111111111111 0.05555555555555555
1 0.13541666666666666 0.09114583333333333 0.043055555555555555 0.06076388888888889
1 0.17916666666666667 0.034722222222222224 0.041666666666666664 0.0625
1 0.1840277777777778 0.1032986111111111 0.04583333333333333 0.06076388888888889
1 0.22291666666666668 0.07378472222222222 0.04583333333333333 0.0642361111111111
1 0.2798611111111111 0.04774305555555555 0.04861111111111111 0.057291666666666664
1 0.25069444444444444 0.171875 0.04027777777777778 0.052083333333333336
1 0.2791666666666667 0.1996527777777778 0.03888888888888889 0.05555555555555555
1 0.5194444444444445 0.13541666666666666 0.044444444444444446 0.06597222222222222
1 0.34444444444444444 0.2960069444444444 0.04722222222222222 0.0642361111111111
1 0.41388888888888886 0.3220486111111111 0.044444444444444446 0.05381944444444445
1 0.4673611111111111 0.3072916666666667 0.04583333333333333 0.04861111111111111
1 0.5805555555555556 0.16666666666666666 0.04722222222222222 0.0625
1 0.6131944444444445 0.13802083333333334 0.04583333333333333 0.05381944444444445
1 0.6597222222222222 0.09375 0.041666666666666664 0.05555555555555555
1 0.65 0.022569444444444444 0.041666666666666664 0.041666666666666664
1 0.9402777777777778 0.1362847222222222 0.041666666666666664 0.050347222222222224
1 0.8423611111111111 0.20225694444444445 0.04583333333333333 0.06076388888888889
1 0.7138888888888889 0.2942708333333333 0.04722222222222222 0.06076388888888889
1 0.6229166666666667 0.4418402777777778 0.05138888888888889 0.06770833333333333
1 0.2326388888888889 0.5199652777777778 0.0375 0.050347222222222224
1 0.11944444444444445 0.5746527777777778 0.041666666666666664 0.05555555555555555
1 0.18888888888888888 0.6970486111111112 0.041666666666666664 0.06076388888888889
1 0.375 0.6631944444444444 0.05277777777777778 0.0625
1 0.39861111111111114 0.6189236111111112 0.044444444444444446 0.0642361111111111
1 0.3861111111111111 0.5581597222222222 0.04722222222222222 0.05381944444444445
1 0.4673611111111111 0.5520833333333334 0.043055555555555555 0.05555555555555555
1 0.7520833333333333 0.5251736111111112 0.04583333333333333 0.06076388888888889
1 0.7527777777777778 0.6935763888888888 0.041666666666666664 0.057291666666666664
1 0.2708333333333333 0.8081597222222222 0.044444444444444446 0.057291666666666664
1 0.20972222222222223 0.8359375 0.04722222222222222 0.0642361111111111
1 0.12291666666666666 0.9192708333333334 0.043055555555555555 0.05381944444444445
1 0.1597222222222222 0.9201388888888888 0.03611111111111111 0.04513888888888889
1 0.21944444444444444 0.9097222222222222 0.044444444444444446 0.05555555555555555
1 0.47430555555555554 0.7595486111111112 0.04861111111111111 0.05381944444444445
1 0.45 0.7916666666666666 0.05 0.052083333333333336
1 0.5569444444444445 0.6631944444444444 0.04722222222222222 0.059027777777777776
1 0.5986111111111111 0.7230902777777778 0.04722222222222222 0.06076388888888889
1 0.6847222222222222 0.7404513888888888 0.041666666666666664 0.057291666666666664
1 0.54375 0.8637152777777778 0.043055555555555555 0.06076388888888889
1 0.42291666666666666 0.9262152777777778 0.043055555555555555 0.05381944444444445
1 0.41041666666666665 0.9782986111111112 0.05694444444444444 0.03993055555555555
1 0.7229166666666667 0.8793402777777778 0.043055555555555555 0.057291666666666664
1 0.95625 0.1779513888888889 0.04583333333333333 0.057291666666666664
1 0.8916666666666667 0.9852430555555556 0.03333333333333333 0.019097222222222224
1 0.21736111111111112 0.5633680555555556 0.04583333333333333 0.06076388888888889
1 0.7819444444444444 0.016493055555555556 0.05 0.029513888888888888
