1 0.014583333333333334 0.0685763888888889 0.02638888888888889 0.057291666666666664
1 0.05277777777777778 0.0842013888888889 0.04722222222222222 0.05381944444444445
1 0.0125 0.5564236111111112 0.022222222222222223 0.06076388888888889
1 0.1111111111111111 0.5590277777777778 0.05 0.06597222222222222
1 0.3 0.07725694444444445 0.044444444444444446 0.057291666666666664
1 0.25625 0.4930555555555556 0.04583333333333333 0.052083333333333336
1 0.34791666666666665 0.3697916666666667 0.043055555555555555 0.05555555555555555
1 0.3715277777777778 0.1736111111111111 0.043055555555555555 0.0625
1 0.40208333333333335 0.13194444444444445 0.04027777777777778 0.05555555555555555
1 0.40625 0.3585069444444444 0.04583333333333333 0.0642361111111111
1 0.4625 0.4236111111111111 0.044444444444444446 0.05555555555555555
1 0.3527777777777778 0.5963541666666666 0.041666666666666664 0.057291666666666664
1 0.46875 0.6935763888888888 0.04583333333333333 0.06770833333333333
1 0.22847222222222222 0.8029513888888888 0.04861111111111111 0.06076388888888889
1 0.4305555555555556 0.8645833333333334 0.04722222222222222 0.06944444444444445
1 0.3138888888888889 0.9809027777777778 0.05277777777777778 0.034722222222222224
1 0.6645833333333333 0.96875 0.04583333333333333 0.059027777777777776
1 0.6756944444444445 0.8454861111111112 0.04861111111111111 0.06597222222222222
1 0.73125 0.7942708333333334 0.043055555555555555 0.057291666666666664
1 0.5708333333333333 0.5390625 0.05277777777777778 0.06076388888888889
1 0.5694444444444444 0.4366319444444444 0.05277777777777778 0.0642361111111111
1 0.5493055555555556 0.2526041666666667 0.04861111111111111 0.06076388888888889
1 0.625 0.2803819444444444 0.05 0.05381944444444445
1 0.7326388888888888 0.2526041666666667 0.05416666666666667 0.06770833333333333
1 0.7756944444444445 0.1076388888888889 0.04583333333333333 0.05555555555555555
1 0.9444444444444444 0.09288194444444445 0.041666666666666664 0.057291666666666664
1 0.9486111111111111 0.1753472222222222 0.044444444444444446 0.05555555555555555
1 0.9166666666666666 0.3012152777777778 0.04722222222222222 0.07118055555555555
1 0.9166666666666666 0.4010416666666667 0.04722222222222222 0.059027777777777776
1 0.9493055555555555 0.4565972222222222 0.043055555555555555 0.05555555555555555
1 0.9111111111111111 0.5633680555555556 0.044444444444444446 0.057291666666666664
1 0.7666666666666667 0.6267361111111112 0.044444444444444446 0.05555555555555555
1 0.8402777777777778 0.6310763888888888 0.05277777777777778 0.06770833333333333
1 0.8458333333333333 0.8888888888888888 0.05277777777777778 0.0625
1 0.7395833333333334 0.8845486111111112 0.043055555555555555 0.05381944444444445
1 0.9875 0.9496527777777778 0.025 0.05555555555555555
1 0.009027777777777777 0.6831597222222222 0.015277777777777777 0.0642361111111111
