1 0.10972222222222222 0.029513888888888888 0.041666666666666664 0.05555555555555555
1 0.15625 0.0390625 0.04583333333333333 0.06076388888888889
1 0.07847222222222222 0.5538194444444444 0.04861111111111111 0.0625
1 0.14166666666666666 0.6232638888888888 0.044444444444444446 0.06597222222222222
1 0.04722222222222222 0.6970486111111112 0.05555555555555555 0.07118055555555555
1 0.04236111111111111 0.7708333333333334 0.04583333333333333 0.059027777777777776
1 0.09305555555555556 0.8420138888888888 0.04722222222222222 0.06944444444444445
1 0.2375 0.5659722222222222 0.04722222222222222 0.0625
1 0.23958333333333334 0.7196180555555556 0.05416666666666667 0.06770833333333333
1 0.375 0.7361111111111112 0.05277777777777778 0.06597222222222222
1 0.4388888888888889 0.390625 0.04722222222222222 0.0625
1 0.4222222222222222 0.2092013888888889 0.044444444444444446 0.0642361111111111
1 0.4534722222222222 0.4782986111111111 0.04861111111111111 0.0642361111111111
1 0.5722222222222222 0.7664930555555556 0.04722222222222222 0.057291666666666664
1 0.5611111111111111 0.8289930555555556 0.05 0.0642361111111111
1 0.48819444444444443 0.9748263888888888 0.04583333333333333 0.03993055555555555
1 0.63125 0.9322916666666666 0.04583333333333333 0.06597222222222222
1 0.80625 0.7352430555555556 0.05138888888888889 0.07118055555555555
1 0.7583333333333333 0.4210069444444444 0.041666666666666664 0.07118055555555555
1 0.8090277777777778 0.4826388888888889 0.05138888888888889 0.06597222222222222
1 0.49930555555555556 0.16493055555555555 0.04583333333333333 0.06597222222222222
1 0.6819444444444445 0.024305555555555556 0.05277777777777778 0.04513888888888889
1 0.6791666666666667 0.2760416666666667 0.04722222222222222 0.059027777777777776
1 0.5375 0.3194444444444444 0.05 0.07291666666666667
1 0.5888888888888889 0.1293402777777778 0.04722222222222222 0.057291666666666664
1 0.5993055555555555 0.1892361111111111 0.04861111111111111 0.0625
1 0.6166666666666667 0.2482638888888889 0.04722222222222222 0.059027777777777776
1 0.7847222222222222 0.21961805555555555 0.05277777777777778 0.050347222222222224
1 0.9784722222222222 0.025173611111111112 0.043055555555555555 0.046875
1 0.9673611111111111 0.3576388888888889 0.04861111111111111 0.06597222222222222
1 0.8541666666666666 0.7734375 0.044444444444444446 0.0642361111111111
1 0.7548611111111111 0.9496527777777778 0.05138888888888889 0.07291666666666667
1 0.7993055555555556 0.8567708333333334 0.04583333333333333 0.06076388888888889
1 0.9069444444444444 0.8984375 0.05 0.0642361111111111
7 0.4388888888888889 0.8680555555555556 0.06388888888888888 0.06944444444444445
1 0.9895833333333334 0.5885416666666666 0.020833333333333332 0.05555555555555555
7 0.11180555555555556 0.14756944444444445 0.07083333333333333 0.0763888888888889
1 0.015277777777777777 0.9739583333333334 0.027777777777777776 0.04861111111111111
