1 0.024305555555555556 0.13802083333333334 0.04583333333333333 0.0642361111111111
1 0.24930555555555556 0.0234375 0.04027777777777778 0.043402777777777776
1 0.28541666666666665 0.2361111111111111 0.043055555555555555 0.059027777777777776
1 0.22777777777777777 0.4869791666666667 0.041666666666666664 0.057291666666666664
1 0.27291666666666664 0.4097222222222222 0.043055555555555555 0.052083333333333336
1 0.33194444444444443 0.4262152777777778 0.044444444444444446 0.057291666666666664
1 0.024305555555555556 0.7126736111111112 0.04583333333333333 0.057291666666666664
1 0.020833333333333332 0.8055555555555556 0.03888888888888889 0.059027777777777776
1 0.30277777777777776 0.9027777777777778 0.044444444444444446 0.04861111111111111
1 0.34791666666666665 0.8619791666666666 0.043055555555555555 0.057291666666666664
1 0.38819444444444445 0.7786458333333334 0.043055555555555555 0.057291666666666664
1 0.5256944444444445 0.609375 0.043055555555555555 0.05555555555555555
1 0.5166666666666667 0.4887152777777778 0.041666666666666664 0.06076388888888889
1 0.45902777777777776 0.3159722222222222 0.04027777777777778 0.04861111111111111
1 0.46875 0.359375 0.04027777777777778 0.05555555555555555
1 0.6368055555555555 0.3559027777777778 0.043055555555555555 0.052083333333333336
1 0.4861111111111111 0.019097222222222224 0.04722222222222222 0.034722222222222224
1 0.6284722222222222 0.05295138888888889 0.04861111111111111 0.057291666666666664
1 0.7534722222222222 0.3619791666666667 0.04861111111111111 0.06076388888888889
1 0.7652777777777777 0.4661458333333333 0.041666666666666664 0.057291666666666664
1 0.7486111111111111 0.6892361111111112 0.04722222222222222 0.06597222222222222
1 0.5152777777777777 0.875 0.041666666666666664 0.05555555555555555
1 0.40694444444444444 0.9730902777777778 0.041666666666666664 0.043402777777777776
1 0.5305555555555556 0.9809027777777778 0.044444444444444446 0.034722222222222224
1 0.5743055555555555 0.8984375 0.043055555555555555 0.057291666666666664
1 0.5965277777777778 0.9470486111111112 0.04861111111111111 0.057291666666666664
1 0.6430555555555556 0.9427083333333334 0.044444444444444446 0.05555555555555555
1 0.725 0.7890625 0.04722222222222222 0.05381944444444445
1 0.8534722222222222 0.8081597222222222 0.05416666666666667 0.06076388888888889
1 0.9506944444444444 0.6223958333333334 0.04861111111111111 0.057291666666666664
1 0.9201388888888888 0.7673611111111112 0.04027777777777778 0.05555555555555555
1 0.9152777777777777 0.8289930555555556 0.044444444444444446 0.057291666666666664
1 0.89375 0.96875 0.043055555555555555 0.052083333333333336
1 0.9888888888888889 0.8784722222222222 0.022222222222222223 0.0625
1 0.8673611111111111 0.14930555555555555 0.04861111111111111 0.0625
1 0.8020833333333334 0.2465277777777778 0.043055555555555555 0.05555555555555555
1 0.8034722222222223 0.06076388888888889 0.04027777777777778 0.05555555555555555
1 0.8472222222222222 0.030381944444444444 0.044444444444444446 0.057291666666666664
1 0.90625 0.08072916666666667 0.04027777777777778 0.06076388888888889
