1 0.13333333333333333 0.2873263888888889 0.04722222222222222 0.0642361111111111
1 0.2923611111111111 0.2803819444444444 0.05138888888888889 0.050347222222222224
1 0.19930555555555557 0.3932291666666667 0.04027777777777778 0.057291666666666664
1 0.10208333333333333 0.65625 0.04861111111111111 0.06597222222222222
1 0.09930555555555555 0.7239583333333334 0.04861111111111111 0.05555555555555555
1 0.22013888888888888 0.5972222222222222 0.04583333333333333 0.059027777777777776
1 0.2881944444444444 0.5269097222222222 0.04861111111111111 0.06770833333333333
1 0.4270833333333333 0.4713541666666667 0.043055555555555555 0.057291666666666664
1 0.32708333333333334 0.2282986111111111 0.04583333333333333 0.057291666666666664
1 0.46319444444444446 0.1918402777777778 0.043055555555555555 0.06076388888888889
1 0.5548611111111111 0.2265625 0.04583333333333333 0.06076388888888889
1 0.5527777777777778 0.06684027777777778 0.041666666666666664 0.05381944444444445
1 0.5715277777777777 0.026041666666666668 0.043055555555555555 0.04861111111111111
1 0.6493055555555556 0.059027777777777776 0.043055555555555555 0.059027777777777776
1 0.6659722222222222 0.12760416666666666 0.04861111111111111 0.0642361111111111
1 0.6916666666666667 0.3203125 0.044444444444444446 0.07118055555555555
1 0.7798611111111111 0.2439236111111111 0.04583333333333333 0.05381944444444445
1 0.8770833333333333 0.029513888888888888 0.043055555555555555 0.05555555555555555
1 0.65 0.4331597222222222 0.04722222222222222 0.06770833333333333
1 0.56875 0.4956597222222222 0.04861111111111111 0.06076388888888889
1 0.24305555555555555 0.7456597222222222 0.041666666666666664 0.0642361111111111
1 0.18958333333333333 0.8298611111111112 0.043055555555555555 0.05555555555555555
1 0.16527777777777777 0.8628472222222222 0.044444444444444446 0.059027777777777776
1 0.28888888888888886 0.9375 0.04722222222222222 0.059027777777777776
1 0.34097222222222223 0.9817708333333334 0.04861111111111111 0.03298611111111111
1 0.5229166666666667 0.8654513888888888 0.043055555555555555 0.06076388888888889
1 0.5597222222222222 0.8480902777777778 0.04722222222222222 0.06076388888888889
1 0.5319444444444444 0.7256944444444444 0.041666666666666664 0.059027777777777776
1 0.5958333333333333 0.6831597222222222 0.04722222222222222 0.07118055555555555
1 0.6131944444444445 0.7543402777777778 0.04583333333333333 0.0642361111111111
1 0.8201388888888889 0.6328125 0.043055555555555555 0.06076388888888889
1 0.7159722222222222 0.9079861111111112 0.04583333333333333 0.052083333333333336
1 0.6618055555555555 0.9479166666666666 0.05416666666666667 0.0625
1 0.725 0.9513888888888888 0.044444444444444446 0.04861111111111111
1 0.8444444444444444 0.3125 0.044444444444444446 0.0625
1 0.9569444444444445 0.3897569444444444 0.05 0.0642361111111111
1 0.9527777777777777 0.4704861111111111 0.04722222222222222 0.0625
1 0.8236111111111111 0.9835069444444444 0.03888888888888889 0.022569444444444444
