1 0.024305555555555556 0.034722222222222224 0.04027777777777778 0.05555555555555555
1 0.08263888888888889 0.2170138888888889 0.05138888888888889 0.0625
1 0.020833333333333332 0.5060763888888888 0.03888888888888889 0.06076388888888889
1 0.15625 0.3793402777777778 0.04583333333333333 0.06770833333333333
1 0.15625 0.2925347222222222 0.04583333333333333 0.06076388888888889
1 0.3701388888888889 0.2847222222222222 0.04861111111111111 0.0625
1 0.20416666666666666 0.07725694444444445 0.05555555555555555 0.06076388888888889
1 0.24305555555555555 0.1579861111111111 0.04722222222222222 0.052083333333333336
1 0.3368055555555556 0.021701388888888888 0.04861111111111111 0.03993055555555555
1 0.41180555555555554 0.03993055555555555 0.043055555555555555 0.05555555555555555
1 0.49583333333333335 0.026041666666666668 0.05277777777777778 0.04861111111111111
1 0.5743055555555555 0.1345486111111111 0.043055555555555555 0.05381944444444445
1 0.5680555555555555 0.06770833333333333 0.041666666666666664 0.052083333333333336
1 0.4388888888888889 0.421875 0.05277777777777778 0.059027777777777776
1 0.2375 0.5277777777777778 0.041666666666666664 0.052083333333333336
1 0.26805555555555555 0.6553819444444444 0.05 0.06076388888888889
1 0.4326388888888889 0.5876736111111112 0.04861111111111111 0.06076388888888889
1 0.5118055555555555 0.4019097222222222 0.04861111111111111 0.06770833333333333
1 0.6395833333333333 0.3506944444444444 0.043055555555555555 0.059027777777777776
1 0.6770833333333334 0.3472222222222222 0.0375 0.0625
1 0.6611111111111111 0.09809027777777778 0.05277777777777778 0.07465277777777778
1 0.7027777777777777 0.125 0.041666666666666664 0.059027777777777776
1 0.7430555555555556 0.12760416666666666 0.044444444444444446 0.05381944444444445
1 0.9291666666666667 0.3064236111111111 0.044444444444444446 0.050347222222222224
1 0.9104166666666667 0.06684027777777778 0.04583333333333333 0.050347222222222224
1 0.9777777777777777 0.0234375 0.044444444444444446 0.043402777777777776
1 0.9784722222222222 0.0920138888888889 0.04027777777777778 0.059027777777777776
1 0.9875 0.16319444444444445 0.025 0.06597222222222222
1 0.86875 0.5138888888888888 0.04861111111111111 0.0625
1 0.9604166666666667 0.5182291666666666 0.05416666666666667 0.07118055555555555
1 0.5611111111111111 0.6015625 0.041666666666666664 0.05381944444444445
1 0.7652777777777777 0.6640625 0.05 0.06076388888888889
1 0.2965277777777778 0.8862847222222222 0.04861111111111111 0.0642361111111111
1 0.375 0.8541666666666666 0.04722222222222222 0.059027777777777776
1 0.1125 0.9809027777777778 0.05 0.03819444444444445
1 0.5430555555555555 0.7829861111111112 0.044444444444444446 0.05555555555555555
1 0.6784722222222223 0.8072916666666666 0.04583333333333333 0.06597222222222222
1 0.7590277777777777 0.8793402777777778 0.05138888888888889 0.05381944444444445
1 0.55 0.90625 0.044444444444444446 0.059027777777777776
1 0.5645833333333333 0.9730902777777778 0.04027777777777778 0.046875
1 0.7048611111111112 0.9270833333333334 0.04861111111111111 0.05555555555555555
1 0.7340277777777777 0.9704861111111112 0.043055555555555555 0.052083333333333336
1 0.8152777777777778 0.7595486111111112 0.05277777777777778 0.0642361111111111
1 0.825 0.8723958333333334 0.044444444444444446 0.06076388888888889
1 0.8944444444444445 0.8758680555555556 0.044444444444444446 0.06076388888888889
1 0.9506944444444444 0.9557291666666666 0.05416666666666667 0.06076388888888889
1 0.03611111111111111 0.3420138888888889 0.041666666666666664 0.059027777777777776
