1 0.019444444444444445 0.5078125 0.03611111111111111 0.07465277777777778
1 0.09930555555555555 0.5460069444444444 0.04861111111111111 0.0642361111111111
1 0.18055555555555555 0.3402777777777778 0.05 0.06944444444444445
1 0.2625 0.1953125 0.05277777777777778 0.06770833333333333
1 0.27569444444444446 0.051215277777777776 0.05138888888888889 0.07118055555555555
1 0.37430555555555556 0.3402777777777778 0.04583333333333333 0.052083333333333336
1 0.41180555555555554 0.18489583333333334 0.04861111111111111 0.07118055555555555
1 0.42083333333333334 0.11284722222222222 0.044444444444444446 0.05555555555555555
1 0.45416666666666666 0.058159722222222224 0.041666666666666664 0.057291666666666664
1 0.6791666666666667 0.0998263888888889 0.05277777777777778 0.06076388888888889
1 0.22013888888888888 0.6241319444444444 0.04027777777777778 0.06076388888888889
1 0.16597222222222222 0.6467013888888888 0.043055555555555555 0.05381944444444445
1 0.11666666666666667 0.6684027777777778 0.041666666666666664 0.06597222222222222
1 0.08541666666666667 0.703125 0.043055555555555555 0.059027777777777776
1 0.03680555555555556 0.9670138888888888 0.04583333333333333 0.05555555555555555
1 0.2465277777777778 0.8810763888888888 0.04027777777777778 0.0642361111111111
1 0.28194444444444444 0.8645833333333334 0.03888888888888889 0.0625
1 0.39791666666666664 0.8203125 0.034722222222222224 0.057291666666666664
1 0.45416666666666666 0.8029513888888888 0.05277777777777778 0.06770833333333333
1 0.5208333333333334 0.7621527777777778 0.041666666666666664 0.05555555555555555
1 0.5326388888888889 0.5199652777777778 0.04861111111111111 0.07118055555555555
1 0.5826388888888889 0.5269097222222222 0.034722222222222224 0.06076388888888889
1 0.6145833333333334 0.5659722222222222 0.04027777777777778 0.05555555555555555
1 0.4986111111111111 0.3463541666666667 0.058333333333333334 0.057291666666666664
1 0.6465277777777778 0.2361111111111111 0.04861111111111111 0.05555555555555555
1 0.8895833333333333 0.24305555555555555 0.04583333333333333 0.059027777777777776
1 0.8798611111111111 0.34375 0.043055555555555555 0.05555555555555555
1 0.8555555555555555 0.3958333333333333 0.04722222222222222 0.05555555555555555
1 0.9111111111111111 0.4296875 0.04722222222222222 0.05381944444444445
1 0.9166666666666666 0.4869791666666667 0.04722222222222222 0.0642361111111111
1 0.7965277777777777 0.6892361111111112 0.04027777777777778 0.05555555555555555
1 0.8743055555555556 0.7126736111111112 0.04861111111111111 0.06076388888888889
1 0.6145833333333334 0.8446180555555556 0.04027777777777778 0.06076388888888889
1 0.6354166666666666 0.9262152777777778 0.043055555555555555 0.06076388888888889
1 0.9576388888888889 0.028645833333333332 0.04861111111111111 0.050347222222222224
1 0.29583333333333334 0.013888888888888888 0.04722222222222222 0.024305555555555556
