1 0.15347222222222223 0.1875 0.04583333333333333 0.052083333333333336
1 0.08263888888888889 0.4453125 0.04027777777777778 0.06076388888888889
1 0.07222222222222222 0.5998263888888888 0.044444444444444446 0.057291666666666664
1 0.1798611111111111 0.5190972222222222 0.04583333333333333 0.059027777777777776
1 0.26666666666666666 0.4392361111111111 0.044444444444444446 0.0625
1 0.4444444444444444 0.3463541666666667 0.041666666666666664 0.05381944444444445
1 0.17916666666666667 0.0954861111111111 0.044444444444444446 0.052083333333333336
1 0.20555555555555555 0.0625 0.05 0.06944444444444445
1 0.19791666666666666 0.019965277777777776 0.04583333333333333 0.036458333333333336
1 0.275 0.17708333333333334 0.03888888888888889 0.052083333333333336
1 0.34930555555555554 0.06944444444444445 0.043055555555555555 0.052083333333333336
1 0.35625 0.027777777777777776 0.043055555555555555 0.052083333333333336
1 0.4583333333333333 0.042534722222222224 0.041666666666666664 0.057291666666666664
1 0.5923611111111111 0.1310763888888889 0.04027777777777778 0.057291666666666664
1 0.6944444444444444 0.058159722222222224 0.04722222222222222 0.057291666666666664
1 0.33194444444444443 0.5815972222222222 0.04722222222222222 0.07291666666666667
1 0.1625 0.6727430555555556 0.05 0.0642361111111111
1 0.20347222222222222 0.6024305555555556 0.04583333333333333 0.059027777777777776
1 0.1 0.8081597222222222 0.04722222222222222 0.057291666666666664
1 0.30069444444444443 0.7326388888888888 0.043055555555555555 0.05555555555555555
1 0.33611111111111114 0.7178819444444444 0.03888888888888889 0.06076388888888889
1 0.5368055555555555 0.6597222222222222 0.043055555555555555 0.06944444444444445
1 0.46875 0.4045138888888889 0.04027777777777778 0.059027777777777776
1 0.33402777777777776 0.9609375 0.05416666666666667 0.06770833333333333
1 0.5305555555555556 0.8819444444444444 0.044444444444444446 0.052083333333333336
1 0.42083333333333334 0.9670138888888888 0.044444444444444446 0.04861111111111111
1 0.49375 0.9782986111111112 0.043055555555555555 0.03298611111111111
1 0.6611111111111111 0.5399305555555556 0.04722222222222222 0.059027777777777776
1 0.6791666666666667 0.4279513888888889 0.044444444444444446 0.06076388888888889
1 0.7159722222222222 0.5677083333333334 0.04861111111111111 0.0625
1 0.6597222222222222 0.6171875 0.044444444444444446 0.057291666666666664
1 0.6597222222222222 0.2152777777777778 0.044444444444444446 0.052083333333333336
1 0.7229166666666667 0.2326388888888889 0.04583333333333333 0.052083333333333336
1 0.7256944444444444 0.3342013888888889 0.043055555555555555 0.057291666666666664
1 0.8708333333333333 0.5112847222222222 0.044444444444444446 0.05381944444444445
1 0.9381944444444444 0.11284722222222222 0.04583333333333333 0.05555555555555555
1 0.90625 0.2795138888888889 0.043055555555555555 0.059027777777777776
1 0.9104166666666667 0.3368055555555556 0.04861111111111111 0.052083333333333336
1 0.975 0.3671875 0.03888888888888889 0.057291666666666664
1 0.9402777777777778 0.6770833333333334 0.041666666666666664 0.059027777777777776
1 0.9854166666666667 0.6310763888888888 0.029166666666666667 0.0642361111111111
1 0.6909722222222222 0.7274305555555556 0.04027777777777778 0.05555555555555555
1 0.7333333333333333 0.7482638888888888 0.041666666666666664 0.05555555555555555
1 0.8736111111111111 0.8550347222222222 0.044444444444444446 0.057291666666666664
1 0.9791666666666666 0.7439236111111112 0.03888888888888889 0.057291666666666664
1 0.7555555555555555 0.9635416666666666 0.03888888888888889 0.05555555555555555
1 0.9520833333333333 0.9270833333333334 0.04027777777777778 0.059027777777777776
1 0.6881944444444444 0.015625 0.04583333333333333 0.027777777777777776
1 0.6423611111111112 0.984375 0.0375 0.020833333333333332
