1 0.15 0.1423611111111111 0.05 0.06597222222222222
1 0.2881944444444444 0.042534722222222224 0.043055555555555555 0.06076388888888889
1 0.38333333333333336 0.11458333333333333 0.03888888888888889 0.04861111111111111
1 0.35833333333333334 0.2682291666666667 0.041666666666666664 0.05381944444444445
1 0.3402777777777778 0.3940972222222222 0.041666666666666664 0.059027777777777776
1 0.09375 0.6501736111111112 0.04027777777777778 0.057291666666666664
1 0.2 0.5685763888888888 0.044444444444444446 0.06076388888888889
1 0.15625 0.90625 0.04583333333333333 0.0625
1 0.23680555555555555 0.859375 0.04583333333333333 0.059027777777777776
1 0.4125 0.671875 0.05 0.0625
1 0.2923611111111111 0.5755208333333334 0.04583333333333333 0.06076388888888889
1 0.39861111111111114 0.5920138888888888 0.041666666666666664 0.05555555555555555
1 0.5180555555555556 0.2621527777777778 0.041666666666666664 0.052083333333333336
1 0.5041666666666667 0.1362847222222222 0.04722222222222222 0.05381944444444445
1 0.5993055555555555 0.125 0.043055555555555555 0.052083333333333336
1 0.5333333333333333 0.5659722222222222 0.041666666666666664 0.059027777777777776
1 0.5152777777777777 0.6050347222222222 0.044444444444444446 0.057291666666666664
1 0.6479166666666667 0.546875 0.04583333333333333 0.05555555555555555
1 0.6944444444444444 0.5086805555555556 0.03888888888888889 0.05555555555555555
1 0.7284722222222222 0.5798611111111112 0.04583333333333333 0.0625
1 0.5305555555555556 0.7994791666666666 0.044444444444444446 0.06076388888888889
1 0.5631944444444444 0.8298611111111112 0.043055555555555555 0.06597222222222222
1 0.7444444444444445 0.8368055555555556 0.05 0.0625
1 0.8701388888888889 0.6128472222222222 0.04027777777777778 0.05555555555555555
1 0.8833333333333333 0.4583333333333333 0.044444444444444446 0.0625
1 0.9534722222222223 0.19791666666666666 0.04583333333333333 0.05555555555555555
1 0.9777777777777777 0.11371527777777778 0.044444444444444446 0.057291666666666664
1 0.9763888888888889 0.5286458333333334 0.04722222222222222 0.0642361111111111
1 0.9840277777777777 0.6119791666666666 0.03194444444444444 0.0642361111111111
1 0.9604166666666667 0.6866319444444444 0.04861111111111111 0.06076388888888889
1 0.9048611111111111 0.8185763888888888 0.043055555555555555 0.06770833333333333
1 0.4798611111111111 0.03732638888888889 0.04583333333333333 0.057291666666666664
1 0.9888888888888889 0.0703125 0.022222222222222223 0.06076388888888889
1 0.008333333333333333 0.8237847222222222 0.013888888888888888 0.057291666666666664
1 0.9888888888888889 0.022569444444444444 0.022222222222222223 0.041666666666666664
