1 0.018055555555555554 0.18055555555555555 0.03333333333333333 0.0625
1 0.030555555555555555 0.030381944444444444 0.05 0.057291666666666664
1 0.075 0.1519097222222222 0.041666666666666664 0.06076388888888889
1 0.12083333333333333 0.2994791666666667 0.044444444444444446 0.057291666666666664
1 0.03333333333333333 0.4453125 0.03888888888888889 0.057291666666666664
1 0.018055555555555554 0.5199652777777778 0.03333333333333333 0.06770833333333333
1 0.009027777777777777 0.4539930555555556 0.015277777777777777 0.06076388888888889
1 0.17152777777777778 0.4401041666666667 0.04583333333333333 0.06770833333333333
1 0.25555555555555554 0.4852430555555556 0.041666666666666664 0.06076388888888889
1 0.2701388888888889 0.6276041666666666 0.04861111111111111 0.050347222222222224
1 0.19930555555555557 0.6822916666666666 0.04861111111111111 0.052083333333333336
1 0.041666666666666664 0.9774305555555556 0.044444444444444446 0.041666666666666664
1 0.36180555555555555 0.9800347222222222 0.04027777777777778 0.036458333333333336
1 0.4027777777777778 0.4210069444444444 0.041666666666666664 0.05381944444444445
1 0.32708333333333334 0.2916666666666667 0.05138888888888889 0.0625
1 0.2951388888888889 0.10677083333333333 0.04027777777777778 0.050347222222222224
1 0.325 0.22569444444444445 0.04722222222222222 0.05555555555555555
1 0.4909722222222222 0.2734375 0.04583333333333333 0.06076388888888889
1 0.58125 0.3897569444444444 0.04027777777777778 0.05381944444444445
1 0.5291666666666667 0.4670138888888889 0.04722222222222222 0.06597222222222222
1 0.5916666666666667 0.4609375 0.041666666666666664 0.0642361111111111
1 0.6388888888888888 0.1909722222222222 0.041666666666666664 0.05555555555555555
1 0.7055555555555556 0.3246527777777778 0.03333333333333333 0.052083333333333336
1 0.8222222222222222 0.17447916666666666 0.03888888888888889 0.057291666666666664
1 0.8798611111111111 0.1423611111111111 0.043055555555555555 0.059027777777777776
1 0.8833333333333333 0.3038194444444444 0.05 0.059027777777777776
1 0.68125 0.6137152777777778 0.0375 0.043402777777777776
1 0.7291666666666666 0.7682291666666666 0.044444444444444446 0.05381944444444445
1 0.8111111111111111 0.71875 0.041666666666666664 0.052083333333333336
1 0.9319444444444445 0.6779513888888888 0.05277777777777778 0.06076388888888889
1 0.6180555555555556 0.8871527777777778 0.044444444444444446 0.0625
1 0.4652777777777778 0.9809027777777778 0.044444444444444446 0.03125
1 0.5541666666666667 0.9461805555555556 0.041666666666666664 0.052083333333333336
1 0.7138888888888889 0.8229166666666666 0.041666666666666664 0.059027777777777776
1 0.8930555555555556 0.8472222222222222 0.03888888888888889 0.052083333333333336
1 0.9833333333333333 0.8498263888888888 0.03333333333333333 0.06076388888888889
1 0.8395833333333333 0.9244791666666666 0.04027777777777778 0.05381944444444445
