3 0.025694444444444443 0.04861111111111111 0.04027777777777778 0.059027777777777776
3 0.2423611111111111 0.029513888888888888 0.04583333333333333 0.05555555555555555
3 0.9541666666666667 0.1970486111111111 0.04722222222222222 0.07118055555555555
3 0.16180555555555556 0.21614583333333334 0.04861111111111111 0.07465277777777778
3 0.29930555555555555 0.2126736111111111 0.04583333333333333 0.06770833333333333
3 0.11805555555555555 0.2821180555555556 0.03611111111111111 0.06770833333333333
3 0.17916666666666667 0.3541666666666667 0.041666666666666664 0.06597222222222222
3 0.12638888888888888 0.4097222222222222 0.03888888888888889 0.0625
3 0.26180555555555557 0.3541666666666667 0.04861111111111111 0.06597222222222222
3 0.5416666666666666 0.2934027777777778 0.05 0.059027777777777776
3 0.38055555555555554 0.4114583333333333 0.041666666666666664 0.06944444444444445
3 0.31527777777777777 0.4939236111111111 0.044444444444444446 0.057291666666666664
3 0.36527777777777776 0.5269097222222222 0.05 0.050347222222222224
3 0.08333333333333333 0.6892361111111112 0.044444444444444446 0.0763888888888889
3 0.1375 0.7013888888888888 0.04722222222222222 0.05555555555555555
3 0.11597222222222223 0.8532986111111112 0.04861111111111111 0.06770833333333333
3 0.39444444444444443 0.6597222222222222 0.05 0.0625
3 0.6819444444444445 0.5104166666666666 0.04722222222222222 0.06944444444444445
3 0.5013888888888889 0.3784722222222222 0.044444444444444446 0.05555555555555555
3 0.6451388888888889 0.7309027777777778 0.043055555555555555 0.05555555555555555
3 0.4708333333333333 0.9157986111111112 0.04722222222222222 0.057291666666666664
3 0.5534722222222223 0.9010416666666666 0.04861111111111111 0.06597222222222222
3 0.7180555555555556 0.9678819444444444 0.05555555555555555 0.057291666666666664
3 0.8291666666666667 0.9652777777777778 0.04722222222222222 0.059027777777777776
3 0.98125 0.6770833333333334 0.0375 0.059027777777777776
3 0.9555555555555556 0.7838541666666666 0.04722222222222222 0.0642361111111111
3 0.9847222222222223 0.8715277777777778 0.030555555555555555 0.06944444444444445
3 0.33958333333333335 0.2795138888888889 0.043055555555555555 0.0625
3 0.6118055555555556 0.016493055555555556 0.043055555555555555 0.029513888888888888
3 0.15 0.9869791666666666 0.03611111111111111 0.019097222222222224
