1 0.013194444444444444 0.15711805555555555 0.02361111111111111 0.050347222222222224
1 0.014583333333333334 0.1111111111111111 0.02638888888888889 0.04861111111111111
1 0.018055555555555554 0.3090277777777778 0.03333333333333333 0.05555555555555555
1 0.0875 0.3810763888888889 0.03888888888888889 0.050347222222222224
1 0.11180555555555556 0.22743055555555555 0.04027777777777778 0.05555555555555555
1 0.10833333333333334 0.09027777777777778 0.044444444444444446 0.052083333333333336
1 0.26944444444444443 0.05555555555555555 0.03888888888888889 0.059027777777777776
1 0.34444444444444444 0.3385416666666667 0.041666666666666664 0.0625
1 0.41388888888888886 0.20833333333333334 0.04722222222222222 0.059027777777777776
1 0.175 0.4800347222222222 0.04722222222222222 0.05381944444444445
1 0.23541666666666666 0.5234375 0.04583333333333333 0.0642361111111111
1 0.29305555555555557 0.5043402777777778 0.03888888888888889 0.078125
1 0.2423611111111111 0.6128472222222222 0.04027777777777778 0.05555555555555555
1 0.10902777777777778 0.7274305555555556 0.043055555555555555 0.0625
1 0.17430555555555555 0.6614583333333334 0.043055555555555555 0.052083333333333336
1 0.2826388888888889 0.6979166666666666 0.043055555555555555 0.059027777777777776
1 0.4215277777777778 0.6979166666666666 0.04027777777777778 0.052083333333333336
1 0.33194444444444443 0.8159722222222222 0.041666666666666664 0.052083333333333336
1 0.44027777777777777 0.5138888888888888 0.044444444444444446 0.05555555555555555
1 0.4756944444444444 0.4869791666666667 0.034722222222222224 0.057291666666666664
1 0.51875 0.5164930555555556 0.043055555555555555 0.06076388888888889
1 0.5027777777777778 0.34375 0.044444444444444446 0.05555555555555555
1 0.51875 0.4105902777777778 0.034722222222222224 0.057291666666666664
1 0.6402777777777777 0.21354166666666666 0.044444444444444446 0.059027777777777776
1 0.6201388888888889 0.13541666666666666 0.0375 0.052083333333333336
1 0.6368055555555555 0.03298611111111111 0.043055555555555555 0.052083333333333336
1 0.6881944444444444 0.1111111111111111 0.043055555555555555 0.052083333333333336
1 0.95625 0.234375 0.0375 0.06597222222222222
1 0.975 0.3203125 0.044444444444444446 0.06770833333333333
1 0.8326388888888889 0.4756944444444444 0.043055555555555555 0.05555555555555555
1 0.7111111111111111 0.4921875 0.041666666666666664 0.057291666666666664
1 0.7944444444444444 0.5954861111111112 0.04722222222222222 0.059027777777777776
1 0.8215277777777777 0.6319444444444444 0.0375 0.052083333333333336
1 0.7013888888888888 0.7942708333333334 0.044444444444444446 0.06076388888888889
1 0.4388888888888889 0.9800347222222222 0.03333333333333333 0.029513888888888888
1 0.5861111111111111 0.9765625 0.044444444444444446 0.043402777777777776
1 0.7326388888888888 0.9470486111111112 0.04027777777777778 0.06076388888888889
1 0.9166666666666666 0.9201388888888888 0.03888888888888889 0.059027777777777776
1 0.7993055555555556 0.7934027777777778 0.04861111111111111 0.05555555555555555
1 0.9104166666666667 0.6527777777777778 0.043055555555555555 0.0625
1 0.9694444444444444 0.6762152777777778 0.03888888888888889 0.057291666666666664
1 0.9666666666666667 0.012152777777777778 0.03888888888888889 0.020833333333333332
