1 0.05625 0.17447916666666666 0.043055555555555555 0.050347222222222224
1 0.06805555555555555 0.22743055555555555 0.05 0.06597222222222222
1 0.18541666666666667 0.21875 0.04861111111111111 0.0625
1 0.15347222222222223 0.28125 0.0375 0.05555555555555555
1 0.20833333333333334 0.3524305555555556 0.041666666666666664 0.05555555555555555
1 0.3784722222222222 0.10677083333333333 0.043055555555555555 0.05381944444444445
1 0.3909722222222222 0.15711805555555555 0.05138888888888889 0.06770833333333333
1 0.3701388888888889 0.2526041666666667 0.04027777777777778 0.057291666666666664
1 0.43680555555555556 0.3307291666666667 0.043055555555555555 0.05381944444444445
1 0.6277777777777778 0.1362847222222222 0.044444444444444446 0.057291666666666664
1 0.4951388888888889 0.34375 0.04861111111111111 0.0625
1 0.5340277777777778 0.3446180555555556 0.0375 0.05381944444444445
1 0.5916666666666667 0.2795138888888889 0.041666666666666664 0.052083333333333336
1 0.7923611111111111 0.09809027777777778 0.04583333333333333 0.057291666666666664
1 0.8104166666666667 0.3914930555555556 0.0375 0.05381944444444445
1 0.9138888888888889 0.2604166666666667 0.041666666666666664 0.052083333333333336
1 0.5166666666666667 0.4435763888888889 0.03888888888888889 0.05381944444444445
1 0.6673611111111111 0.5407986111111112 0.0375 0.05381944444444445
1 0.9798611111111111 0.4505208333333333 0.04027777777777778 0.078125
1 0.8361111111111111 0.6293402777777778 0.03888888888888889 0.043402777777777776
1 0.46041666666666664 0.6571180555555556 0.05138888888888889 0.0642361111111111
1 0.29305555555555557 0.6267361111111112 0.03611111111111111 0.059027777777777776
1 0.24444444444444444 0.6710069444444444 0.041666666666666664 0.06076388888888889
1 0.2798611111111111 0.6666666666666666 0.043055555555555555 0.05555555555555555
1 0.27361111111111114 0.7196180555555556 0.04722222222222222 0.0642361111111111
1 0.05277777777777778 0.8758680555555556 0.044444444444444446 0.06770833333333333
1 0.11388888888888889 0.9227430555555556 0.03888888888888889 0.05381944444444445
1 0.1701388888888889 0.9774305555555556 0.05138888888888889 0.04513888888888889
1 0.3034722222222222 0.8897569444444444 0.043055555555555555 0.05381944444444445
1 0.5194444444444445 0.7473958333333334 0.044444444444444446 0.06076388888888889
1 0.5923611111111111 0.7170138888888888 0.04027777777777778 0.059027777777777776
1 0.6013888888888889 0.7829861111111112 0.05 0.05555555555555555
1 0.7326388888888888 0.7838541666666666 0.0375 0.05381944444444445
1 0.6451388888888889 0.8628472222222222 0.05138888888888889 0.06944444444444445
1 0.7055555555555556 0.8472222222222222 0.04722222222222222 0.06597222222222222
1 0.91875 0.8003472222222222 0.0375 0.052083333333333336
1 0.9520833333333333 0.9522569444444444 0.04583333333333333 0.0642361111111111
1 0.7902777777777777 0.9791666666666666 0.03888888888888889 0.03125
1 0.010416666666666666 0.4895833333333333 0.018055555555555554 0.06597222222222222
1 0.9895833333333334 0.7170138888888888 0.020833333333333332 0.059027777777777776
