1 0.021527777777777778 0.10416666666666667 0.04027777777777778 0.0625
1 0.2423611111111111 0.1449652777777778 0.04861111111111111 0.057291666666666664
1 0.014583333333333334 0.4756944444444444 0.02638888888888889 0.0625
1 0.19722222222222222 0.4947916666666667 0.04722222222222222 0.05555555555555555
1 0.059027777777777776 0.5807291666666666 0.043055555555555555 0.05381944444444445
1 0.11805555555555555 0.5807291666666666 0.03888888888888889 0.057291666666666664
1 0.034722222222222224 0.625 0.044444444444444446 0.059027777777777776
1 0.058333333333333334 0.7144097222222222 0.044444444444444446 0.057291666666666664
1 0.25069444444444444 0.6189236111111112 0.04861111111111111 0.06076388888888889
1 0.3625 0.4505208333333333 0.044444444444444446 0.057291666666666664
1 0.3909722222222222 0.2647569444444444 0.05138888888888889 0.06076388888888889
1 0.38680555555555557 0.05555555555555555 0.043055555555555555 0.052083333333333336
1 0.4479166666666667 0.18663194444444445 0.043055555555555555 0.057291666666666664
1 0.5395833333333333 0.3255208333333333 0.04583333333333333 0.06076388888888889
1 0.5125 0.1310763888888889 0.044444444444444446 0.06076388888888889
1 0.6541666666666667 0.057291666666666664 0.04722222222222222 0.06597222222222222
1 0.7201388888888889 0.07552083333333333 0.04583333333333333 0.0642361111111111
1 0.825 0.024305555555555556 0.04722222222222222 0.04513888888888889
1 0.8583333333333333 0.052083333333333336 0.044444444444444446 0.05555555555555555
1 0.9208333333333333 0.014756944444444444 0.03888888888888889 0.026041666666666668
1 0.9604166666666667 0.020833333333333332 0.04861111111111111 0.03819444444444445
1 0.6701388888888888 0.3090277777777778 0.043055555555555555 0.05555555555555555
1 0.8145833333333333 0.3211805555555556 0.043055555555555555 0.059027777777777776
1 0.9819444444444444 0.11024305555555555 0.03611111111111111 0.05381944444444445
1 0.8375 0.3567708333333333 0.044444444444444446 0.057291666666666664
1 0.8513888888888889 0.4670138888888889 0.044444444444444446 0.059027777777777776
1 0.3527777777777778 0.7039930555555556 0.044444444444444446 0.057291666666666664
1 0.2423611111111111 0.9149305555555556 0.05138888888888889 0.05555555555555555
1 0.2111111111111111 0.9791666666666666 0.041666666666666664 0.03819444444444445
1 0.24513888888888888 0.9592013888888888 0.043055555555555555 0.050347222222222224
1 0.5131944444444444 0.6883680555555556 0.04861111111111111 0.06076388888888889
1 0.6236111111111111 0.6223958333333334 0.041666666666666664 0.057291666666666664
1 0.7222222222222222 0.7057291666666666 0.041666666666666664 0.057291666666666664
1 0.6569444444444444 0.8038194444444444 0.041666666666666664 0.052083333333333336
1 0.85625 0.609375 0.043055555555555555 0.059027777777777776
1 0.90625 0.6979166666666666 0.04583333333333333 0.052083333333333336
1 0.7784722222222222 0.8524305555555556 0.05138888888888889 0.06944444444444445
1 0.7715277777777778 0.9348958333333334 0.04583333333333333 0.06076388888888889
1 0.8347222222222223 0.9288194444444444 0.04722222222222222 0.0625
1 0.5159722222222223 0.016493055555555556 0.04027777777777778 0.029513888888888888
1 0.034722222222222224 0.984375 0.044444444444444446 0.03125
