1 0.019444444444444445 0.14756944444444445 0.03611111111111111 0.0625
1 0.17777777777777778 0.21354166666666666 0.041666666666666664 0.05555555555555555
1 0.2708333333333333 0.3046875 0.041666666666666664 0.057291666666666664
1 0.3326388888888889 0.3072916666666667 0.05138888888888889 0.05555555555555555
1 0.25625 0.4010416666666667 0.043055555555555555 0.059027777777777776
1 0.1486111111111111 0.5017361111111112 0.06388888888888888 0.052083333333333336
1 0.0125 0.6119791666666666 0.022222222222222223 0.0642361111111111
1 0.19583333333333333 0.6215277777777778 0.04722222222222222 0.06597222222222222
1 0.058333333333333334 0.7404513888888888 0.044444444444444446 0.06076388888888889
1 0.07777777777777778 0.8098958333333334 0.044444444444444446 0.06076388888888889
1 0.08680555555555555 0.9201388888888888 0.04027777777777778 0.059027777777777776
1 0.17777777777777778 0.9088541666666666 0.044444444444444446 0.06076388888888889
1 0.225 0.9236111111111112 0.044444444444444446 0.059027777777777776
1 0.2708333333333333 0.7135416666666666 0.03611111111111111 0.052083333333333336
1 0.3055555555555556 0.5572916666666666 0.044444444444444446 0.0625
1 0.3590277777777778 0.6032986111111112 0.04861111111111111 0.06076388888888889
1 0.3375 0.6519097222222222 0.04722222222222222 0.057291666666666664
1 0.4041666666666667 0.7074652777777778 0.044444444444444446 0.0642361111111111
1 0.36736111111111114 0.9774305555555556 0.04027777777777778 0.03819444444444445
1 0.5645833333333333 0.9331597222222222 0.05416666666666667 0.06770833333333333
1 0.4548611111111111 0.2960069444444444 0.04861111111111111 0.06076388888888889
1 0.5430555555555555 0.1892361111111111 0.044444444444444446 0.059027777777777776
1 0.69375 0.13975694444444445 0.04583333333333333 0.0642361111111111
1 0.7048611111111112 0.024305555555555556 0.04583333333333333 0.04513888888888889
1 0.8583333333333333 0.043402777777777776 0.041666666666666664 0.059027777777777776
1 0.7618055555555555 0.21875 0.043055555555555555 0.05555555555555555
1 0.9215277777777777 0.3020833333333333 0.05138888888888889 0.0625
1 0.5944444444444444 0.4322916666666667 0.04722222222222222 0.059027777777777776
1 0.7166666666666667 0.5546875 0.041666666666666664 0.06076388888888889
1 0.8131944444444444 0.5303819444444444 0.04583333333333333 0.057291666666666664
1 0.6861111111111111 0.6701388888888888 0.04722222222222222 0.05555555555555555
1 0.7548611111111111 0.7048611111111112 0.04027777777777778 0.05555555555555555
1 0.7972222222222223 0.7204861111111112 0.05 0.05555555555555555
1 0.9909722222222223 0.2534722222222222 0.018055555555555554 0.059027777777777776
