3 0.029861111111111113 0.14930555555555555 0.04861111111111111 0.06597222222222222
3 0.18888888888888888 0.025173611111111112 0.041666666666666664 0.046875
3 0.1451388888888889 0.13802083333333334 0.043055555555555555 0.046875
3 0.2923611111111111 0.027777777777777776 0.043055555555555555 0.052083333333333336
3 0.2708333333333333 0.17708333333333334 0.041666666666666664 0.0625
3 0.16319444444444445 0.3767361111111111 0.05138888888888889 0.07291666666666667
3 0.2833333333333333 0.3255208333333333 0.041666666666666664 0.057291666666666664
3 0.027083333333333334 0.6866319444444444 0.0375 0.06076388888888889
3 0.027777777777777776 0.8784722222222222 0.05 0.0625
3 0.14652777777777778 0.8993055555555556 0.0375 0.059027777777777776
3 0.28958333333333336 0.8168402777777778 0.04027777777777778 0.0642361111111111
3 0.41597222222222224 0.3836805555555556 0.043055555555555555 0.0625
3 0.4840277777777778 0.3515625 0.05138888888888889 0.06770833333333333
3 0.5361111111111111 0.4105902777777778 0.04722222222222222 0.06076388888888889
3 0.41388888888888886 0.4800347222222222 0.04722222222222222 0.06076388888888889
3 0.4909722222222222 0.4539930555555556 0.04861111111111111 0.06076388888888889
3 0.5722222222222222 0.5086805555555556 0.041666666666666664 0.059027777777777776
3 0.6326388888888889 0.4817708333333333 0.043055555555555555 0.0642361111111111
3 0.7270833333333333 0.4618055555555556 0.04861111111111111 0.07291666666666667
3 0.7416666666666667 0.2977430555555556 0.04722222222222222 0.057291666666666664
3 0.7694444444444445 0.2248263888888889 0.044444444444444446 0.0642361111111111
3 0.8715277777777778 0.2612847222222222 0.05694444444444444 0.06770833333333333
3 0.9076388888888889 0.2361111111111111 0.034722222222222224 0.05555555555555555
3 0.6958333333333333 0.546875 0.041666666666666664 0.059027777777777776
3 0.8701388888888889 0.5572916666666666 0.04583333333333333 0.06597222222222222
3 0.8520833333333333 0.390625 0.05416666666666667 0.0625
3 0.6659722222222222 0.6666666666666666 0.05416666666666667 0.04861111111111111
3 0.5118055555555555 0.8072916666666666 0.05416666666666667 0.059027777777777776
3 0.59375 0.7491319444444444 0.0375 0.05381944444444445
3 0.6569444444444444 0.7873263888888888 0.044444444444444446 0.0642361111111111
3 0.8680555555555556 0.8289930555555556 0.041666666666666664 0.0642361111111111
3 0.6159722222222223 0.8758680555555556 0.04861111111111111 0.0642361111111111
3 0.6791666666666667 0.9279513888888888 0.03888888888888889 0.06076388888888889
3 0.0125 0.4227430555555556 0.022222222222222223 0.06076388888888889
1 0.011805555555555555 0.5112847222222222 0.020833333333333332 0.07465277777777778
3 0.7777777777777778 0.6857638888888888 0.044444444444444446 0.06597222222222222
3 0.009722222222222222 0.058159722222222224 0.016666666666666666 0.05381944444444445
