1 0.07777777777777778 0.07378472222222222 0.044444444444444446 0.05381944444444445
1 0.09583333333333334 0.3836805555555556 0.03888888888888889 0.04861111111111111
1 0.0125 0.5190972222222222 0.022222222222222223 0.0625
1 0.01875 0.7725694444444444 0.034722222222222224 0.0625
1 0.2388888888888889 0.6501736111111112 0.041666666666666664 0.057291666666666664
1 0.23333333333333334 0.5078125 0.044444444444444446 0.05381944444444445
1 0.11875 0.4557291666666667 0.05138888888888889 0.0642361111111111
1 0.1673611111111111 0.4539930555555556 0.043055555555555555 0.057291666666666664
1 0.2375 0.4027777777777778 0.041666666666666664 0.05555555555555555
1 0.3875 0.3776041666666667 0.041666666666666664 0.06076388888888889
1 0.1951388888888889 0.028645833333333332 0.04583333333333333 0.05381944444444445
1 0.2701388888888889 0.06684027777777778 0.043055555555555555 0.05381944444444445
1 0.3347222222222222 0.0703125 0.03888888888888889 0.050347222222222224
1 0.42777777777777776 0.13194444444444445 0.05 0.0625
1 0.42569444444444443 0.21788194444444445 0.05138888888888889 0.06076388888888889
1 0.5263888888888889 0.4618055555555556 0.044444444444444446 0.059027777777777776
1 0.47291666666666665 0.6397569444444444 0.04861111111111111 0.057291666666666664
1 0.5243055555555556 0.6032986111111112 0.05138888888888889 0.0642361111111111
1 0.275 0.8637152777777778 0.04722222222222222 0.0642361111111111
1 0.44930555555555557 0.9392361111111112 0.043055555555555555 0.04861111111111111
1 0.4583333333333333 0.9774305555555556 0.044444444444444446 0.034722222222222224
1 0.6159722222222223 0.6796875 0.04583333333333333 0.05381944444444445
1 0.6465277777777778 0.5347222222222222 0.04583333333333333 0.05555555555555555
1 0.6784722222222223 0.5677083333333334 0.0375 0.05555555555555555
1 0.6138888888888889 0.1736111111111111 0.044444444444444446 0.0625
1 0.5645833333333333 0.11284722222222222 0.04027777777777778 0.04513888888888889
1 0.5638888888888889 0.0546875 0.04722222222222222 0.05381944444444445
1 0.5743055555555555 0.018229166666666668 0.0375 0.03298611111111111
1 0.7958333333333333 0.4921875 0.03888888888888889 0.05381944444444445
1 0.7520833333333333 0.2569444444444444 0.04861111111111111 0.059027777777777776
1 0.9881944444444445 0.10416666666666667 0.02361111111111111 0.05555555555555555
1 0.9881944444444445 0.5338541666666666 0.02361111111111111 0.05381944444444445
1 0.8347222222222223 0.6571180555555556 0.04722222222222222 0.0642361111111111
1 0.8020833333333334 0.5529513888888888 0.04861111111111111 0.057291666666666664
1 0.7909722222222222 0.6883680555555556 0.04027777777777778 0.05381944444444445
1 0.8958333333333334 0.7100694444444444 0.041666666666666664 0.059027777777777776
1 0.8548611111111111 0.7769097222222222 0.04861111111111111 0.06770833333333333
1 0.7923611111111111 0.8758680555555556 0.043055555555555555 0.057291666666666664
1 0.7458333333333333 0.9756944444444444 0.04722222222222222 0.03819444444444445
1 0.6256944444444444 0.9748263888888888 0.04027777777777778 0.03993055555555555
