3 0.024305555555555556 0.1857638888888889 0.04583333333333333 0.05555555555555555
3 0.07222222222222222 0.2777777777777778 0.05 0.0625
3 0.25833333333333336 0.22569444444444445 0.05 0.06597222222222222
3 0.3013888888888889 0.09895833333333333 0.03611111111111111 0.06944444444444445
3 0.3423611111111111 0.14149305555555555 0.04027777777777778 0.057291666666666664
3 0.3451388888888889 0.049479166666666664 0.043055555555555555 0.057291666666666664
3 0.5701388888888889 0.0798611111111111 0.034722222222222224 0.052083333333333336
3 0.6034722222222222 0.1527777777777778 0.04027777777777778 0.05555555555555555
3 0.6333333333333333 0.18489583333333334 0.05 0.0642361111111111
3 0.71875 0.2508680555555556 0.043055555555555555 0.06770833333333333
3 0.8673611111111111 0.2873263888888889 0.05138888888888889 0.07118055555555555
3 0.6986111111111111 0.3602430555555556 0.03888888888888889 0.046875
3 0.6256944444444444 0.2717013888888889 0.04027777777777778 0.07465277777777778
3 0.08055555555555556 0.4583333333333333 0.03888888888888889 0.04861111111111111
3 0.20694444444444443 0.4774305555555556 0.05277777777777778 0.0625
3 0.37916666666666665 0.3914930555555556 0.041666666666666664 0.06770833333333333
3 0.5027777777777778 0.3715277777777778 0.03888888888888889 0.059027777777777776
3 0.6222222222222222 0.3810763888888889 0.05277777777777778 0.043402777777777776
3 0.6444444444444445 0.4140625 0.05 0.06076388888888889
3 0.3902777777777778 0.4644097222222222 0.04722222222222222 0.06076388888888889
3 0.10416666666666667 0.5321180555555556 0.05 0.0642361111111111
3 0.19791666666666666 0.5868055555555556 0.04027777777777778 0.06597222222222222
3 0.13819444444444445 0.6701388888888888 0.04027777777777778 0.059027777777777776
3 0.024305555555555556 0.6032986111111112 0.04583333333333333 0.06076388888888889
3 0.1875 0.7569444444444444 0.03888888888888889 0.05555555555555555
3 0.10486111111111111 0.8758680555555556 0.05138888888888889 0.06076388888888889
3 0.12361111111111112 0.9253472222222222 0.03611111111111111 0.059027777777777776
3 0.13541666666666666 0.96875 0.0375 0.04861111111111111
3 0.30833333333333335 0.9210069444444444 0.03888888888888889 0.050347222222222224
3 0.29375 0.9592013888888888 0.04861111111111111 0.06770833333333333
3 0.35208333333333336 0.6085069444444444 0.05416666666666667 0.07118055555555555
3 0.40902777777777777 0.5894097222222222 0.04027777777777778 0.05381944444444445
3 0.4861111111111111 0.5807291666666666 0.04722222222222222 0.057291666666666664
3 0.5652777777777778 0.6024305555555556 0.044444444444444446 0.059027777777777776
3 0.7208333333333333 0.5234375 0.044444444444444446 0.05381944444444445
3 0.6701388888888888 0.4696180555555556 0.04861111111111111 0.057291666666666664
3 0.8881944444444444 0.4696180555555556 0.043055555555555555 0.06770833333333333
3 0.7493055555555556 0.7074652777777778 0.04583333333333333 0.06770833333333333
3 0.6451388888888889 0.7560763888888888 0.043055555555555555 0.050347222222222224
3 0.9180555555555555 0.7673611111111112 0.044444444444444446 0.05555555555555555
3 0.94375 0.8307291666666666 0.04027777777777778 0.07118055555555555
3 0.5888888888888889 0.9635416666666666 0.05 0.059027777777777776
3 0.5138888888888888 0.4956597222222222 0.03611111111111111 0.057291666666666664
3 0.8854166666666666 0.5477430555555556 0.043055555555555555 0.0642361111111111
3 0.9326388888888889 0.5303819444444444 0.04027777777777778 0.06076388888888889
3 0.6923611111111111 0.9027777777777778 0.043055555555555555 0.05555555555555555
3 0.6277777777777778 0.9826388888888888 0.044444444444444446 0.03125
3 0.016666666666666666 0.4505208333333333 0.030555555555555555 0.0642361111111111
3 0.020833333333333332 0.5520833333333334 0.03888888888888889 0.04513888888888889
3 0.9854166666666667 0.453125 0.029166666666666667 0.06944444444444445
