1 0.11597222222222223 0.4548611111111111 0.04861111111111111 0.0625
1 0.02013888888888889 0.6119791666666666 0.0375 0.06076388888888889
1 0.21041666666666667 0.4670138888888889 0.04861111111111111 0.07291666666666667
1 0.17847222222222223 0.25 0.04027777777777778 0.05555555555555555
1 0.25277777777777777 0.11979166666666667 0.05277777777777778 0.059027777777777776
1 0.15763888888888888 0.019965277777777776 0.043055555555555555 0.036458333333333336
1 0.22777777777777777 0.0390625 0.041666666666666664 0.057291666666666664
1 0.3729166666666667 0.2960069444444444 0.05138888888888889 0.06076388888888889
1 0.2875 0.4678819444444444 0.044444444444444446 0.06076388888888889
1 0.05763888888888889 0.6996527777777778 0.05138888888888889 0.0625
1 0.07152777777777777 0.8133680555555556 0.04027777777777778 0.057291666666666664
1 0.01597222222222222 0.8298611111111112 0.029166666666666667 0.059027777777777776
1 0.14097222222222222 0.8246527777777778 0.043055555555555555 0.059027777777777776
1 0.20208333333333334 0.8975694444444444 0.05138888888888889 0.0625
1 0.18611111111111112 0.9800347222222222 0.05277777777777778 0.03298611111111111
1 0.2513888888888889 0.9618055555555556 0.044444444444444446 0.059027777777777776
1 0.30277777777777776 0.7751736111111112 0.04722222222222222 0.05381944444444445
1 0.39791666666666664 0.609375 0.043055555555555555 0.05555555555555555
1 0.43194444444444446 0.5755208333333334 0.044444444444444446 0.0642361111111111
1 0.5791666666666667 0.5720486111111112 0.044444444444444446 0.057291666666666664
1 0.5472222222222223 0.6493055555555556 0.04722222222222222 0.0625
1 0.4388888888888889 0.7526041666666666 0.04722222222222222 0.07118055555555555
1 0.4701388888888889 0.8307291666666666 0.04583333333333333 0.05381944444444445
1 0.4125 0.9036458333333334 0.04722222222222222 0.0642361111111111
1 0.47708333333333336 0.875 0.04583333333333333 0.0625
1 0.5263888888888889 0.8550347222222222 0.05555555555555555 0.06770833333333333
1 0.47152777777777777 0.9609375 0.05416666666666667 0.06076388888888889
1 0.5763888888888888 0.8428819444444444 0.04722222222222222 0.057291666666666664
1 0.5902777777777778 0.8862847222222222 0.044444444444444446 0.057291666666666664
1 0.60625 0.9383680555555556 0.04583333333333333 0.06076388888888889
1 0.6784722222222223 0.9696180555555556 0.04583333333333333 0.050347222222222224
1 0.7555555555555555 0.9461805555555556 0.04722222222222222 0.06944444444444445
1 0.775 0.9835069444444444 0.044444444444444446 0.03298611111111111
1 0.6951388888888889 0.7335069444444444 0.04861111111111111 0.0642361111111111
1 0.625 0.6796875 0.03888888888888889 0.057291666666666664
1 0.6708333333333333 0.5755208333333334 0.041666666666666664 0.057291666666666664
1 0.7034722222222223 0.6137152777777778 0.043055555555555555 0.057291666666666664
1 0.3326388888888889 0.3645833333333333 0.04583333333333333 0.05555555555555555
1 0.5166666666666667 0.2717013888888889 0.041666666666666664 0.05381944444444445
1 0.4840277777777778 0.1328125 0.043055555555555555 0.05381944444444445
1 0.6347222222222222 0.2013888888888889 0.044444444444444446 0.05555555555555555
1 0.7208333333333333 0.1111111111111111 0.044444444444444446 0.05555555555555555
1 0.7368055555555556 0.0546875 0.04861111111111111 0.06076388888888889
1 0.7291666666666666 0.3142361111111111 0.04722222222222222 0.05555555555555555
1 0.78125 0.4149305555555556 0.04027777777777778 0.059027777777777776
1 0.7090277777777778 0.4105902777777778 0.04583333333333333 0.057291666666666664
1 0.8569444444444444 0.2717013888888889 0.04722222222222222 0.0642361111111111
1 0.8527777777777777 0.4817708333333333 0.04722222222222222 0.0642361111111111
1 0.8805555555555555 0.3628472222222222 0.04722222222222222 0.05555555555555555
1 0.8055555555555556 0.8177083333333334 0.044444444444444446 0.05555555555555555
1 0.85 0.7734375 0.044444444444444446 0.06076388888888889
1 0.8923611111111112 0.7873263888888888 0.043055555555555555 0.057291666666666664
