1 0.03819444444444445 0.14930555555555555 0.04583333333333333 0.06597222222222222
1 0.025694444444444443 0.3862847222222222 0.04861111111111111 0.057291666666666664
1 0.10555555555555556 0.28125 0.05 0.06597222222222222
1 0.0625 0.5182291666666666 0.041666666666666664 0.05381944444444445
1 0.22708333333333333 0.4982638888888889 0.04861111111111111 0.0625
1 0.3541666666666667 0.1684027777777778 0.044444444444444446 0.05555555555555555
1 0.35833333333333334 0.08159722222222222 0.05277777777777778 0.06944444444444445
1 0.37222222222222223 0.029513888888888888 0.044444444444444446 0.052083333333333336
1 0.3423611111111111 0.484375 0.04583333333333333 0.0625
1 0.22708333333333333 0.6493055555555556 0.04027777777777778 0.052083333333333336
1 0.12430555555555556 0.9661458333333334 0.04861111111111111 0.0642361111111111
1 0.3020833333333333 0.7309027777777778 0.043055555555555555 0.059027777777777776
1 0.4534722222222222 0.7300347222222222 0.05138888888888889 0.06076388888888889
1 0.3472222222222222 0.328125 0.04722222222222222 0.05555555555555555
1 0.4798611111111111 0.3020833333333333 0.04861111111111111 0.059027777777777776
1 0.5131944444444444 0.22395833333333334 0.043055555555555555 0.059027777777777776
1 0.5555555555555556 0.18055555555555555 0.04722222222222222 0.059027777777777776
1 0.7534722222222222 0.19618055555555555 0.04861111111111111 0.0625
1 0.9041666666666667 0.10243055555555555 0.04722222222222222 0.05555555555555555
1 0.8 0.3142361111111111 0.044444444444444446 0.059027777777777776
1 0.6083333333333333 0.3880208333333333 0.044444444444444446 0.0642361111111111
1 0.5277777777777778 0.3949652777777778 0.05 0.0642361111111111
1 0.4756944444444444 0.40625 0.04861111111111111 0.059027777777777776
1 0.38958333333333334 0.4461805555555556 0.043055555555555555 0.052083333333333336
1 0.4638888888888889 0.9574652777777778 0.044444444444444446 0.050347222222222224
1 0.5736111111111111 0.5911458333333334 0.04722222222222222 0.05381944444444445
1 0.5520833333333334 0.8237847222222222 0.04861111111111111 0.06076388888888889
1 0.6430555555555556 0.5494791666666666 0.04722222222222222 0.0642361111111111
1 0.73125 0.5130208333333334 0.043055555555555555 0.06076388888888889
1 0.7784722222222222 0.4348958333333333 0.04583333333333333 0.0642361111111111
1 0.8270833333333333 0.4678819444444444 0.043055555555555555 0.06076388888888889
1 0.8631944444444445 0.4453125 0.0375 0.06076388888888889
1 0.8895833333333333 0.4869791666666667 0.04861111111111111 0.0642361111111111
1 0.9506944444444444 0.5234375 0.05138888888888889 0.057291666666666664
1 0.8208333333333333 0.5486111111111112 0.044444444444444446 0.052083333333333336
1 0.6944444444444444 0.6605902777777778 0.03888888888888889 0.06076388888888889
1 0.7368055555555556 0.6493055555555556 0.04861111111111111 0.0625
1 0.6805555555555556 0.8064236111111112 0.041666666666666664 0.057291666666666664
1 0.7 0.8420138888888888 0.041666666666666664 0.05555555555555555
1 0.7645833333333333 0.8046875 0.043055555555555555 0.06076388888888889
1 0.9506944444444444 0.6449652777777778 0.04861111111111111 0.05381944444444445
1 0.9618055555555556 0.7326388888888888 0.04583333333333333 0.059027777777777776
1 0.8270833333333333 0.9140625 0.05138888888888889 0.057291666666666664
1 0.7881944444444444 0.9635416666666666 0.05138888888888889 0.059027777777777776
