1 0.02013888888888889 0.0876736111111111 0.0375 0.057291666666666664
1 0.10486111111111111 0.041666666666666664 0.04583333333333333 0.0625
1 0.33055555555555555 0.3463541666666667 0.044444444444444446 0.06076388888888889
1 0.03125 0.3984375 0.043055555555555555 0.06076388888888889
1 0.03333333333333333 0.4505208333333333 0.05 0.0642361111111111
1 0.017361111111111112 0.4973958333333333 0.03194444444444444 0.050347222222222224
1 0.5090277777777777 0.3081597222222222 0.04583333333333333 0.06076388888888889
1 0.5131944444444444 0.2456597222222222 0.05138888888888889 0.06076388888888889
1 0.6756944444444445 0.06336805555555555 0.04583333333333333 0.0642361111111111
1 0.7659722222222223 0.08854166666666667 0.04861111111111111 0.05555555555555555
1 0.9159722222222222 0.052083333333333336 0.04027777777777778 0.05555555555555555
1 0.23819444444444443 0.6692708333333334 0.04027777777777778 0.0642361111111111
1 0.025 0.9375 0.03888888888888889 0.05555555555555555
1 0.31319444444444444 0.7118055555555556 0.04583333333333333 0.0625
1 0.4513888888888889 0.6579861111111112 0.044444444444444446 0.0625
1 0.5229166666666667 0.4574652777777778 0.04861111111111111 0.05381944444444445
1 0.8604166666666667 0.3385416666666667 0.043055555555555555 0.059027777777777776
1 0.9305555555555556 0.4626736111111111 0.04722222222222222 0.06770833333333333
1 0.7590277777777777 0.5529513888888888 0.04027777777777778 0.05381944444444445
1 0.8034722222222223 0.5208333333333334 0.04583333333333333 0.052083333333333336
1 0.4013888888888889 0.7638888888888888 0.04722222222222222 0.059027777777777776
1 0.23541666666666666 0.9340277777777778 0.04583333333333333 0.05555555555555555
1 0.10694444444444444 0.9835069444444444 0.041666666666666664 0.03298611111111111
1 0.39375 0.8732638888888888 0.043055555555555555 0.05555555555555555
1 0.5618055555555556 0.8958333333333334 0.04583333333333333 0.05555555555555555
1 0.6034722222222222 0.890625 0.04861111111111111 0.0625
1 0.45625 0.9461805555555556 0.043055555555555555 0.05555555555555555
1 0.4798611111111111 0.9748263888888888 0.04861111111111111 0.03993055555555555
1 0.7215277777777778 0.7092013888888888 0.04027777777777778 0.06076388888888889
1 0.7520833333333333 0.6284722222222222 0.043055555555555555 0.05555555555555555
1 0.9631944444444445 0.6857638888888888 0.04027777777777778 0.05555555555555555
1 0.9868055555555556 0.6736111111111112 0.02638888888888889 0.0625
1 0.9347222222222222 0.78125 0.041666666666666664 0.05555555555555555
1 0.9666666666666667 0.7682291666666666 0.05 0.06076388888888889
1 0.9083333333333333 0.9001736111111112 0.03888888888888889 0.05381944444444445
1 0.0625 0.11024305555555555 0.044444444444444446 0.06076388888888889
1 0.03333333333333333 0.2065972222222222 0.04722222222222222 0.05555555555555555
1 0.00625 0.06076388888888889 0.009722222222222222 0.04513888888888889
