0 0.3576388888888889 0.2439236111111111 0.07083333333333333 0.078125
0 0.4534722222222222 0.1605902777777778 0.059722222222222225 0.078125
5 0.7069444444444445 0.24913194444444445 0.03611111111111111 0.043402777777777776
5 0.7854166666666667 0.3081597222222222 0.04027777777777778 0.050347222222222224
0 0.8736111111111111 0.5243055555555556 0.06111111111111111 0.08333333333333333
5 0.6770833333333334 0.8046875 0.04027777777777778 0.043402777777777776
5 0.6236111111111111 0.8697916666666666 0.03333333333333333 0.041666666666666664
7 0.04791666666666667 0.8142361111111112 0.04861111111111111 0.06597222222222222
7 0.5236111111111111 0.4427083333333333 0.03888888888888889 0.04513888888888889
7 0.5430555555555555 0.8854166666666666 0.10833333333333334 0.1388888888888889
