1 0.5180555555555556 0.13020833333333334 0.06944444444444445 0.08333333333333333
1 0.0763888888888889 0.2734375 0.07222222222222222 0.08506944444444445
1 0.24722222222222223 0.2751736111111111 0.06666666666666667 0.08854166666666667
1 0.3034722222222222 0.4982638888888889 0.07361111111111111 0.09722222222222222
1 0.23055555555555557 0.6475694444444444 0.08055555555555556 0.0798611111111111
1 0.4798611111111111 0.6597222222222222 0.0625 0.08333333333333333
1 0.9597222222222223 0.5425347222222222 0.06666666666666667 0.08159722222222222
1 0.14930555555555555 0.8967013888888888 0.07916666666666666 0.08854166666666667
1 0.4527777777777778 0.3289930555555556 0.06944444444444445 0.07465277777777778
1 0.5326388888888889 0.5928819444444444 0.08194444444444444 0.078125
1 0.25 0.8116319444444444 0.11944444444444445 0.11284722222222222
