1 0.1486111111111111 0.0685763888888889 0.06666666666666667 0.078125
1 0.29375 0.13975694444444445 0.06527777777777778 0.07118055555555555
1 0.49027777777777776 0.625 0.05555555555555555 0.07291666666666667
1 0.6138888888888889 0.5625 0.06111111111111111 0.08333333333333333
1 0.14305555555555555 0.3315972222222222 0.06388888888888888 0.08333333333333333
1 0.14027777777777778 0.4366319444444444 0.06388888888888888 0.07465277777777778
1 0.03194444444444444 0.2855902777777778 0.06111111111111111 0.078125
1 0.06805555555555555 0.8394097222222222 0.06666666666666667 0.078125
1 0.34375 0.22135416666666666 0.059722222222222225 0.078125
1 0.4131944444444444 0.03125 0.0625 0.059027777777777776
