1 0.018055555555555554 0.09027777777777778 0.03333333333333333 0.06597222222222222
1 0.06666666666666667 0.13802083333333334 0.044444444444444446 0.0642361111111111
1 0.13958333333333334 0.027777777777777776 0.043055555555555555 0.052083333333333336
1 0.30972222222222223 0.08159722222222222 0.044444444444444446 0.052083333333333336
1 0.2861111111111111 0.1154513888888889 0.041666666666666664 0.05381944444444445
1 0.20833333333333334 0.17881944444444445 0.044444444444444446 0.05555555555555555
1 0.47638888888888886 0.1675347222222222 0.044444444444444446 0.057291666666666664
1 0.48125 0.23524305555555555 0.04583333333333333 0.06076388888888889
1 0.6256944444444444 0.1032986111111111 0.043055555555555555 0.057291666666666664
1 0.6680555555555555 0.2222222222222222 0.041666666666666664 0.06597222222222222
1 0.7916666666666666 0.1831597222222222 0.044444444444444446 0.06076388888888889
1 0.12430555555555556 0.16927083333333334 0.043055555555555555 0.057291666666666664
1 0.11944444444444445 0.2152777777777778 0.044444444444444446 0.052083333333333336
1 0.11527777777777778 0.2586805555555556 0.041666666666666664 0.052083333333333336
1 0.15138888888888888 0.2821180555555556 0.041666666666666664 0.057291666666666664
1 0.1986111111111111 0.2951388888888889 0.04722222222222222 0.059027777777777776
1 0.14583333333333334 0.3454861111111111 0.044444444444444446 0.059027777777777776
1 0.07569444444444444 0.421875 0.04861111111111111 0.0625
3 0.03611111111111111 0.5494791666666666 0.04722222222222222 0.05381944444444445
1 0.13541666666666666 0.5859375 0.05138888888888889 0.06076388888888889
1 0.21805555555555556 0.3446180555555556 0.044444444444444446 0.06076388888888889
1 0.29444444444444445 0.4479166666666667 0.04722222222222222 0.0625
1 0.36041666666666666 0.4331597222222222 0.043055555555555555 0.06076388888888889
1 0.5013888888888889 0.4010416666666667 0.044444444444444446 0.0625
1 0.5972222222222222 0.021701388888888888 0.041666666666666664 0.03993055555555555
1 0.5527777777777778 0.025173611111111112 0.041666666666666664 0.046875
1 0.5430555555555555 0.08333333333333333 0.044444444444444446 0.059027777777777776
1 0.6513888888888889 0.3420138888888889 0.044444444444444446 0.05555555555555555
1 0.7375 0.2534722222222222 0.041666666666666664 0.059027777777777776
1 0.9402777777777778 0.1467013888888889 0.04722222222222222 0.07118055555555555
1 0.9840277777777777 0.13368055555555555 0.03194444444444444 0.0625
1 0.9027777777777778 0.296875 0.04722222222222222 0.0625
1 0.9347222222222222 0.3784722222222222 0.04722222222222222 0.0625
1 0.9875 0.4079861111111111 0.025 0.0625
1 0.3736111111111111 0.5607638888888888 0.04722222222222222 0.0625
1 0.06180555555555556 0.8038194444444444 0.05138888888888889 0.0625
1 0.09236111111111112 0.9305555555555556 0.05138888888888889 0.059027777777777776
1 0.043055555555555555 0.9730902777777778 0.05277777777777778 0.043402777777777776
1 0.24305555555555555 0.7161458333333334 0.044444444444444446 0.06076388888888889
1 0.19791666666666666 0.7473958333333334 0.043055555555555555 0.06076388888888889
1 0.17430555555555555 0.7934027777777778 0.05138888888888889 0.0625
1 0.28055555555555556 0.8637152777777778 0.04722222222222222 0.06076388888888889
1 0.34375 0.8923611111111112 0.04583333333333333 0.06944444444444445
1 0.4361111111111111 0.8263888888888888 0.044444444444444446 0.05555555555555555
1 0.4701388888888889 0.9019097222222222 0.043055555555555555 0.0642361111111111
1 0.35347222222222224 0.9782986111111112 0.04027777777777778 0.03993055555555555
1 0.4111111111111111 0.9670138888888888 0.04722222222222222 0.052083333333333336
1 0.4576388888888889 0.9704861111111112 0.04583333333333333 0.04861111111111111
1 0.5194444444444445 0.9305555555555556 0.05 0.059027777777777776
1 0.6486111111111111 0.9756944444444444 0.044444444444444446 0.03819444444444445
1 0.33611111111111114 0.6901041666666666 0.041666666666666664 0.057291666666666664
1 0.42777777777777776 0.6223958333333334 0.044444444444444446 0.0642361111111111
1 0.5916666666666667 0.6996527777777778 0.04722222222222222 0.06597222222222222
1 0.6090277777777777 0.8055555555555556 0.04583333333333333 0.0625
1 0.6576388888888889 0.7717013888888888 0.05138888888888889 0.0642361111111111
1 0.6527777777777778 0.5607638888888888 0.05 0.059027777777777776
1 0.6597222222222222 0.4331597222222222 0.044444444444444446 0.06076388888888889
1 0.6756944444444445 0.4947916666666667 0.04861111111111111 0.059027777777777776
1 0.7875 0.5104166666666666 0.041666666666666664 0.0625
1 0.7368055555555556 0.5173611111111112 0.04861111111111111 0.059027777777777776
1 0.7375 0.5868055555555556 0.05 0.0625
1 0.7638888888888888 0.7092013888888888 0.05 0.06770833333333333
1 0.85625 0.6380208333333334 0.04861111111111111 0.06770833333333333
1 0.8326388888888889 0.7161458333333334 0.05138888888888889 0.07118055555555555
1 0.8840277777777777 0.8446180555555556 0.05138888888888889 0.06076388888888889
1 0.9715277777777778 0.8359375 0.04583333333333333 0.0642361111111111
1 0.6986111111111111 0.9461805555555556 0.04722222222222222 0.059027777777777776
1 0.7736111111111111 0.9782986111111112 0.044444444444444446 0.03298611111111111
