1 0.05625 0.4322916666666667 0.06527777777777778 0.08333333333333333
1 0.28888888888888886 0.3524305555555556 0.06111111111111111 0.0763888888888889
1 0.3923611111111111 0.4053819444444444 0.07083333333333333 0.08159722222222222
1 0.5111111111111111 0.3975694444444444 0.06388888888888888 0.0798611111111111
1 0.8145833333333333 0.4288194444444444 0.06527777777777778 0.08680555555555555
1 0.5368055555555555 0.6510416666666666 0.05694444444444444 0.06944444444444445
1 0.15 0.6180555555555556 0.06944444444444445 0.0798611111111111
1 0.7986111111111112 0.6085069444444444 0.06944444444444445 0.08159722222222222
1 0.7097222222222223 0.828125 0.07777777777777778 0.0798611111111111
1 0.7152777777777778 0.4409722222222222 0.07777777777777778 0.08333333333333333
1 0.6423611111111112 0.08940972222222222 0.06805555555555555 0.08159722222222222
1 0.6041666666666666 0.859375 0.06666666666666667 0.07291666666666667
1 0.11666666666666667 0.0390625 0.07777777777777778 0.07118055555555555
