2 0.16527777777777777 0.3203125 0.075 0.08159722222222222
2 0.25972222222222224 0.4722222222222222 0.07777777777777778 0.08680555555555555
2 0.3625 0.4227430555555556 0.08333333333333333 0.09895833333333333
2 0.5986111111111111 0.734375 0.08055555555555556 0.10069444444444445
2 0.7159722222222222 0.7135416666666666 0.07083333333333333 0.09722222222222222
2 0.6333333333333333 0.19010416666666666 0.07222222222222222 0.08159722222222222
2 0.9756944444444444 0.08159722222222222 0.04861111111111111 0.10069444444444445
2 0.7236111111111111 0.2951388888888889 0.075 0.09375
2 0.6916666666666667 0.5217013888888888 0.07222222222222222 0.0920138888888889
2 0.84375 0.4852430555555556 0.0763888888888889 0.11631944444444445
2 0.8673611111111111 0.6536458333333334 0.06527777777777778 0.08159722222222222
2 0.8451388888888889 0.7473958333333334 0.0763888888888889 0.08854166666666667
2 0.05694444444444444 0.953125 0.07777777777777778 0.08680555555555555
0 0.0625 0.21614583333333334 0.06666666666666667 0.08854166666666667
0 0.5097222222222222 0.6458333333333334 0.07222222222222222 0.10416666666666667
2 0.7618055555555555 0.4296875 0.06527777777777778 0.0920138888888889
0 0.21458333333333332 0.23958333333333334 0.07083333333333333 0.0763888888888889
2 0.8006944444444445 0.3880208333333333 0.07083333333333333 0.08159722222222222
2 0.49166666666666664 0.9592013888888888 0.05 0.07118055555555555
1 0.48194444444444445 0.8342013888888888 0.04722222222222222 0.057291666666666664
0 0.9826388888888888 0.3229166666666667 0.034722222222222224 0.0798611111111111
1 0.4270833333333333 0.2300347222222222 0.043055555555555555 0.06076388888888889
0 0.03819444444444445 0.06770833333333333 0.0625 0.07291666666666667
2 0.017361111111111112 0.5815972222222222 0.03194444444444444 0.08333333333333333
2 0.1527777777777778 0.5303819444444444 0.11388888888888889 0.1857638888888889
