6 0.9055555555555556 0.6744791666666666 0.06111111111111111 0.140625
6 0.9409722222222222 0.5590277777777778 0.09861111111111111 0.12152777777777778
6 0.03263888888888889 0.22743055555555555 0.0625 0.09722222222222222
6 0.2861111111111111 0.9600694444444444 0.08333333333333333 0.0798611111111111
6 0.3972222222222222 0.9357638888888888 0.1111111111111111 0.1284722222222222
6 0.022916666666666665 0.96875 0.043055555555555555 0.0625
6 0.34652777777777777 0.6276041666666666 0.10138888888888889 0.1267361111111111
6 0.8381944444444445 0.8446180555555556 0.04861111111111111 0.0920138888888889
6 0.8020833333333334 0.5494791666666666 0.06805555555555555 0.078125
6 0.8520833333333333 0.4435763888888889 0.043055555555555555 0.0920138888888889
6 0.09305555555555556 0.8125 0.06111111111111111 0.11458333333333333
6 0.9715277777777778 0.1484375 0.05694444444444444 0.078125
