1 0.16041666666666668 0.17274305555555555 0.05138888888888889 0.06770833333333333
1 0.46041666666666664 0.2013888888888889 0.05694444444444444 0.06597222222222222
1 0.7472222222222222 0.6284722222222222 0.05277777777777778 0.06597222222222222
1 0.7208333333333333 0.7248263888888888 0.05 0.06076388888888889
1 0.8972222222222223 0.8038194444444444 0.05277777777777778 0.06944444444444445
1 0.2152777777777778 0.8394097222222222 0.044444444444444446 0.05381944444444445
0 0.7666666666666667 0.5190972222222222 0.075 0.09722222222222222
0 0.15069444444444444 0.7543402777777778 0.07083333333333333 0.0954861111111111
0 0.5756944444444444 0.13194444444444445 0.08194444444444444 0.12152777777777778
0 0.5986111111111111 0.028645833333333332 0.06944444444444445 0.05381944444444445
7 0.8430555555555556 0.07118055555555555 0.05555555555555555 0.06597222222222222
7 0.8701388888888889 0.016493055555555556 0.0763888888888889 0.029513888888888888
7 0.6576388888888889 0.022569444444444444 0.06527777777777778 0.041666666666666664
