1 0.09513888888888888 0.671875 0.0625 0.08333333333333333
1 0.6763888888888889 0.8498263888888888 0.058333333333333334 0.07465277777777778
1 0.9777777777777777 0.2717013888888889 0.044444444444444446 0.07465277777777778
0 0.21944444444444444 0.23177083333333334 0.075 0.09895833333333333
0 0.36527777777777776 0.6197916666666666 0.075 0.09027777777777778
0 0.39305555555555555 0.6770833333333334 0.06666666666666667 0.09375
0 0.39305555555555555 0.84375 0.09166666666666666 0.10069444444444445
0 0.9465277777777777 0.5130208333333334 0.07916666666666666 0.08854166666666667
0 0.9777777777777777 0.4427083333333333 0.044444444444444446 0.09375
0 0.6743055555555556 0.3385416666666667 0.059722222222222225 0.09027777777777778
0 0.9243055555555556 0.4435763888888889 0.08194444444444444 0.0954861111111111
1 0.9868055555555556 0.6302083333333334 0.02638888888888889 0.0625
0 0.9527777777777777 0.08159722222222222 0.06111111111111111 0.09722222222222222
7 0.7569444444444444 0.05295138888888889 0.15 0.10243055555555555
7 0.8173611111111111 0.7135416666666666 0.05694444444444444 0.09375
7 0.90625 0.7977430555555556 0.04583333333333333 0.05381944444444445
