2 0.34930555555555554 0.10590277777777778 0.06805555555555555 0.08680555555555555
2 0.12222222222222222 0.4322916666666667 0.08333333333333333 0.11458333333333333
2 0.35 0.3463541666666667 0.06944444444444445 0.09895833333333333
2 0.5145833333333333 0.1388888888888889 0.07361111111111111 0.09722222222222222
2 0.6236111111111111 0.11458333333333333 0.06111111111111111 0.08680555555555555
2 0.6972222222222222 0.12152777777777778 0.06666666666666667 0.09375
2 0.7708333333333334 0.2456597222222222 0.07777777777777778 0.08854166666666667
2 0.8784722222222222 0.2248263888888889 0.07083333333333333 0.10590277777777778
2 0.7291666666666666 0.4895833333333333 0.06666666666666667 0.1076388888888889
2 0.08333333333333333 0.6623263888888888 0.075 0.109375
2 0.42430555555555555 0.6553819444444444 0.08194444444444444 0.10243055555555555
2 0.6118055555555556 0.6310763888888888 0.07083333333333333 0.10590277777777778
2 0.5298611111111111 0.8454861111111112 0.06805555555555555 0.11458333333333333
2 0.6576388888888889 0.828125 0.07361111111111111 0.09027777777777778
2 0.6465277777777778 0.9236111111111112 0.07916666666666666 0.1076388888888889
0 0.5229166666666667 0.2873263888888889 0.06527777777777778 0.08506944444444445
0 0.9055555555555556 0.3255208333333333 0.06944444444444445 0.08506944444444445
0 0.4597222222222222 0.8854166666666666 0.05555555555555555 0.06944444444444445
2 0.31319444444444444 0.6475694444444444 0.0625 0.10069444444444445
2 0.17222222222222222 0.9522569444444444 0.1 0.08854166666666667
2 0.5680555555555555 0.7092013888888888 0.06388888888888888 0.0920138888888889
2 0.9833333333333333 0.9348958333333334 0.03333333333333333 0.08506944444444445
7 0.04791666666666667 0.8046875 0.059722222222222225 0.07465277777777778
