2 0.6576388888888889 0.2230902777777778 0.07083333333333333 0.10243055555555555
2 0.7881944444444444 0.4045138888888889 0.07083333333333333 0.11458333333333333
2 0.44027777777777777 0.2647569444444444 0.08055555555555556 0.0954861111111111
2 0.44583333333333336 0.04600694444444445 0.06944444444444445 0.08854166666666667
2 0.13402777777777777 0.0763888888888889 0.0763888888888889 0.1076388888888889
2 0.10625 0.3368055555555556 0.06805555555555555 0.08680555555555555
2 0.2708333333333333 0.4609375 0.07222222222222222 0.09895833333333333
2 0.3625 0.5703125 0.07222222222222222 0.08854166666666667
2 0.4625 0.6223958333333334 0.075 0.0954861111111111
2 0.48333333333333334 0.8168402777777778 0.07222222222222222 0.11979166666666667
2 0.6041666666666666 0.5277777777777778 0.07222222222222222 0.09027777777777778
2 0.6895833333333333 0.5520833333333334 0.08194444444444444 0.09375
2 0.24375 0.6258680555555556 0.06527777777777778 0.08854166666666667
2 0.13541666666666666 0.6796875 0.0763888888888889 0.078125
2 0.10208333333333333 0.8654513888888888 0.0763888888888889 0.08506944444444445
2 0.34791666666666665 0.8237847222222222 0.06805555555555555 0.08854166666666667
2 0.9604166666666667 0.9383680555555556 0.07916666666666666 0.09895833333333333
2 0.8375 0.71875 0.06944444444444445 0.1076388888888889
0 0.7472222222222222 0.8185763888888888 0.07777777777777778 0.08506944444444445
0 0.6819444444444445 0.9262152777777778 0.06944444444444445 0.08506944444444445
0 0.7472222222222222 0.6475694444444444 0.06666666666666667 0.06944444444444445
0 0.23055555555555557 0.875 0.06388888888888888 0.09027777777777778
2 0.23194444444444445 0.9427083333333334 0.06111111111111111 0.09722222222222222
1 0.6909722222222222 0.1388888888888889 0.04583333333333333 0.06944444444444445
2 0.975 0.7239583333333334 0.05 0.09722222222222222
2 0.7743055555555556 0.7178819444444444 0.0625 0.07465277777777778
7 0.2111111111111111 0.07725694444444445 0.06111111111111111 0.06770833333333333
2 0.8840277777777777 0.014756944444444444 0.05694444444444444 0.026041666666666668
1 0.10069444444444445 0.6328125 0.04861111111111111 0.06076388888888889
