1 0.03611111111111111 0.046875 0.04722222222222222 0.059027777777777776
1 0.17708333333333334 0.041666666666666664 0.04861111111111111 0.059027777777777776
1 0.2701388888888889 0.12239583333333333 0.04583333333333333 0.057291666666666664
1 0.30833333333333335 0.0876736111111111 0.05 0.06076388888888889
1 0.44027777777777777 0.07291666666666667 0.05 0.059027777777777776
1 0.475 0.1953125 0.05 0.05381944444444445
1 0.5256944444444445 0.09461805555555555 0.043055555555555555 0.06076388888888889
1 0.5138888888888888 0.296875 0.05 0.0625
1 0.04652777777777778 0.234375 0.04861111111111111 0.05555555555555555
1 0.1125 0.3255208333333333 0.044444444444444446 0.06076388888888889
1 0.22361111111111112 0.4027777777777778 0.05 0.05555555555555555
1 0.3159722222222222 0.4340277777777778 0.04861111111111111 0.052083333333333336
1 0.3375 0.5060763888888888 0.04722222222222222 0.05381944444444445
1 0.5222222222222223 0.4418402777777778 0.05 0.06076388888888889
1 0.3993055555555556 0.5902777777777778 0.05138888888888889 0.059027777777777776
3 0.09722222222222222 0.6753472222222222 0.05 0.059027777777777776
1 0.10277777777777777 0.765625 0.05 0.05555555555555555
1 0.16111111111111112 0.7256944444444444 0.05 0.059027777777777776
1 0.24097222222222223 0.7621527777777778 0.05138888888888889 0.059027777777777776
1 0.55 0.5390625 0.04722222222222222 0.06076388888888889
1 0.7013888888888888 0.5060763888888888 0.04722222222222222 0.06076388888888889
1 0.6986111111111111 0.13020833333333334 0.044444444444444446 0.059027777777777776
1 0.8256944444444444 0.3046875 0.04583333333333333 0.0642361111111111
1 0.9222222222222223 0.1675347222222222 0.044444444444444446 0.0642361111111111
1 0.9638888888888889 0.029513888888888888 0.03888888888888889 0.05555555555555555
1 0.9368055555555556 0.3949652777777778 0.04027777777777778 0.057291666666666664
1 0.7576388888888889 0.6388888888888888 0.05138888888888889 0.059027777777777776
1 0.68125 0.6597222222222222 0.04583333333333333 0.059027777777777776
1 0.46458333333333335 0.7178819444444444 0.05138888888888889 0.06076388888888889
1 0.36041666666666666 0.7439236111111112 0.04861111111111111 0.057291666666666664
1 0.44930555555555557 0.8333333333333334 0.043055555555555555 0.05555555555555555
1 0.34097222222222223 0.7986111111111112 0.04583333333333333 0.05555555555555555
1 0.3784722222222222 0.8324652777777778 0.04583333333333333 0.057291666666666664
1 0.35138888888888886 0.8880208333333334 0.04722222222222222 0.06076388888888889
1 0.24027777777777778 0.9418402777777778 0.041666666666666664 0.057291666666666664
1 0.4013888888888889 0.96875 0.05277777777777778 0.052083333333333336
1 0.41875 0.8993055555555556 0.043055555555555555 0.05555555555555555
1 0.5194444444444445 0.8246527777777778 0.04722222222222222 0.059027777777777776
1 0.6888888888888889 0.8993055555555556 0.04722222222222222 0.059027777777777776
1 0.6493055555555556 0.7126736111111112 0.04861111111111111 0.05381944444444445
1 0.6715277777777777 0.7578125 0.043055555555555555 0.06076388888888889
1 0.9673611111111111 0.5815972222222222 0.05416666666666667 0.06597222222222222
1 0.89375 0.6918402777777778 0.05138888888888889 0.06076388888888889
1 0.7708333333333334 0.7795138888888888 0.05555555555555555 0.06944444444444445
1 0.9125 0.7447916666666666 0.04722222222222222 0.0625
1 0.9055555555555556 0.9557291666666666 0.04722222222222222 0.05381944444444445
1 0.9569444444444445 0.6649305555555556 0.044444444444444446 0.059027777777777776
1 0.9493055555555555 0.7352430555555556 0.04583333333333333 0.06076388888888889
1 0.9854166666666667 0.7526041666666666 0.029166666666666667 0.06076388888888889
1 0.9659722222222222 0.4782986111111111 0.04583333333333333 0.057291666666666664
1 0.9736111111111111 0.4331597222222222 0.044444444444444446 0.05381944444444445
3 0.2708333333333333 0.9392361111111112 0.041666666666666664 0.059027777777777776
1 0.016666666666666666 0.84375 0.030555555555555555 0.06944444444444445
1 0.011111111111111112 0.5225694444444444 0.019444444444444445 0.06944444444444445
