2 0.02638888888888889 0.1111111111111111 0.05 0.09375
2 0.40625 0.1779513888888889 0.07361111111111111 0.0920138888888889
2 0.6770833333333334 0.2361111111111111 0.08194444444444444 0.11458333333333333
2 0.8097222222222222 0.2838541666666667 0.075 0.10590277777777778
2 0.9361111111111111 0.3524305555555556 0.07222222222222222 0.09027777777777778
2 0.7152777777777778 0.1232638888888889 0.08611111111111111 0.10069444444444445
2 0.7618055555555555 0.5486111111111112 0.07916666666666666 0.10416666666666667
2 0.5618055555555556 0.5355902777777778 0.06527777777777778 0.0920138888888889
2 0.6111111111111112 0.5998263888888888 0.07777777777777778 0.08159722222222222
2 0.5736111111111111 0.7309027777777778 0.075 0.09722222222222222
2 0.4847222222222222 0.9513888888888888 0.07777777777777778 0.08333333333333333
2 0.3298611111111111 0.7708333333333334 0.07083333333333333 0.09027777777777778
2 0.035416666666666666 0.9375 0.059722222222222225 0.09027777777777778
2 0.8861111111111111 0.9279513888888888 0.08333333333333333 0.0920138888888889
0 0.21875 0.7074652777777778 0.0763888888888889 0.09895833333333333
2 0.6215277777777778 0.9635416666666666 0.0625 0.06597222222222222
0 0.30625 0.1545138888888889 0.059722222222222225 0.0798611111111111
2 0.3215277777777778 0.2621527777777778 0.05416666666666667 0.0798611111111111
1 0.4 0.2552083333333333 0.044444444444444446 0.059027777777777776
1 0.8194444444444444 0.3810763888888889 0.04722222222222222 0.0642361111111111
1 0.8694444444444445 0.6475694444444444 0.05 0.06944444444444445
1 0.5208333333333334 0.7621527777777778 0.04722222222222222 0.059027777777777776
2 0.65 0.9166666666666666 0.06111111111111111 0.08333333333333333
2 0.5979166666666667 0.9149305555555556 0.05694444444444444 0.0798611111111111
0 0.12361111111111112 0.8654513888888888 0.06388888888888888 0.10243055555555555
2 0.12152777777777778 0.7482638888888888 0.07361111111111111 0.10069444444444445
2 0.6854166666666667 0.4418402777777778 0.09861111111111111 0.08159722222222222
2 0.4173611111111111 0.015625 0.11527777777777778 0.027777777777777776
2 0.013194444444444444 0.033854166666666664 0.02361111111111111 0.0642361111111111
7 0.29097222222222224 0.5104166666666666 0.0375 0.04513888888888889
