2 0.0798611111111111 0.10503472222222222 0.08472222222222223 0.09895833333333333
2 0.3138888888888889 0.1875 0.06944444444444445 0.10416666666666667
2 0.4986111111111111 0.11197916666666667 0.06944444444444445 0.10243055555555555
2 0.6381944444444444 0.1501736111111111 0.07361111111111111 0.11284722222222222
2 0.7881944444444444 0.125 0.059722222222222225 0.0798611111111111
2 0.9340277777777778 0.3298611111111111 0.06805555555555555 0.09375
2 0.9548611111111112 0.4253472222222222 0.07361111111111111 0.13194444444444445
2 0.6791666666666667 0.4548611111111111 0.07222222222222222 0.08333333333333333
2 0.7277777777777777 0.7274305555555556 0.06944444444444445 0.10416666666666667
2 0.20069444444444445 0.3967013888888889 0.0763888888888889 0.09895833333333333
2 0.42986111111111114 0.3064236111111111 0.07083333333333333 0.078125
2 0.3159722222222222 0.5711805555555556 0.06527777777777778 0.08333333333333333
0 0.08333333333333333 0.3324652777777778 0.06111111111111111 0.07118055555555555
2 0.9722222222222222 0.13541666666666666 0.05555555555555555 0.0798611111111111
1 0.16041666666666668 0.6310763888888888 0.05138888888888889 0.06076388888888889
1 0.9215277777777777 0.7604166666666666 0.05138888888888889 0.06597222222222222
1 0.8263888888888888 0.8515625 0.044444444444444446 0.0642361111111111
1 0.9618055555555556 0.2743055555555556 0.043055555555555555 0.05555555555555555
1 0.53125 0.421875 0.04861111111111111 0.0625
0 0.2701388888888889 0.5251736111111112 0.059722222222222225 0.07118055555555555
2 0.2826388888888889 0.2916666666666667 0.09583333333333334 0.1076388888888889
1 0.09027777777777778 0.017361111111111112 0.06388888888888888 0.03125
1 0.46597222222222223 0.018229166666666668 0.05138888888888889 0.03298611111111111
2 0.9631944444444445 0.6006944444444444 0.07361111111111111 0.1597222222222222
2 0.9875 0.2326388888888889 0.025 0.06944444444444445
2 0.25416666666666665 0.014756944444444444 0.06388888888888888 0.026041666666666668
