0 0.4263888888888889 0.5928819444444444 0.06111111111111111 0.08506944444444445
0 0.1638888888888889 0.5885416666666666 0.07222222222222222 0.0798611111111111
2 0.5555555555555556 0.07118055555555555 0.058333333333333334 0.09375
2 0.8861111111111111 0.23350694444444445 0.08055555555555556 0.109375
2 0.9590277777777778 0.8151041666666666 0.08194444444444444 0.09895833333333333
2 0.6875 0.9583333333333334 0.075 0.0763888888888889
2 0.5902777777777778 0.8854166666666666 0.06388888888888888 0.0763888888888889
2 0.5840277777777778 0.6501736111111112 0.0763888888888889 0.0954861111111111
2 0.5847222222222223 0.4869791666666667 0.06666666666666667 0.0954861111111111
2 0.44513888888888886 0.4921875 0.06805555555555555 0.0954861111111111
2 0.34444444444444444 0.3376736111111111 0.075 0.10590277777777778
2 0.22916666666666666 0.5182291666666666 0.07777777777777778 0.08159722222222222
2 0.15555555555555556 0.14149305555555555 0.06666666666666667 0.0954861111111111
2 0.06597222222222222 0.1501736111111111 0.07916666666666666 0.08506944444444445
2 0.09861111111111111 0.8168402777777778 0.06944444444444445 0.13020833333333334
2 0.17777777777777778 0.9262152777777778 0.07222222222222222 0.08854166666666667
2 0.3472222222222222 0.9375 0.07222222222222222 0.10069444444444445
2 0.5270833333333333 0.9227430555555556 0.07916666666666666 0.09895833333333333
0 0.02847222222222222 0.8151041666666666 0.05416666666666667 0.08506944444444445
2 0.024305555555555556 0.6041666666666666 0.04583333333333333 0.09027777777777778
2 0.4486111111111111 0.7230902777777778 0.06111111111111111 0.08506944444444445
2 0.5375 0.7439236111111112 0.05555555555555555 0.09895833333333333
2 0.49375 0.7638888888888888 0.06805555555555555 0.08333333333333333
2 0.4791666666666667 0.9704861111111112 0.06111111111111111 0.04861111111111111
2 0.08194444444444444 0.5 0.06388888888888888 0.0798611111111111
2 0.03333333333333333 0.2065972222222222 0.06388888888888888 0.06944444444444445
1 0.07013888888888889 0.019097222222222224 0.04583333333333333 0.034722222222222224
1 0.4965277777777778 0.1076388888888889 0.04027777777777778 0.059027777777777776
3 0.5479166666666667 0.24305555555555555 0.04861111111111111 0.0625
3 0.5604166666666667 0.2986111111111111 0.05416666666666667 0.04513888888888889
2 0.04027777777777778 0.2517361111111111 0.07777777777777778 0.08333333333333333
1 0.06875 0.5451388888888888 0.034722222222222224 0.03819444444444445
2 0.17291666666666666 0.9782986111111112 0.06805555555555555 0.036458333333333336
