0 0.9479166666666666 0.6440972222222222 0.0763888888888889 0.09375
0 0.8645833333333334 0.8237847222222222 0.06527777777777778 0.08506944444444445
5 0.8722222222222222 0.8732638888888888 0.030555555555555555 0.03819444444444445
5 0.7354166666666667 0.7717013888888888 0.029166666666666667 0.03298611111111111
5 0.6243055555555556 0.7994791666666666 0.034722222222222224 0.043402777777777776
5 0.49583333333333335 0.8159722222222222 0.03333333333333333 0.04861111111111111
5 0.7979166666666667 0.4696180555555556 0.03194444444444444 0.03993055555555555
7 0.5486111111111112 0.10069444444444445 0.06944444444444445 0.10069444444444445
6 0.7069444444444445 0.3767361111111111 0.28055555555555556 0.3680555555555556
5 0.08958333333333333 0.8428819444444444 0.03194444444444444 0.046875
