2 0.24097222222222223 0.3663194444444444 0.0763888888888889 0.09722222222222222
2 0.5291666666666667 0.5842013888888888 0.075 0.11631944444444445
2 0.6048611111111111 0.6258680555555556 0.07361111111111111 0.0954861111111111
2 0.6333333333333333 0.4149305555555556 0.06666666666666667 0.08333333333333333
2 0.6506944444444445 0.1918402777777778 0.0763888888888889 0.0954861111111111
2 0.20694444444444443 0.03298611111111111 0.06944444444444445 0.0625
2 0.9236111111111112 0.1684027777777778 0.07777777777777778 0.1076388888888889
2 0.30972222222222223 0.8263888888888888 0.07222222222222222 0.08333333333333333
2 0.34375 0.8975694444444444 0.06805555555555555 0.0763888888888889
2 0.09722222222222222 0.4730902777777778 0.06666666666666667 0.08506944444444445
2 0.6993055555555555 0.7682291666666666 0.0763888888888889 0.09895833333333333
0 0.47847222222222224 0.0920138888888889 0.07083333333333333 0.0763888888888889
0 0.18194444444444444 0.2074652777777778 0.05 0.06770833333333333
0 0.7048611111111112 0.4704861111111111 0.0625 0.1111111111111111
0 0.5013888888888889 0.1684027777777778 0.06666666666666667 0.09722222222222222
0 0.22152777777777777 0.2265625 0.04861111111111111 0.078125
0 0.37430555555555556 0.3463541666666667 0.06527777777777778 0.08854166666666667
1 0.34305555555555556 0.5503472222222222 0.041666666666666664 0.05555555555555555
0 0.7118055555555556 0.8532986111111112 0.06527777777777778 0.0920138888888889
3 0.7381944444444445 0.6788194444444444 0.05694444444444444 0.06944444444444445
2 0.9791666666666666 0.9184027777777778 0.041666666666666664 0.11458333333333333
7 0.8375 0.3723958333333333 0.058333333333333334 0.057291666666666664
7 0.6604166666666667 0.058159722222222224 0.0375 0.046875
