1 0.2125 0.10590277777777778 0.05 0.06597222222222222
1 0.3875 0.04513888888888889 0.04722222222222222 0.06597222222222222
1 0.4756944444444444 0.3810763888888889 0.05138888888888889 0.0642361111111111
1 0.3486111111111111 0.12413194444444445 0.04722222222222222 0.06076388888888889
1 0.22708333333333333 0.3680555555555556 0.05138888888888889 0.06597222222222222
1 0.1986111111111111 0.7934027777777778 0.044444444444444446 0.07291666666666667
1 0.7083333333333334 0.6137152777777778 0.05277777777777778 0.06076388888888889
1 0.8729166666666667 0.2482638888888889 0.04861111111111111 0.06597222222222222
1 0.9708333333333333 0.3515625 0.04722222222222222 0.06770833333333333
0 0.06458333333333334 0.5581597222222222 0.06805555555555555 0.09895833333333333
0 0.8736111111111111 0.6944444444444444 0.058333333333333334 0.0763888888888889
0 0.875 0.9331597222222222 0.08055555555555556 0.1232638888888889
7 0.5493055555555556 0.125 0.07083333333333333 0.07291666666666667
1 0.9722222222222222 0.9826388888888888 0.044444444444444446 0.034722222222222224
1 0.8805555555555555 0.010416666666666666 0.041666666666666664 0.017361111111111112
