1 0.7208333333333333 0.4184027777777778 0.04722222222222222 0.06944444444444445
1 0.8347222222222223 0.2647569444444444 0.05555555555555555 0.07118055555555555
1 0.8701388888888889 0.8654513888888888 0.05138888888888889 0.0642361111111111
1 0.6256944444444444 0.8454861111111112 0.059722222222222225 0.07291666666666667
1 0.4152777777777778 0.7760416666666666 0.05555555555555555 0.06944444444444445
1 0.23819444444444443 0.5060763888888888 0.05694444444444444 0.06770833333333333
0 0.45416666666666666 0.5989583333333334 0.06666666666666667 0.0798611111111111
0 0.7180555555555556 0.7960069444444444 0.07777777777777778 0.09895833333333333
0 0.9798611111111111 0.6545138888888888 0.04027777777777778 0.09375
1 0.3902777777777778 0.09461805555555555 0.05 0.06076388888888889
7 0.6520833333333333 0.5251736111111112 0.034722222222222224 0.046875
7 0.1527777777777778 0.2126736111111111 0.03888888888888889 0.046875
7 0.7590277777777777 0.08159722222222222 0.034722222222222224 0.041666666666666664
