2 0.35625 0.2916666666666667 0.06527777777777778 0.08680555555555555
2 0.2263888888888889 0.3880208333333333 0.06666666666666667 0.10243055555555555
2 0.3645833333333333 0.4227430555555556 0.07916666666666666 0.08506944444444445
2 0.5131944444444444 0.4861111111111111 0.07083333333333333 0.10069444444444445
2 0.5847222222222223 0.5052083333333334 0.06944444444444445 0.08680555555555555
2 0.9527777777777777 0.051215277777777776 0.075 0.0920138888888889
2 0.9611111111111111 0.1640625 0.075 0.10243055555555555
2 0.9680555555555556 0.4774305555555556 0.06388888888888888 0.09722222222222222
2 0.8090277777777778 0.75 0.06527777777777778 0.08680555555555555
2 0.5652777777777778 0.9157986111111112 0.08611111111111111 0.10243055555555555
2 0.16458333333333333 0.7786458333333334 0.07083333333333333 0.08854166666666667
2 0.3 0.9305555555555556 0.06944444444444445 0.09722222222222222
2 0.93125 0.8550347222222222 0.07083333333333333 0.08854166666666667
0 0.28194444444444444 0.11979166666666667 0.06388888888888888 0.0763888888888889
0 0.5923611111111111 0.10677083333333333 0.0625 0.08159722222222222
0 0.7451388888888889 0.3072916666666667 0.06527777777777778 0.08680555555555555
0 0.8708333333333333 0.2013888888888889 0.06111111111111111 0.08333333333333333
0 0.31319444444444444 0.6397569444444444 0.06527777777777778 0.10590277777777778
0 0.6791666666666667 0.6953125 0.06944444444444445 0.078125
2 0.22152777777777777 0.9427083333333334 0.07361111111111111 0.08333333333333333
1 0.4777777777777778 0.14149305555555555 0.05277777777777778 0.07465277777777778
1 0.4909722222222222 0.2725694444444444 0.04861111111111111 0.059027777777777776
1 0.8715277777777778 0.7482638888888888 0.04861111111111111 0.059027777777777776
2 0.85625 0.030381944444444444 0.07083333333333333 0.057291666666666664
2 0.9756944444444444 0.5737847222222222 0.04861111111111111 0.0954861111111111
2 0.37916666666666665 0.9678819444444444 0.07222222222222222 0.057291666666666664
2 0.5965277777777778 0.2769097222222222 0.06805555555555555 0.08159722222222222
1 0.013194444444444444 0.296875 0.02361111111111111 0.06597222222222222
2 0.0798611111111111 0.011284722222222222 0.059722222222222225 0.019097222222222224
2 0.7416666666666667 0.014756944444444444 0.05277777777777778 0.026041666666666668
2 0.6138888888888889 0.9852430555555556 0.05 0.019097222222222224
