4 0.23333333333333334 0.1284722222222222 0.06111111111111111 0.07291666666666667
4 0.4166666666666667 0.3480902777777778 0.08055555555555556 0.08854166666666667
4 0.16805555555555557 0.5147569444444444 0.1 0.10243055555555555
4 0.42291666666666666 0.4348958333333333 0.07916666666666666 0.07118055555555555
4 0.7798611111111111 0.9019097222222222 0.05138888888888889 0.09895833333333333
4 0.8416666666666667 0.3046875 0.03888888888888889 0.057291666666666664
4 0.9173611111111111 0.4461805555555556 0.034722222222222224 0.052083333333333336
4 0.016666666666666666 0.7552083333333334 0.030555555555555555 0.06597222222222222
4 0.075 0.050347222222222224 0.09722222222222222 0.09722222222222222
4 0.44166666666666665 0.014756944444444444 0.041666666666666664 0.026041666666666668
