1 0.075 0.1762152777777778 0.05277777777777778 0.0642361111111111
1 0.016666666666666666 0.3828125 0.030555555555555555 0.057291666666666664
1 0.11597222222222223 0.4401041666666667 0.05416666666666667 0.06770833333333333
1 0.04791666666666667 0.5885416666666666 0.05138888888888889 0.059027777777777776
1 0.05486111111111111 0.6310763888888888 0.04583333333333333 0.05381944444444445
1 0.04722222222222222 0.921875 0.058333333333333334 0.06597222222222222
1 0.29444444444444445 0.10243055555555555 0.04722222222222222 0.06597222222222222
1 0.3326388888888889 0.078125 0.05138888888888889 0.06597222222222222
1 0.3368055555555556 0.2248263888888889 0.05416666666666667 0.0642361111111111
1 0.27361111111111114 0.2699652777777778 0.05 0.06770833333333333
1 0.2590277777777778 0.3715277777777778 0.04861111111111111 0.06597222222222222
1 0.28680555555555554 0.4340277777777778 0.04583333333333333 0.059027777777777776
1 0.31527777777777777 0.4730902777777778 0.05 0.0642361111111111
1 0.19930555555555557 0.6770833333333334 0.05694444444444444 0.06944444444444445
1 0.31875 0.7447916666666666 0.05138888888888889 0.0625
1 0.2388888888888889 0.8489583333333334 0.05277777777777778 0.0625
1 0.30069444444444443 0.8654513888888888 0.05138888888888889 0.06076388888888889
1 0.2951388888888889 0.9244791666666666 0.05694444444444444 0.06076388888888889
1 0.42430555555555555 0.9678819444444444 0.04861111111111111 0.057291666666666664
1 0.4861111111111111 0.7664930555555556 0.05 0.0642361111111111
1 0.4534722222222222 0.5121527777777778 0.05138888888888889 0.06944444444444445
1 0.49236111111111114 0.19444444444444445 0.05138888888888889 0.06597222222222222
1 0.6277777777777778 0.15711805555555555 0.05277777777777778 0.07118055555555555
1 0.6722222222222223 0.14322916666666666 0.05 0.0642361111111111
1 0.4777777777777778 0.4210069444444444 0.05 0.06076388888888889
1 0.5125 0.359375 0.04722222222222222 0.0625
1 0.5319444444444444 0.3958333333333333 0.044444444444444446 0.059027777777777776
1 0.5763888888888888 0.3967013888888889 0.044444444444444446 0.06770833333333333
1 0.6138888888888889 0.4600694444444444 0.05 0.06597222222222222
1 0.5673611111111111 0.5572916666666666 0.04861111111111111 0.0625
1 0.6361111111111111 0.7039930555555556 0.05 0.06770833333333333
1 0.56875 0.8663194444444444 0.05416666666666667 0.059027777777777776
1 0.6965277777777777 0.8411458333333334 0.05138888888888889 0.0642361111111111
1 0.6944444444444444 0.9166666666666666 0.05277777777777778 0.0625
1 0.7541666666666667 0.8628472222222222 0.04722222222222222 0.06597222222222222
1 0.7465277777777778 0.2282986111111111 0.05416666666666667 0.06770833333333333
1 0.7986111111111112 0.3133680555555556 0.05555555555555555 0.06076388888888889
1 0.7701388888888889 0.042534722222222224 0.05416666666666667 0.07118055555555555
1 0.8069444444444445 0.1232638888888889 0.05555555555555555 0.06944444444444445
1 0.8 0.2248263888888889 0.05555555555555555 0.07118055555555555
1 0.8715277777777778 0.2126736111111111 0.05694444444444444 0.06770833333333333
1 0.8270833333333333 0.0234375 0.05694444444444444 0.043402777777777776
1 0.9763888888888889 0.2847222222222222 0.04722222222222222 0.059027777777777776
1 0.9798611111111111 0.3680555555555556 0.04027777777777778 0.07291666666666667
1 0.9493055555555555 0.4661458333333333 0.05694444444444444 0.0642361111111111
1 0.9527777777777777 0.5546875 0.05 0.06770833333333333
1 0.7722222222222223 0.7013888888888888 0.05555555555555555 0.06597222222222222
1 0.8430555555555556 0.6953125 0.05277777777777778 0.0642361111111111
1 0.9194444444444444 0.7039930555555556 0.04722222222222222 0.0642361111111111
1 0.9430555555555555 0.6649305555555556 0.05277777777777778 0.06597222222222222
1 0.6423611111111112 0.03298611111111111 0.04861111111111111 0.05555555555555555
7 0.46111111111111114 0.9331597222222222 0.06111111111111111 0.08159722222222222
1 0.9826388888888888 0.9791666666666666 0.034722222222222224 0.03819444444444445
3 0.9847222222222223 0.5512152777777778 0.030555555555555555 0.07118055555555555
1 0.9875 0.5026041666666666 0.025 0.05381944444444445
1 0.9854166666666667 0.6779513888888888 0.029166666666666667 0.07118055555555555
