1 0.015277777777777777 0.15885416666666666 0.027777777777777776 0.06076388888888889
1 0.10694444444444444 0.17708333333333334 0.044444444444444446 0.05555555555555555
1 0.18888888888888888 0.13368055555555555 0.044444444444444446 0.05555555555555555
1 0.21875 0.2829861111111111 0.04583333333333333 0.05555555555555555
1 0.30277777777777776 0.2456597222222222 0.04722222222222222 0.0642361111111111
1 0.36736111111111114 0.1154513888888889 0.04583333333333333 0.057291666666666664
1 0.46597222222222223 0.06597222222222222 0.05138888888888889 0.06597222222222222
1 0.6902777777777778 0.140625 0.044444444444444446 0.059027777777777776
1 0.6208333333333333 0.15711805555555555 0.05 0.06076388888888889
1 0.5986111111111111 0.2126736111111111 0.05 0.06076388888888889
1 0.38680555555555557 0.18229166666666666 0.04861111111111111 0.052083333333333336
1 0.26805555555555555 0.3072916666666667 0.04722222222222222 0.05555555555555555
1 0.24027777777777778 0.3428819444444444 0.044444444444444446 0.05381944444444445
1 0.2965277777777778 0.3897569444444444 0.04861111111111111 0.0642361111111111
1 0.35138888888888886 0.3663194444444444 0.04722222222222222 0.059027777777777776
1 0.4888888888888889 0.3567708333333333 0.04722222222222222 0.057291666666666664
1 0.4166666666666667 0.4618055555555556 0.05277777777777778 0.0625
1 0.325 0.4487847222222222 0.04722222222222222 0.057291666666666664
1 0.1527777777777778 0.5060763888888888 0.05277777777777778 0.0642361111111111
1 0.10555555555555556 0.6067708333333334 0.044444444444444446 0.06076388888888889
1 0.2638888888888889 0.7673611111111112 0.04722222222222222 0.05555555555555555
1 0.34930555555555554 0.7439236111111112 0.04583333333333333 0.06770833333333333
1 0.5493055555555556 0.020833333333333332 0.04861111111111111 0.03819444444444445
1 0.8020833333333334 0.21180555555555555 0.04583333333333333 0.0625
1 0.69375 0.3211805555555556 0.04861111111111111 0.059027777777777776
1 0.725 0.3480902777777778 0.041666666666666664 0.05381944444444445
1 0.7958333333333333 0.4001736111111111 0.044444444444444446 0.057291666666666664
1 0.7166666666666667 0.421875 0.05 0.059027777777777776
1 0.7395833333333334 0.5208333333333334 0.04861111111111111 0.059027777777777776
1 0.8243055555555555 0.5373263888888888 0.04027777777777778 0.057291666666666664
1 0.89375 0.6215277777777778 0.043055555555555555 0.059027777777777776
1 0.9444444444444444 0.5911458333333334 0.044444444444444446 0.06076388888888889
1 0.3458333333333333 0.5755208333333334 0.04722222222222222 0.057291666666666664
1 0.42916666666666664 0.5677083333333334 0.03888888888888889 0.04861111111111111
1 0.37222222222222223 0.6085069444444444 0.044444444444444446 0.057291666666666664
1 0.2611111111111111 0.8428819444444444 0.04722222222222222 0.057291666666666664
1 0.18958333333333333 0.9435763888888888 0.04861111111111111 0.05381944444444445
1 0.31875 0.8446180555555556 0.043055555555555555 0.057291666666666664
1 0.45625 0.8645833333333334 0.043055555555555555 0.06597222222222222
1 0.5048611111111111 0.7222222222222222 0.04583333333333333 0.06597222222222222
1 0.6513888888888889 0.6753472222222222 0.041666666666666664 0.05555555555555555
1 0.5451388888888888 0.7152777777777778 0.043055555555555555 0.05555555555555555
1 0.5833333333333334 0.7482638888888888 0.041666666666666664 0.05555555555555555
1 0.6583333333333333 0.7361111111111112 0.04722222222222222 0.0625
1 0.7069444444444445 0.7578125 0.041666666666666664 0.057291666666666664
1 0.9409722222222222 0.7256944444444444 0.04583333333333333 0.059027777777777776
1 0.8722222222222222 0.8237847222222222 0.04722222222222222 0.06076388888888889
1 0.9701388888888889 0.8793402777777778 0.04583333333333333 0.0642361111111111
1 0.9118055555555555 0.8993055555555556 0.04583333333333333 0.059027777777777776
1 0.9388888888888889 0.9262152777777778 0.041666666666666664 0.057291666666666664
1 0.475 0.9722222222222222 0.044444444444444446 0.04513888888888889
1 0.16875 0.9748263888888888 0.04583333333333333 0.043402777777777776
3 0.3055555555555556 0.03211805555555555 0.04722222222222222 0.06076388888888889
1 0.8354166666666667 0.9791666666666666 0.04861111111111111 0.034722222222222224
1 0.7069444444444445 0.9774305555555556 0.04722222222222222 0.034722222222222224
1 0.013888888888888888 0.9522569444444444 0.025 0.06076388888888889
7 0.5145833333333333 0.1267361111111111 0.04861111111111111 0.0625
