2 0.11041666666666666 0.1232638888888889 0.07916666666666666 0.09375
2 0.31805555555555554 0.17881944444444445 0.06111111111111111 0.09027777777777778
2 0.39166666666666666 0.19010416666666666 0.075 0.0954861111111111
2 0.4131944444444444 0.2682291666666667 0.07361111111111111 0.078125
2 0.5326388888888889 0.1171875 0.0763888888888889 0.08159722222222222
2 0.5576388888888889 0.3055555555555556 0.07083333333333333 0.09375
2 0.5034722222222222 0.4192708333333333 0.0625 0.0954861111111111
2 0.1076388888888889 0.6076388888888888 0.08194444444444444 0.1076388888888889
2 0.7368055555555556 0.4921875 0.09861111111111111 0.08854166666666667
2 0.8534722222222222 0.5199652777777778 0.08194444444444444 0.11631944444444445
2 0.6506944444444445 0.6805555555555556 0.08472222222222223 0.08333333333333333
2 0.6284722222222222 0.7647569444444444 0.0763888888888889 0.0920138888888889
2 0.4409722222222222 0.6597222222222222 0.07083333333333333 0.0763888888888889
2 0.8416666666666667 0.3671875 0.06666666666666667 0.10590277777777778
0 0.51875 0.5451388888888888 0.06527777777777778 0.0798611111111111
0 0.6527777777777778 0.5633680555555556 0.058333333333333334 0.08506944444444445
2 0.4013888888888889 0.7335069444444444 0.075 0.08506944444444445
2 0.1 0.3125 0.058333333333333334 0.08333333333333333
1 0.35833333333333334 0.0642361111111111 0.03611111111111111 0.06597222222222222
2 0.8083333333333333 0.14583333333333334 0.06111111111111111 0.08333333333333333
2 0.8645833333333334 0.044270833333333336 0.06805555555555555 0.078125
2 0.9743055555555555 0.22395833333333334 0.05138888888888889 0.11805555555555555
1 0.49236111111111114 0.6102430555555556 0.04027777777777778 0.050347222222222224
7 0.46111111111111114 0.59375 0.03611111111111111 0.04861111111111111
3 0.9847222222222223 0.9010416666666666 0.030555555555555555 0.06944444444444445
2 0.041666666666666664 0.017361111111111112 0.058333333333333334 0.03125
0 0.0125 0.4114583333333333 0.022222222222222223 0.0763888888888889
1 0.08055555555555556 0.3541666666666667 0.044444444444444446 0.052083333333333336
2 0.8513888888888889 0.1623263888888889 0.058333333333333334 0.08159722222222222
7 0.8 0.3862847222222222 0.05277777777777778 0.06770833333333333
