2 0.20625 0.3758680555555556 0.06805555555555555 0.08159722222222222
2 0.5840277777777778 0.6137152777777778 0.06527777777777778 0.08854166666666667
2 0.5416666666666666 0.13194444444444445 0.07777777777777778 0.09722222222222222
2 0.6222222222222222 0.13368055555555555 0.06111111111111111 0.09722222222222222
2 0.8618055555555556 0.2170138888888889 0.07361111111111111 0.1076388888888889
2 0.8555555555555555 0.036458333333333336 0.058333333333333334 0.06944444444444445
2 0.12013888888888889 0.7404513888888888 0.06527777777777778 0.0920138888888889
2 0.1951388888888889 0.6935763888888888 0.06805555555555555 0.0954861111111111
2 0.09583333333333334 0.8645833333333334 0.07222222222222222 0.10416666666666667
2 0.3284722222222222 0.9010416666666666 0.07361111111111111 0.09027777777777778
2 0.8715277777777778 0.5920138888888888 0.06805555555555555 0.09722222222222222
2 0.8326388888888889 0.6979166666666666 0.059722222222222225 0.0763888888888889
2 0.73125 0.7777777777777778 0.0625 0.09027777777777778
2 0.5354166666666667 0.9314236111111112 0.07083333333333333 0.078125
0 0.2923611111111111 0.15885416666666666 0.06527777777777778 0.08159722222222222
0 0.027083333333333334 0.04079861111111111 0.05138888888888889 0.07465277777777778
2 0.3423611111111111 0.6293402777777778 0.0625 0.078125
2 0.17291666666666666 0.5520833333333334 0.06527777777777778 0.09375
0 0.18055555555555555 0.9131944444444444 0.05555555555555555 0.0763888888888889
2 0.02847222222222222 0.7907986111111112 0.05416666666666667 0.109375
2 0.36527777777777776 0.3350694444444444 0.06388888888888888 0.07291666666666667
0 0.4284722222222222 0.10069444444444445 0.05138888888888889 0.06944444444444445
0 0.9840277777777777 0.9583333333333334 0.029166666666666667 0.08333333333333333
1 0.46041666666666664 0.8159722222222222 0.04583333333333333 0.059027777777777776
1 0.6888888888888889 0.9626736111111112 0.05 0.050347222222222224
2 0.2465277777777778 0.025173611111111112 0.07361111111111111 0.046875
0 0.4013888888888889 0.1284722222222222 0.05 0.06944444444444445
0 0.38472222222222224 0.07725694444444445 0.05277777777777778 0.06770833333333333
7 0.7784722222222222 0.2795138888888889 0.0375 0.04861111111111111
