1 0.11666666666666667 0.07378472222222222 0.058333333333333334 0.06770833333333333
1 0.23472222222222222 0.3862847222222222 0.058333333333333334 0.07465277777777778
1 0.1423611111111111 0.5651041666666666 0.05138888888888889 0.06770833333333333
1 0.09027777777777778 0.6475694444444444 0.05555555555555555 0.06944444444444445
1 0.19236111111111112 0.6519097222222222 0.05694444444444444 0.07118055555555555
1 0.2743055555555556 0.7751736111111112 0.05416666666666667 0.07465277777777778
1 0.4625 0.6067708333333334 0.05277777777777778 0.06770833333333333
1 0.5916666666666667 0.3376736111111111 0.058333333333333334 0.07118055555555555
1 0.7284722222222222 0.2300347222222222 0.0625 0.07465277777777778
1 0.6006944444444444 0.9053819444444444 0.05694444444444444 0.07118055555555555
