5 0.025694444444444443 0.2907986111111111 0.0375 0.050347222222222224
5 0.6618055555555555 0.12239583333333333 0.04027777777777778 0.050347222222222224
5 0.5048611111111111 0.9262152777777778 0.0375 0.050347222222222224
0 0.3013888888888889 0.15885416666666666 0.07777777777777778 0.08854166666666667
0 0.03611111111111111 0.1467013888888889 0.06944444444444445 0.07118055555555555
0 0.7618055555555555 0.16145833333333334 0.06527777777777778 0.08680555555555555
7 0.15069444444444444 0.3819444444444444 0.07916666666666666 0.1111111111111111
5 0.4201388888888889 0.4088541666666667 0.03194444444444444 0.043402777777777776
5 0.7611111111111111 0.6076388888888888 0.03611111111111111 0.04861111111111111
5 0.4513888888888889 0.9227430555555556 0.03888888888888889 0.05381944444444445
5 0.20069444444444445 0.3689236111111111 0.03194444444444444 0.043402777777777776
5 0.13055555555555556 0.3376736111111111 0.03611111111111111 0.03993055555555555
