6 0.05138888888888889 0.051215277777777776 0.08055555555555556 0.0920138888888889
6 0.08472222222222223 0.030381944444444444 0.08333333333333333 0.057291666666666664
6 0.04027777777777778 0.21788194444444445 0.07777777777777778 0.109375
6 0.035416666666666666 0.4105902777777778 0.06805555555555555 0.10590277777777778
6 0.2722222222222222 0.18663194444444445 0.10833333333333334 0.0954861111111111
6 0.5875 0.0798611111111111 0.09722222222222222 0.06944444444444445
6 0.38819444444444445 0.1996527777777778 0.06527777777777778 0.11458333333333333
6 0.1527777777777778 0.6875 0.09166666666666666 0.10069444444444445
6 0.37222222222222223 0.7100694444444444 0.1 0.11458333333333333
6 0.4361111111111111 0.6727430555555556 0.06666666666666667 0.10590277777777778
6 0.5805555555555556 0.7335069444444444 0.09166666666666666 0.109375
6 0.8659722222222223 0.5026041666666666 0.07083333333333333 0.0954861111111111
6 0.7180555555555556 0.4930555555555556 0.10277777777777777 0.10416666666666667
6 0.8159722222222222 0.8359375 0.11527777777777778 0.10590277777777778
6 0.9402777777777778 0.7829861111111112 0.09722222222222222 0.1076388888888889
6 0.9520833333333333 0.24305555555555555 0.07916666666666666 0.08333333333333333
6 0.6875 0.2934027777777778 0.08611111111111111 0.1076388888888889
6 0.6145833333333334 0.3949652777777778 0.07916666666666666 0.109375
6 0.5083333333333333 0.4097222222222222 0.06944444444444445 0.10416666666666667
6 0.50625 0.2526041666666667 0.06527777777777778 0.0642361111111111
7 0.1840277777777778 0.20572916666666666 0.034722222222222224 0.046875
6 0.49236111111111114 0.1987847222222222 0.059722222222222225 0.06076388888888889
6 0.7423611111111111 0.2404513888888889 0.07361111111111111 0.08159722222222222
6 0.059027777777777776 0.2673611111111111 0.059722222222222225 0.059027777777777776
6 0.9409722222222222 0.9236111111111112 0.059722222222222225 0.06597222222222222
6 0.47430555555555554 0.022569444444444444 0.09027777777777778 0.041666666666666664
6 0.2701388888888889 0.027777777777777776 0.10694444444444444 0.052083333333333336
6 0.6777777777777778 0.9782986111111112 0.06388888888888888 0.036458333333333336
6 0.6118055555555556 0.6918402777777778 0.09861111111111111 0.08159722222222222
6 0.4722222222222222 0.6788194444444444 0.05277777777777778 0.09027777777777778
