1 0.17708333333333334 0.051215277777777776 0.04861111111111111 0.0642361111111111
1 0.14097222222222222 0.13368055555555555 0.04583333333333333 0.05555555555555555
1 0.1597222222222222 0.1935763888888889 0.05 0.06076388888888889
1 0.04375 0.3255208333333333 0.043055555555555555 0.06076388888888889
1 0.08402777777777778 0.4192708333333333 0.04027777777777778 0.057291666666666664
1 0.15833333333333333 0.40625 0.044444444444444446 0.059027777777777776
1 0.29930555555555555 0.3828125 0.04583333333333333 0.057291666666666664
1 0.4666666666666667 0.05642361111111111 0.044444444444444446 0.06076388888888889
1 0.44930555555555557 0.1449652777777778 0.04583333333333333 0.057291666666666664
1 0.5263888888888889 0.09114583333333333 0.05 0.05381944444444445
1 0.6895833333333333 0.22916666666666666 0.04861111111111111 0.06597222222222222
1 0.35208333333333336 0.4618055555555556 0.04583333333333333 0.05555555555555555
1 0.34305555555555556 0.5112847222222222 0.044444444444444446 0.050347222222222224
1 0.7243055555555555 0.5746527777777778 0.04861111111111111 0.06597222222222222
1 0.9131944444444444 0.4765625 0.04861111111111111 0.06076388888888889
1 0.9270833333333334 0.2777777777777778 0.043055555555555555 0.052083333333333336
1 0.7590277777777777 0.2916666666666667 0.04583333333333333 0.059027777777777776
1 0.8145833333333333 0.1484375 0.04583333333333333 0.05381944444444445
1 0.9013888888888889 0.1753472222222222 0.04722222222222222 0.05555555555555555
1 0.9527777777777777 0.09027777777777778 0.044444444444444446 0.0625
1 0.6104166666666667 0.6371527777777778 0.043055555555555555 0.05555555555555555
1 0.7048611111111112 0.75 0.04583333333333333 0.059027777777777776
1 0.5861111111111111 0.7578125 0.04722222222222222 0.050347222222222224
1 0.4861111111111111 0.6579861111111112 0.041666666666666664 0.05555555555555555
3 0.03611111111111111 0.5616319444444444 0.041666666666666664 0.05381944444444445
1 0.06180555555555556 0.7335069444444444 0.05138888888888889 0.05381944444444445
1 0.059722222222222225 0.9227430555555556 0.04722222222222222 0.0642361111111111
1 0.3138888888888889 0.8098958333333334 0.05 0.06076388888888889
3 0.36527777777777776 0.7378472222222222 0.05277777777777778 0.05555555555555555
1 0.49375 0.8480902777777778 0.04861111111111111 0.0642361111111111
1 0.525 0.7881944444444444 0.041666666666666664 0.052083333333333336
1 0.5875 0.9114583333333334 0.05 0.06597222222222222
1 0.49444444444444446 0.9401041666666666 0.04722222222222222 0.06076388888888889
1 0.8055555555555556 0.8532986111111112 0.044444444444444446 0.06076388888888889
1 0.8465277777777778 0.8012152777777778 0.04583333333333333 0.06076388888888889
1 0.7777777777777778 0.6380208333333334 0.044444444444444446 0.057291666666666664
1 0.9083333333333333 0.7300347222222222 0.041666666666666664 0.057291666666666664
1 0.9263888888888889 0.8003472222222222 0.04722222222222222 0.06944444444444445
1 0.9 0.8611111111111112 0.044444444444444446 0.0625
1 0.9222222222222223 0.8984375 0.041666666666666664 0.057291666666666664
1 0.5895833333333333 0.19010416666666666 0.04027777777777778 0.057291666666666664
3 0.7618055555555555 0.16145833333333334 0.04861111111111111 0.06944444444444445
3 0.8173611111111111 0.08940972222222222 0.04861111111111111 0.06076388888888889
1 0.5354166666666667 0.140625 0.04027777777777778 0.04861111111111111
1 0.5597222222222222 0.17447916666666666 0.044444444444444446 0.057291666666666664
1 0.9805555555555555 0.3098958333333333 0.03888888888888889 0.057291666666666664
1 0.9666666666666667 0.4496527777777778 0.044444444444444446 0.0625
3 0.09375 0.012152777777777778 0.04861111111111111 0.020833333333333332
1 0.9895833333333334 0.3993055555555556 0.020833333333333332 0.05555555555555555
1 0.31527777777777777 0.9869791666666666 0.03333333333333333 0.026041666666666668
1 0.013194444444444444 0.6050347222222222 0.02361111111111111 0.050347222222222224
