1 0.025694444444444443 0.3064236111111111 0.043055555555555555 0.0642361111111111
1 0.17916666666666667 0.9739583333333334 0.05277777777777778 0.04861111111111111
1 0.8944444444444445 0.7083333333333334 0.05555555555555555 0.0763888888888889
1 0.9631944444444445 0.7604166666666666 0.04861111111111111 0.07291666666666667
1 0.5486111111111112 0.4392361111111111 0.05277777777777778 0.06944444444444445
5 0.7284722222222222 0.6510416666666666 0.04027777777777778 0.041666666666666664
5 0.29583333333333334 0.7708333333333334 0.03611111111111111 0.03819444444444445
0 0.7243055555555555 0.28125 0.06805555555555555 0.08333333333333333
6 0.5972222222222222 0.1640625 0.2638888888888889 0.2934027777777778
1 0.009027777777777777 0.7109375 0.015277777777777777 0.07118055555555555
