0 0.19444444444444445 0.65625 0.06388888888888888 0.08680555555555555
0 0.46944444444444444 0.8194444444444444 0.06388888888888888 0.07291666666666667
0 0.7069444444444445 0.8585069444444444 0.06388888888888888 0.07465277777777778
0 0.2881944444444444 0.8012152777777778 0.0625 0.078125
0 0.7958333333333333 0.8828125 0.05277777777777778 0.07118055555555555
2 0.96875 0.2482638888888889 0.0625 0.09722222222222222
2 0.5152777777777777 0.1111111111111111 0.07777777777777778 0.08680555555555555
2 0.28958333333333336 0.2838541666666667 0.07361111111111111 0.0920138888888889
2 0.05138888888888889 0.12065972222222222 0.06388888888888888 0.08159722222222222
2 0.27361111111111114 0.5373263888888888 0.07222222222222222 0.0920138888888889
2 0.07569444444444444 0.9253472222222222 0.06805555555555555 0.09027777777777778
2 0.6576388888888889 0.6875 0.0625 0.08680555555555555
2 0.8368055555555556 0.7065972222222222 0.07083333333333333 0.09722222222222222
2 0.9770833333333333 0.8741319444444444 0.04583333333333333 0.0920138888888889
2 0.5020833333333333 0.875 0.08472222222222223 0.07291666666666667
2 0.5722222222222222 0.8159722222222222 0.06111111111111111 0.08333333333333333
2 0.4673611111111111 0.4930555555555556 0.06527777777777778 0.07291666666666667
2 0.44166666666666665 0.1909722222222222 0.06944444444444445 0.09722222222222222
2 0.38125 0.3177083333333333 0.0625 0.08333333333333333
2 0.6416666666666667 0.2361111111111111 0.06388888888888888 0.09375
2 0.7027777777777777 0.5234375 0.06388888888888888 0.078125
0 0.7618055555555555 0.9409722222222222 0.05694444444444444 0.07291666666666667
2 0.9840277777777777 0.9696180555555556 0.03194444444444444 0.046875
7 0.6277777777777778 0.6189236111111112 0.04722222222222222 0.06076388888888889
7 0.28958333333333336 0.1232638888888889 0.04861111111111111 0.059027777777777776
7 0.42569444444444443 0.1232638888888889 0.04583333333333333 0.05555555555555555
7 0.6173611111111111 0.4114583333333333 0.043055555555555555 0.04861111111111111
1 0.20347222222222222 0.5824652777777778 0.05694444444444444 0.0642361111111111
2 0.5881944444444445 0.021701388888888888 0.05138888888888889 0.03993055555555555
