2 0.8034722222222223 0.22395833333333334 0.06527777777777778 0.10416666666666667
2 0.8013888888888889 0.4453125 0.08611111111111111 0.11284722222222222
2 0.8819444444444444 0.6267361111111112 0.08333333333333333 0.09722222222222222
2 0.9368055555555556 0.9513888888888888 0.07916666666666666 0.08333333333333333
2 0.45555555555555555 0.7517361111111112 0.08333333333333333 0.11458333333333333
2 0.4340277777777778 0.5121527777777778 0.0625 0.09722222222222222
2 0.30277777777777776 0.18489583333333334 0.06944444444444445 0.10243055555555555
2 0.07916666666666666 0.4748263888888889 0.06944444444444445 0.0954861111111111
2 0.05 0.5651041666666666 0.06944444444444445 0.078125
2 0.08958333333333333 0.765625 0.07361111111111111 0.11458333333333333
2 0.3645833333333333 0.5416666666666666 0.0763888888888889 0.08680555555555555
2 0.5631944444444444 0.1015625 0.08194444444444444 0.08854166666666667
2 0.20833333333333334 0.109375 0.06666666666666667 0.08680555555555555
2 0.06666666666666667 0.3532986111111111 0.07222222222222222 0.0920138888888889
2 0.21666666666666667 0.2638888888888889 0.08055555555555556 0.09375
2 0.15763888888888888 0.14322916666666666 0.07361111111111111 0.08506944444444445
1 0.8618055555555556 0.13802083333333334 0.05694444444444444 0.06770833333333333
1 0.6909722222222222 0.05381944444444445 0.05416666666666667 0.06597222222222222
1 0.24722222222222223 0.3246527777777778 0.04722222222222222 0.05555555555555555
1 0.8972222222222223 0.8585069444444444 0.041666666666666664 0.057291666666666664
0 0.8118055555555556 0.5399305555555556 0.06805555555555555 0.08680555555555555
0 0.12777777777777777 0.5538194444444444 0.058333333333333334 0.08333333333333333
0 0.2791666666666667 0.0998263888888889 0.06388888888888888 0.08506944444444445
0 0.035416666666666666 0.1328125 0.06527777777777778 0.08159722222222222
2 0.9527777777777777 0.050347222222222224 0.07777777777777778 0.0798611111111111
2 0.5611111111111111 0.3862847222222222 0.058333333333333334 0.08854166666666667
2 0.17708333333333334 0.96875 0.06527777777777778 0.05555555555555555
2 0.3701388888888889 0.3871527777777778 0.06527777777777778 0.09027777777777778
2 0.3402777777777778 0.3454861111111111 0.05555555555555555 0.0763888888888889
2 0.26875 0.6371527777777778 0.07916666666666666 0.09027777777777778
2 0.5152777777777777 0.2595486111111111 0.07777777777777778 0.11284722222222222
2 0.5402777777777777 0.19444444444444445 0.08055555555555556 0.09722222222222222
1 0.6680555555555555 0.019965277777777776 0.041666666666666664 0.036458333333333336
0 0.20208333333333334 0.041666666666666664 0.0625 0.0798611111111111
2 0.8569444444444444 0.03298611111111111 0.07777777777777778 0.0625
1 0.31319444444444444 0.6484375 0.043055555555555555 0.06076388888888889
