1 0.20972222222222223 0.09461805555555555 0.05 0.06076388888888889
1 0.4027777777777778 0.13541666666666666 0.041666666666666664 0.0625
1 0.5236111111111111 0.140625 0.058333333333333334 0.06597222222222222
1 0.8291666666666667 0.2204861111111111 0.05555555555555555 0.06944444444444445
1 0.16180555555555556 0.2404513888888889 0.05416666666666667 0.0642361111111111
1 0.38472222222222224 0.6293402777777778 0.05277777777777778 0.06076388888888889
1 0.4666666666666667 0.7803819444444444 0.05 0.06076388888888889
1 0.5340277777777778 0.8072916666666666 0.05138888888888889 0.059027777777777776
1 0.6381944444444444 0.6814236111111112 0.05138888888888889 0.06770833333333333
1 0.31875 0.7621527777777778 0.05138888888888889 0.059027777777777776
1 0.17916666666666667 0.7109375 0.05277777777777778 0.06076388888888889
1 0.07013888888888889 0.5954861111111112 0.05416666666666667 0.05555555555555555
1 0.13680555555555557 0.3585069444444444 0.04861111111111111 0.06076388888888889
1 0.04861111111111111 0.4175347222222222 0.05 0.06076388888888889
1 0.325 0.9123263888888888 0.05 0.057291666666666664
1 0.15555555555555556 0.9548611111111112 0.044444444444444446 0.05555555555555555
1 0.6583333333333333 0.9210069444444444 0.05 0.0642361111111111
1 0.8423611111111111 0.8940972222222222 0.04861111111111111 0.0625
1 0.85625 0.7829861111111112 0.04861111111111111 0.06597222222222222
1 0.85 0.5920138888888888 0.05555555555555555 0.06597222222222222
1 0.7305555555555555 0.4939236111111111 0.05555555555555555 0.06770833333333333
1 0.40069444444444446 0.8229166666666666 0.04861111111111111 0.0625
1 0.10555555555555556 0.21875 0.05 0.059027777777777776
1 0.09166666666666666 0.2612847222222222 0.05277777777777778 0.057291666666666664
1 0.08125 0.3029513888888889 0.04861111111111111 0.05381944444444445
1 0.11527777777777778 0.5034722222222222 0.044444444444444446 0.06597222222222222
1 0.28541666666666665 0.3446180555555556 0.05694444444444444 0.0642361111111111
1 0.29930555555555555 0.4565972222222222 0.05694444444444444 0.07291666666666667
1 0.6326388888888889 0.2743055555555556 0.04861111111111111 0.059027777777777776
1 0.6388888888888888 0.3194444444444444 0.05277777777777778 0.05555555555555555
1 0.7041666666666667 0.3532986111111111 0.04722222222222222 0.057291666666666664
1 0.7861111111111111 0.4036458333333333 0.04722222222222222 0.06076388888888889
1 0.8194444444444444 0.4791666666666667 0.05277777777777778 0.07291666666666667
1 0.9097222222222222 0.6666666666666666 0.05277777777777778 0.0625
1 0.9263888888888889 0.7291666666666666 0.04722222222222222 0.059027777777777776
1 0.5652777777777778 0.5850694444444444 0.05277777777777778 0.059027777777777776
1 0.5819444444444445 0.6310763888888888 0.04722222222222222 0.05381944444444445
1 0.25277777777777777 0.8984375 0.044444444444444446 0.057291666666666664
1 0.24305555555555555 0.7960069444444444 0.044444444444444446 0.06076388888888889
1 0.20694444444444443 0.8125 0.041666666666666664 0.05555555555555555
1 0.20069444444444445 0.8654513888888888 0.04583333333333333 0.05381944444444445
3 0.7520833333333333 0.3967013888888889 0.04861111111111111 0.0642361111111111
1 0.8138888888888889 0.016493055555555556 0.04722222222222222 0.029513888888888888
1 0.3 0.9748263888888888 0.044444444444444446 0.03993055555555555
