6 0.09375 0.2552083333333333 0.18472222222222223 0.3680555555555556
1 0.15555555555555556 0.6223958333333334 0.058333333333333334 0.078125
1 0.09583333333333334 0.8723958333333334 0.06388888888888888 0.08506944444444445
1 0.8090277777777778 0.6866319444444444 0.059722222222222225 0.08159722222222222
1 0.5388888888888889 0.9609375 0.058333333333333334 0.07118055555555555
1 0.8284722222222223 0.9696180555555556 0.07083333333333333 0.050347222222222224
1 0.9756944444444444 0.8862847222222222 0.04583333333333333 0.07465277777777778
0 0.3861111111111111 0.3776041666666667 0.06666666666666667 0.08159722222222222
0 0.20902777777777778 0.5277777777777778 0.1125 0.14930555555555555
0 0.8020833333333334 0.11197916666666667 0.08194444444444444 0.109375
0 0.22152777777777777 0.7421875 0.07916666666666666 0.10590277777777778
7 0.8229166666666666 0.6154513888888888 0.0763888888888889 0.078125
