5 0.33125 0.1857638888888889 0.043055555555555555 0.05555555555555555
5 0.4638888888888889 0.20399305555555555 0.03888888888888889 0.043402777777777776
5 0.04722222222222222 0.7126736111111112 0.03333333333333333 0.046875
5 0.4513888888888889 0.7352430555555556 0.04722222222222222 0.046875
5 0.7305555555555555 0.6519097222222222 0.03888888888888889 0.046875
5 0.8020833333333334 0.6753472222222222 0.0375 0.041666666666666664
5 0.8305555555555556 0.7039930555555556 0.03611111111111111 0.043402777777777776
5 0.8041666666666667 0.7161458333333334 0.041666666666666664 0.046875
5 0.04791666666666667 0.8003472222222222 0.03194444444444444 0.034722222222222224
5 0.19791666666666666 0.6736111111111112 0.04027777777777778 0.041666666666666664
0 0.5006944444444444 0.8012152777777778 0.08472222222222223 0.08506944444444445
6 0.5951388888888889 0.07291666666666667 0.18194444444444444 0.1423611111111111
7 0.9166666666666666 0.078125 0.06111111111111111 0.08680555555555555
5 0.9854166666666667 0.7743055555555556 0.029166666666666667 0.04513888888888889
5 0.9895833333333334 0.8177083333333334 0.020833333333333332 0.03819444444444445
