1 0.06041666666666667 0.15364583333333334 0.05416666666666667 0.0642361111111111
1 0.2798611111111111 0.0546875 0.05138888888888889 0.06076388888888889
1 0.1951388888888889 0.3133680555555556 0.04861111111111111 0.06076388888888889
1 0.20069444444444445 0.4314236111111111 0.05138888888888889 0.0642361111111111
1 0.32222222222222224 0.2760416666666667 0.05 0.06944444444444445
1 0.38125 0.1388888888888889 0.04861111111111111 0.0625
1 0.4375 0.10590277777777778 0.04722222222222222 0.059027777777777776
1 0.41041666666666665 0.18229166666666666 0.04583333333333333 0.0625
1 0.44166666666666665 0.1701388888888889 0.044444444444444446 0.059027777777777776
1 0.5506944444444445 0.019965277777777776 0.05416666666666667 0.036458333333333336
1 0.5784722222222223 0.0625 0.04861111111111111 0.0625
1 0.6305555555555555 0.0234375 0.04722222222222222 0.043402777777777776
1 0.5180555555555556 0.18663194444444445 0.05277777777777778 0.06076388888888889
1 0.4583333333333333 0.2717013888888889 0.05277777777777778 0.06770833333333333
1 0.8541666666666666 0.03298611111111111 0.05555555555555555 0.0625
1 0.5944444444444444 0.2612847222222222 0.05 0.057291666666666664
1 0.5430555555555555 0.3350694444444444 0.05555555555555555 0.06944444444444445
1 0.3763888888888889 0.3793402777777778 0.04722222222222222 0.0642361111111111
1 0.36736111111111114 0.4366319444444444 0.05138888888888889 0.06770833333333333
1 0.2798611111111111 0.6163194444444444 0.04583333333333333 0.0625
1 0.059722222222222225 0.7100694444444444 0.04722222222222222 0.059027777777777776
1 0.14652777777777778 0.8446180555555556 0.05138888888888889 0.06076388888888889
1 0.18333333333333332 0.7300347222222222 0.044444444444444446 0.06076388888888889
1 0.22569444444444445 0.6970486111111112 0.04861111111111111 0.06076388888888889
1 0.6388888888888888 0.4010416666666667 0.05555555555555555 0.06944444444444445
1 0.7506944444444444 0.3411458333333333 0.05416666666666667 0.06770833333333333
1 0.7375 0.4375 0.05277777777777778 0.06597222222222222
1 0.6708333333333333 0.5208333333333334 0.05277777777777778 0.06597222222222222
1 0.4041666666666667 0.6163194444444444 0.04722222222222222 0.0625
1 0.3486111111111111 0.6623263888888888 0.05277777777777778 0.0642361111111111
1 0.29444444444444445 0.7786458333333334 0.05555555555555555 0.06076388888888889
1 0.33958333333333335 0.8836805555555556 0.05138888888888889 0.06597222222222222
1 0.2701388888888889 0.9019097222222222 0.05416666666666667 0.06770833333333333
1 0.29097222222222224 0.9592013888888888 0.04861111111111111 0.06076388888888889
1 0.4597222222222222 0.7326388888888888 0.05 0.0625
1 0.42083333333333334 0.96875 0.05 0.0625
1 0.5340277777777778 0.96875 0.05138888888888889 0.059027777777777776
1 0.5694444444444444 0.9418402777777778 0.044444444444444446 0.06076388888888889
1 0.7986111111111112 0.4314236111111111 0.05277777777777778 0.0642361111111111
1 0.8208333333333333 0.5460069444444444 0.05 0.07118055555555555
1 0.7534722222222222 0.5894097222222222 0.04861111111111111 0.06770833333333333
1 0.6916666666666667 0.6102430555555556 0.05555555555555555 0.07465277777777778
1 0.6652777777777777 0.6918402777777778 0.05277777777777778 0.06770833333333333
1 0.5819444444444445 0.7829861111111112 0.05 0.0625
1 0.6201388888888889 0.8376736111111112 0.04861111111111111 0.0642361111111111
1 0.8326388888888889 0.6319444444444444 0.05416666666666667 0.06944444444444445
1 0.9041666666666667 0.5043402777777778 0.05 0.06770833333333333
1 0.6847222222222222 0.921875 0.05555555555555555 0.06597222222222222
1 0.9243055555555556 0.2725694444444444 0.05694444444444444 0.07291666666666667
1 0.9229166666666667 0.3637152777777778 0.05138888888888889 0.0642361111111111
1 0.9770833333333333 0.3081597222222222 0.04583333333333333 0.05381944444444445
1 0.9777777777777777 0.3559027777777778 0.044444444444444446 0.05555555555555555
1 0.6291666666666667 0.6232638888888888 0.05 0.06944444444444445
3 0.6090277777777777 0.7430555555555556 0.04861111111111111 0.06597222222222222
7 0.01875 0.7447916666666666 0.034722222222222224 0.07291666666666667
7 0.39652777777777776 0.019097222222222224 0.0625 0.034722222222222224
1 0.9284722222222223 0.013020833333333334 0.04583333333333333 0.022569444444444444
