2 0.5784722222222223 0.3515625 0.06805555555555555 0.11631944444444445
2 0.4270833333333333 0.4184027777777778 0.06805555555555555 0.09375
2 0.5006944444444444 0.7152777777777778 0.07361111111111111 0.09027777777777778
2 0.6729166666666667 0.6423611111111112 0.06527777777777778 0.10069444444444445
2 0.5479166666666667 0.8342013888888888 0.0625 0.078125
2 0.95 0.3463541666666667 0.07222222222222222 0.10590277777777778
2 0.8638888888888889 0.033854166666666664 0.08333333333333333 0.0642361111111111
2 0.53125 0.04513888888888889 0.07083333333333333 0.08680555555555555
2 0.9604166666666667 0.033854166666666664 0.07916666666666666 0.0642361111111111
2 0.6902777777777778 0.46875 0.06111111111111111 0.09027777777777778
2 0.6416666666666667 0.5095486111111112 0.05555555555555555 0.10590277777777778
0 0.28541666666666665 0.5269097222222222 0.06527777777777778 0.08159722222222222
0 0.35208333333333336 0.8428819444444444 0.06527777777777778 0.08159722222222222
0 0.7340277777777777 0.4088541666666667 0.059722222222222225 0.08506944444444445
0 0.049305555555555554 0.2586805555555556 0.07083333333333333 0.08680555555555555
0 0.6145833333333334 0.25 0.0625 0.08333333333333333
1 0.6034722222222222 0.4644097222222222 0.04861111111111111 0.05381944444444445
2 0.9854166666666667 0.4001736111111111 0.029166666666666667 0.078125
0 0.34652777777777777 0.0859375 0.07916666666666666 0.10590277777777778
0 0.24375 0.3723958333333333 0.06805555555555555 0.08159722222222222
0 0.26319444444444445 0.7994791666666666 0.05694444444444444 0.09895833333333333
0 0.4125 0.6979166666666666 0.08333333333333333 0.10069444444444445
7 0.2611111111111111 0.9175347222222222 0.07777777777777778 0.13020833333333334
2 0.0125 0.390625 0.022222222222222223 0.052083333333333336
7 0.2652777777777778 0.6223958333333334 0.04722222222222222 0.050347222222222224
1 0.4965277777777778 0.9852430555555556 0.043055555555555555 0.019097222222222224
