1 0.034027777777777775 0.1171875 0.04583333333333333 0.057291666666666664
1 0.28680555555555554 0.03819444444444445 0.043055555555555555 0.059027777777777776
1 0.3145833333333333 0.1015625 0.04583333333333333 0.057291666666666664
1 0.4638888888888889 0.019965277777777776 0.04722222222222222 0.036458333333333336
1 0.5402777777777777 0.13194444444444445 0.04722222222222222 0.059027777777777776
1 0.7611111111111111 0.017361111111111112 0.044444444444444446 0.03125
1 0.8979166666666667 0.10069444444444445 0.04861111111111111 0.06597222222222222
1 0.9777777777777777 0.07725694444444445 0.044444444444444446 0.06770833333333333
1 0.9652777777777778 0.15625 0.05 0.06944444444444445
1 0.7902777777777777 0.1840277777777778 0.04722222222222222 0.059027777777777776
1 0.9381944444444444 0.2378472222222222 0.04861111111111111 0.06597222222222222
1 0.85 0.4296875 0.04722222222222222 0.0642361111111111
1 0.9486111111111111 0.5486111111111112 0.05277777777777778 0.07291666666666667
1 0.6375 0.296875 0.04722222222222222 0.059027777777777776
1 0.47847222222222224 0.22395833333333334 0.04861111111111111 0.059027777777777776
1 0.5590277777777778 0.3289930555555556 0.04861111111111111 0.06076388888888889
1 0.5638888888888889 0.4930555555555556 0.05 0.06597222222222222
1 0.06527777777777778 0.3446180555555556 0.04722222222222222 0.06076388888888889
1 0.23402777777777778 0.4279513888888889 0.04583333333333333 0.06076388888888889
3 0.03333333333333333 0.4626736111111111 0.041666666666666664 0.06076388888888889
1 0.05 0.5894097222222222 0.05 0.06770833333333333
1 0.04722222222222222 0.8263888888888888 0.041666666666666664 0.05555555555555555
1 0.14583333333333334 0.75 0.04722222222222222 0.0625
1 0.16666666666666666 0.90625 0.05 0.0625
1 0.18055555555555555 0.6909722222222222 0.05 0.0625
1 0.22569444444444445 0.7248263888888888 0.04861111111111111 0.06076388888888889
1 0.27569444444444446 0.7239583333333334 0.04861111111111111 0.059027777777777776
1 0.3576388888888889 0.5642361111111112 0.05138888888888889 0.06944444444444445
1 0.41180555555555554 0.5078125 0.04583333333333333 0.057291666666666664
1 0.43680555555555556 0.6631944444444444 0.05138888888888889 0.059027777777777776
1 0.4354166666666667 0.875 0.043055555555555555 0.0625
1 0.5916666666666667 0.7725694444444444 0.04722222222222222 0.059027777777777776
1 0.47847222222222224 0.9409722222222222 0.04027777777777778 0.06944444444444445
1 0.33541666666666664 0.9366319444444444 0.043055555555555555 0.057291666666666664
1 0.275 0.9722222222222222 0.044444444444444446 0.04513888888888889
1 0.6777777777777778 0.8229166666666666 0.04722222222222222 0.059027777777777776
1 0.65625 0.9201388888888888 0.043055555555555555 0.059027777777777776
1 0.7527777777777778 0.7838541666666666 0.044444444444444446 0.06076388888888889
1 0.8055555555555556 0.5720486111111112 0.044444444444444446 0.06076388888888889
1 0.7847222222222222 0.6163194444444444 0.041666666666666664 0.05555555555555555
1 0.9291666666666667 0.6892361111111112 0.04722222222222222 0.06597222222222222
1 0.9645833333333333 0.7100694444444444 0.043055555555555555 0.059027777777777776
1 0.8055555555555556 0.9435763888888888 0.04722222222222222 0.057291666666666664
1 0.9388888888888889 0.90625 0.05 0.06597222222222222
1 0.9680555555555556 0.9704861111111112 0.04722222222222222 0.04861111111111111
1 0.7375 0.8515625 0.03888888888888889 0.0642361111111111
1 0.8013888888888889 0.9835069444444444 0.041666666666666664 0.026041666666666668
1 0.9888888888888889 0.7309027777777778 0.022222222222222223 0.06597222222222222
1 0.4215277777777778 0.9800347222222222 0.04583333333333333 0.03993055555555555
