2 0.03680555555555556 0.3428819444444444 0.07083333333333333 0.09895833333333333
2 0.1736111111111111 0.4756944444444444 0.07777777777777778 0.11805555555555555
2 0.49166666666666664 0.3559027777777778 0.075 0.09375
2 0.6986111111111111 0.2821180555555556 0.06666666666666667 0.08854166666666667
2 0.6576388888888889 0.5720486111111112 0.07916666666666666 0.0954861111111111
2 0.3645833333333333 0.4600694444444444 0.07083333333333333 0.07291666666666667
2 0.3277777777777778 0.53125 0.06666666666666667 0.08333333333333333
2 0.3951388888888889 0.5980902777777778 0.0625 0.07118055555555555
2 0.5020833333333333 0.6684027777777778 0.06805555555555555 0.0798611111111111
2 0.44513888888888886 0.7387152777777778 0.059722222222222225 0.10243055555555555
2 0.9652777777777778 0.04079861111111111 0.06944444444444445 0.078125
0 0.8534722222222222 0.3732638888888889 0.04861111111111111 0.0798611111111111
2 0.9263888888888889 0.9470486111111112 0.06388888888888888 0.0920138888888889
2 0.7368055555555556 0.1987847222222222 0.06527777777777778 0.08159722222222222
2 0.58125 0.042534722222222224 0.07083333333333333 0.08159722222222222
2 0.7868055555555555 0.8446180555555556 0.08472222222222223 0.11284722222222222
1 0.8229166666666666 0.09288194444444445 0.043055555555555555 0.057291666666666664
1 0.8208333333333333 0.044270833333333336 0.041666666666666664 0.046875
