4 0.44930555555555557 0.4574652777777778 0.059722222222222225 0.08854166666666667
4 0.3194444444444444 0.5286458333333334 0.06944444444444445 0.078125
4 0.26180555555555557 0.6414930555555556 0.0763888888888889 0.08506944444444445
4 0.7881944444444444 0.7586805555555556 0.06527777777777778 0.10069444444444445
4 0.027083333333333334 0.7387152777777778 0.05138888888888889 0.078125
4 0.39166666666666666 0.021701388888888888 0.06944444444444445 0.03993055555555555
4 0.6666666666666666 0.5842013888888888 0.06111111111111111 0.057291666666666664
4 0.6854166666666667 0.8038194444444444 0.05138888888888889 0.052083333333333336
4 0.9701388888888889 0.7473958333333334 0.04583333333333333 0.06770833333333333
4 0.11944444444444445 0.2465277777777778 0.05 0.05555555555555555
4 0.010416666666666666 0.6189236111111112 0.018055555555555554 0.046875
