1 0.02638888888888889 0.0685763888888889 0.05 0.078125
1 0.16458333333333333 0.6267361111111112 0.05694444444444444 0.06597222222222222
1 0.37083333333333335 0.5295138888888888 0.05555555555555555 0.06944444444444445
1 0.44166666666666665 0.5842013888888888 0.05 0.07465277777777778
1 0.5743055555555555 0.6206597222222222 0.0625 0.07465277777777778
1 0.8083333333333333 0.3515625 0.05 0.08159722222222222
1 0.36736111111111114 0.7378472222222222 0.05138888888888889 0.07291666666666667
1 0.9451388888888889 0.7039930555555556 0.043055555555555555 0.07465277777777778
1 0.5159722222222223 0.890625 0.05138888888888889 0.07291666666666667
1 0.5930555555555556 0.8203125 0.058333333333333334 0.078125
