2 0.15138888888888888 0.044270833333333336 0.08055555555555556 0.08506944444444445
2 0.08472222222222223 0.3446180555555556 0.07222222222222222 0.11284722222222222
2 0.22152777777777777 0.1171875 0.06805555555555555 0.09895833333333333
2 0.7069444444444445 0.03732638888888889 0.07222222222222222 0.07118055555555555
2 0.9444444444444444 0.06684027777777778 0.08611111111111111 0.09895833333333333
2 0.6534722222222222 0.4739583333333333 0.0763888888888889 0.09722222222222222
2 0.9729166666666667 0.8611111111111112 0.05416666666666667 0.1076388888888889
2 0.9284722222222223 0.8706597222222222 0.05694444444444444 0.0920138888888889
2 0.30277777777777776 0.9487847222222222 0.06944444444444445 0.08159722222222222
2 0.08541666666666667 0.9557291666666666 0.07361111111111111 0.078125
2 0.07777777777777778 0.5902777777777778 0.075 0.09375
2 0.36041666666666666 0.5078125 0.06527777777777778 0.08159722222222222
2 0.33402777777777776 0.3932291666666667 0.07916666666666666 0.1371527777777778
1 0.21666666666666667 0.19791666666666666 0.044444444444444446 0.059027777777777776
1 0.24097222222222223 0.5078125 0.043055555555555555 0.06076388888888889
1 0.2722222222222222 0.7517361111111112 0.05277777777777778 0.07291666666666667
0 0.06527777777777778 0.7161458333333334 0.06111111111111111 0.078125
1 0.5416666666666666 0.9626736111111112 0.058333333333333334 0.0642361111111111
1 0.9430555555555555 0.8107638888888888 0.04722222222222222 0.059027777777777776
0 0.5013888888888889 0.4852430555555556 0.08611111111111111 0.09895833333333333
2 0.28055555555555556 0.4418402777777778 0.09722222222222222 0.109375
1 0.4895833333333333 0.018229166666666668 0.04027777777777778 0.03298611111111111
