2 0.37777777777777777 0.06597222222222222 0.05555555555555555 0.08680555555555555
2 0.8402777777777778 0.033854166666666664 0.06666666666666667 0.0642361111111111
2 0.9743055555555555 0.22135416666666666 0.05138888888888889 0.0920138888888889
2 0.9027777777777778 0.3828125 0.075 0.08159722222222222
2 0.8131944444444444 0.5685763888888888 0.07361111111111111 0.0954861111111111
2 0.5027777777777778 0.3185763888888889 0.06666666666666667 0.0920138888888889
2 0.4708333333333333 0.3836805555555556 0.06388888888888888 0.08680555555555555
2 0.3527777777777778 0.2595486111111111 0.06111111111111111 0.078125
2 0.21180555555555555 0.12065972222222222 0.0625 0.08506944444444445
2 0.24930555555555556 0.2760416666666667 0.0625 0.0763888888888889
2 0.3326388888888889 0.7986111111111112 0.06527777777777778 0.09375
2 0.175 0.9479166666666666 0.058333333333333334 0.09722222222222222
2 0.9333333333333333 0.6371527777777778 0.07222222222222222 0.09027777777777778
2 0.6083333333333333 0.8715277777777778 0.06388888888888888 0.09722222222222222
2 0.7222222222222222 0.6475694444444444 0.07222222222222222 0.09027777777777778
2 0.5618055555555556 0.5112847222222222 0.059722222222222225 0.078125
2 0.021527777777777778 0.3723958333333333 0.04027777777777778 0.08854166666666667
2 0.7027777777777777 0.9756944444444444 0.07222222222222222 0.041666666666666664
0 0.98125 0.3020833333333333 0.0375 0.08333333333333333
1 0.6861111111111111 0.7413194444444444 0.05555555555555555 0.0625
2 0.5847222222222223 0.7144097222222222 0.075 0.08506944444444445
1 0.2263888888888889 0.2013888888888889 0.05 0.05555555555555555
1 0.03125 0.5850694444444444 0.0375 0.04861111111111111
1 0.04236111111111111 0.6302083333333334 0.05416666666666667 0.06597222222222222
