1 0.10972222222222222 0.059895833333333336 0.06388888888888888 0.06076388888888889
1 0.11875 0.1284722222222222 0.05416666666666667 0.0625
1 0.034027777777777775 0.22916666666666666 0.05138888888888889 0.0625
1 0.16666666666666666 0.2942708333333333 0.058333333333333334 0.06770833333333333
1 0.12708333333333333 0.484375 0.05416666666666667 0.0625
1 0.08888888888888889 0.6189236111111112 0.06111111111111111 0.07118055555555555
1 0.15208333333333332 0.7170138888888888 0.05416666666666667 0.06944444444444445
1 0.12013888888888889 0.9722222222222222 0.059722222222222225 0.05555555555555555
1 0.3548611111111111 0.4739583333333333 0.0625 0.06944444444444445
1 0.35208333333333336 0.2638888888888889 0.05138888888888889 0.06597222222222222
1 0.38333333333333336 0.07118055555555555 0.05277777777777778 0.0625
1 0.5819444444444445 0.014756944444444444 0.05277777777777778 0.026041666666666668
1 0.3715277777777778 0.578125 0.05138888888888889 0.06944444444444445
1 0.43472222222222223 0.6631944444444444 0.05 0.06597222222222222
1 0.5138888888888888 0.5651041666666666 0.04722222222222222 0.0642361111111111
1 0.5118055555555555 0.4027777777777778 0.05694444444444444 0.06944444444444445
1 0.4930555555555556 0.3029513888888889 0.05555555555555555 0.06076388888888889
1 0.5458333333333333 0.2621527777777778 0.058333333333333334 0.06944444444444445
1 0.5347222222222222 0.3133680555555556 0.04722222222222222 0.05381944444444445
1 0.6833333333333333 0.2855902777777778 0.05555555555555555 0.07118055555555555
1 0.8236111111111111 0.21180555555555555 0.058333333333333334 0.06944444444444445
1 0.86875 0.05555555555555555 0.05694444444444444 0.06597222222222222
1 0.9208333333333333 0.2725694444444444 0.05555555555555555 0.07291666666666667
1 0.86875 0.3975694444444444 0.05138888888888889 0.06944444444444445
1 0.8215277777777777 0.4505208333333333 0.059722222222222225 0.06770833333333333
1 0.7854166666666667 0.3133680555555556 0.05138888888888889 0.0642361111111111
1 0.7416666666666667 0.3246527777777778 0.04722222222222222 0.06597222222222222
1 0.6354166666666666 0.6059027777777778 0.059722222222222225 0.0625
1 0.7534722222222222 0.6571180555555556 0.0625 0.07118055555555555
1 0.94375 0.5286458333333334 0.05138888888888889 0.06770833333333333
1 0.9805555555555555 0.6024305555555556 0.03888888888888889 0.06944444444444445
1 0.6048611111111111 0.8081597222222222 0.05138888888888889 0.06076388888888889
1 0.5708333333333333 0.8524305555555556 0.05 0.059027777777777776
1 0.5138888888888888 0.9027777777777778 0.058333333333333334 0.06944444444444445
1 0.5368055555555555 0.9583333333333334 0.05416666666666667 0.059027777777777776
1 0.26805555555555555 0.9592013888888888 0.05277777777777778 0.057291666666666664
1 0.7819444444444444 0.7699652777777778 0.05 0.0642361111111111
1 0.825 0.8020833333333334 0.04722222222222222 0.06597222222222222
1 0.9729166666666667 0.8888888888888888 0.05416666666666667 0.06944444444444445
1 0.2263888888888889 0.9149305555555556 0.05555555555555555 0.0763888888888889
7 0.6152777777777778 0.6588541666666666 0.06111111111111111 0.078125
1 0.6131944444444445 0.8984375 0.04861111111111111 0.06076388888888889
3 0.45208333333333334 0.2595486111111111 0.05138888888888889 0.07118055555555555
1 0.2625 0.013020833333333334 0.05 0.022569444444444444
1 0.011111111111111112 0.7387152777777778 0.019444444444444445 0.06076388888888889
1 0.015277777777777777 0.984375 0.027777777777777776 0.024305555555555556
