2 0.03194444444444444 0.2465277777777778 0.06111111111111111 0.10069444444444445
2 0.275 0.041666666666666664 0.08055555555555556 0.0798611111111111
2 0.6347222222222222 0.15364583333333334 0.06944444444444445 0.11631944444444445
2 0.74375 0.2994791666666667 0.08472222222222223 0.08506944444444445
2 0.8715277777777778 0.2421875 0.06527777777777778 0.08854166666666667
2 0.9659722222222222 0.3489583333333333 0.06805555555555555 0.08333333333333333
2 0.4909722222222222 0.7638888888888888 0.06805555555555555 0.1111111111111111
2 0.63125 0.9644097222222222 0.0763888888888889 0.06076388888888889
2 0.075 0.3619791666666667 0.07222222222222222 0.10590277777777778
2 0.25625 0.4079861111111111 0.06805555555555555 0.09375
2 0.23402777777777778 0.6362847222222222 0.06805555555555555 0.11284722222222222
2 0.30416666666666664 0.625 0.08055555555555556 0.09375
2 0.3680555555555556 0.5659722222222222 0.06666666666666667 0.08333333333333333
2 0.18194444444444444 0.8098958333333334 0.08055555555555556 0.09895833333333333
2 0.06875 0.7942708333333334 0.08472222222222223 0.078125
2 0.7111111111111111 0.20833333333333334 0.06666666666666667 0.08333333333333333
2 0.7159722222222222 0.125 0.06805555555555555 0.0798611111111111
2 0.31319444444444444 0.1779513888888889 0.07083333333333333 0.0920138888888889
0 0.18680555555555556 0.4322916666666667 0.0625 0.08680555555555555
0 0.61875 0.03125 0.0625 0.059027777777777776
0 0.02013888888888889 0.7092013888888888 0.0375 0.08854166666666667
2 0.013888888888888888 0.8376736111111112 0.025 0.07465277777777778
2 0.5131944444444444 0.2907986111111111 0.07361111111111111 0.08159722222222222
2 0.7986111111111112 0.018229166666666668 0.06388888888888888 0.03298611111111111
