1 0.11805555555555555 0.4210069444444444 0.06944444444444445 0.07118055555555555
1 0.5055555555555555 0.8116319444444444 0.05555555555555555 0.078125
1 0.5618055555555556 0.609375 0.059722222222222225 0.07291666666666667
1 0.6944444444444444 0.6701388888888888 0.06111111111111111 0.0763888888888889
1 0.4173611111111111 0.3315972222222222 0.05694444444444444 0.0798611111111111
1 0.3111111111111111 0.6102430555555556 0.06666666666666667 0.078125
1 0.6715277777777777 0.2847222222222222 0.05416666666666667 0.07291666666666667
1 0.3013888888888889 0.7630208333333334 0.06388888888888888 0.07465277777777778
1 0.25416666666666665 0.043402777777777776 0.05555555555555555 0.06944444444444445
1 0.5916666666666667 0.2595486111111111 0.05277777777777778 0.06770833333333333
