2 0.3951388888888889 0.13802083333333334 0.07083333333333333 0.10243055555555555
2 0.48680555555555555 0.2673611111111111 0.07361111111111111 0.10416666666666667
2 0.6423611111111112 0.1111111111111111 0.06527777777777778 0.11458333333333333
2 0.7972222222222223 0.1623263888888889 0.06944444444444445 0.0954861111111111
2 0.8666666666666667 0.3003472222222222 0.06111111111111111 0.10069444444444445
2 0.9736111111111111 0.3645833333333333 0.05277777777777778 0.10416666666666667
2 0.81875 0.46875 0.07916666666666666 0.11458333333333333
2 0.775 0.6015625 0.09166666666666666 0.08854166666666667
2 0.3923611111111111 0.453125 0.07916666666666666 0.09375
2 0.1076388888888889 0.23524305555555555 0.06527777777777778 0.0954861111111111
2 0.05277777777777778 0.3767361111111111 0.06388888888888888 0.09027777777777778
2 0.16875 0.6232638888888888 0.08472222222222223 0.10069444444444445
2 0.25555555555555554 0.875 0.07222222222222222 0.09027777777777778
2 0.3715277777777778 0.8489583333333334 0.06805555555555555 0.10069444444444445
2 0.9125 0.8394097222222222 0.06111111111111111 0.078125
2 0.9722222222222222 0.6310763888888888 0.05555555555555555 0.0954861111111111
2 0.9548611111111112 0.7170138888888888 0.0625 0.08333333333333333
2 0.9694444444444444 0.8125 0.06111111111111111 0.09722222222222222
0 0.8888888888888888 0.5434027777777778 0.06944444444444445 0.0763888888888889
0 0.5048611111111111 0.3645833333333333 0.0625 0.09722222222222222
0 0.11388888888888889 0.07552083333333333 0.05277777777777778 0.07465277777777778
0 0.4930555555555556 0.8984375 0.06944444444444445 0.08159722222222222
2 0.6069444444444444 0.9609375 0.075 0.078125
2 0.7756944444444445 0.921875 0.05694444444444444 0.07291666666666667
2 0.07777777777777778 0.8072916666666666 0.058333333333333334 0.09027777777777778
2 0.07708333333333334 0.5217013888888888 0.07361111111111111 0.0920138888888889
0 0.9166666666666666 0.6657986111111112 0.05555555555555555 0.07465277777777778
2 0.6159722222222223 0.9175347222222222 0.05694444444444444 0.08854166666666667
7 0.014583333333333334 0.044270833333333336 0.02638888888888889 0.078125
