1 0.018055555555555554 0.328125 0.03333333333333333 0.0625
1 0.10347222222222222 0.3072916666666667 0.04583333333333333 0.07291666666666667
1 0.28055555555555556 0.2204861111111111 0.041666666666666664 0.0625
1 0.37222222222222223 0.1171875 0.04722222222222222 0.06076388888888889
1 0.23541666666666666 0.04513888888888889 0.04861111111111111 0.05555555555555555
1 0.30069444444444443 0.025173611111111112 0.05138888888888889 0.046875
1 0.18263888888888888 0.09722222222222222 0.04861111111111111 0.059027777777777776
1 0.4791666666666667 0.1918402777777778 0.05 0.06076388888888889
1 0.19236111111111112 0.5494791666666666 0.043055555555555555 0.05381944444444445
1 0.0798611111111111 0.6163194444444444 0.05138888888888889 0.0625
1 0.09722222222222222 0.7795138888888888 0.044444444444444446 0.05555555555555555
1 0.043055555555555555 0.9487847222222222 0.04722222222222222 0.05381944444444445
1 0.1909722222222222 0.7743055555555556 0.04861111111111111 0.0625
1 0.2673611111111111 0.7456597222222222 0.043055555555555555 0.06076388888888889
1 0.23402777777777778 0.6501736111111112 0.04583333333333333 0.057291666666666664
1 0.47152777777777777 0.3515625 0.043055555555555555 0.06076388888888889
1 0.5854166666666667 0.3975694444444444 0.04861111111111111 0.059027777777777776
1 0.7284722222222222 0.3940972222222222 0.04583333333333333 0.059027777777777776
1 0.5618055555555556 0.20225694444444445 0.043055555555555555 0.05381944444444445
1 0.4638888888888889 0.2482638888888889 0.05 0.059027777777777776
1 0.65625 0.17100694444444445 0.04583333333333333 0.06076388888888889
1 0.6847222222222222 0.13541666666666666 0.04722222222222222 0.059027777777777776
1 0.29583333333333334 0.3333333333333333 0.03888888888888889 0.04861111111111111
1 0.31180555555555556 0.3645833333333333 0.0375 0.04513888888888889
1 0.34791666666666665 0.5520833333333334 0.04583333333333333 0.052083333333333336
1 0.4152777777777778 0.6753472222222222 0.044444444444444446 0.059027777777777776
1 0.3472222222222222 0.9140625 0.04722222222222222 0.06076388888888889
1 0.5555555555555556 0.9253472222222222 0.04722222222222222 0.05555555555555555
1 0.7666666666666667 0.8220486111111112 0.044444444444444446 0.06076388888888889
1 0.8319444444444445 0.8784722222222222 0.05 0.059027777777777776
1 0.9069444444444444 0.6640625 0.05 0.0642361111111111
1 0.8875 0.5399305555555556 0.04722222222222222 0.0625
1 0.80625 0.3394097222222222 0.043055555555555555 0.06076388888888889
1 0.7020833333333333 0.5043402777777778 0.04027777777777778 0.057291666666666664
1 0.6215277777777778 0.4522569444444444 0.04861111111111111 0.06076388888888889
1 0.9645833333333333 0.1484375 0.05138888888888889 0.06076388888888889
1 0.8722222222222222 0.3289930555555556 0.041666666666666664 0.057291666666666664
1 0.9763888888888889 0.4088541666666667 0.03888888888888889 0.0642361111111111
1 0.88125 0.3741319444444444 0.04583333333333333 0.05381944444444445
1 0.48194444444444445 0.71875 0.04722222222222222 0.059027777777777776
1 0.48194444444444445 0.6666666666666666 0.044444444444444446 0.05555555555555555
1 0.5381944444444444 0.65625 0.04027777777777778 0.04861111111111111
1 0.7881944444444444 0.020833333333333332 0.05138888888888889 0.03819444444444445
3 0.4152777777777778 0.2560763888888889 0.044444444444444446 0.057291666666666664
3 0.3506944444444444 0.5069444444444444 0.04861111111111111 0.05555555555555555
1 0.1798611111111111 0.017361111111111112 0.05138888888888889 0.03125
1 0.45555555555555555 0.013888888888888888 0.044444444444444446 0.024305555555555556
7 0.9840277777777777 0.025173611111111112 0.03194444444444444 0.046875
1 0.014583333333333334 0.7925347222222222 0.02638888888888889 0.0642361111111111
1 0.9409722222222222 0.4053819444444444 0.04861111111111111 0.0642361111111111
