5 0.10902777777777778 0.04513888888888889 0.043055555555555555 0.04513888888888889
5 0.23194444444444445 0.13802083333333334 0.03888888888888889 0.046875
5 0.3416666666666667 0.052083333333333336 0.044444444444444446 0.052083333333333336
5 0.7298611111111111 0.4010416666666667 0.043055555555555555 0.059027777777777776
5 0.8479166666666667 0.17708333333333334 0.034722222222222224 0.04861111111111111
5 0.6756944444444445 0.609375 0.043055555555555555 0.052083333333333336
0 0.8076388888888889 0.6553819444444444 0.06805555555555555 0.08506944444444445
7 0.2604166666666667 0.2734375 0.09027777777777778 0.13368055555555555
5 0.3090277777777778 0.28125 0.0375 0.059027777777777776
5 0.8395833333333333 0.4253472222222222 0.02638888888888889 0.03125
