2 0.12638888888888888 0.21006944444444445 0.07777777777777778 0.08333333333333333
2 0.25 0.23350694444444445 0.07222222222222222 0.08506944444444445
2 0.3229166666666667 0.2361111111111111 0.06805555555555555 0.09375
2 0.07361111111111111 0.3454861111111111 0.07222222222222222 0.09722222222222222
2 0.09861111111111111 0.5755208333333334 0.06388888888888888 0.08854166666666667
2 0.3055555555555556 0.5703125 0.07222222222222222 0.0920138888888889
2 0.3638888888888889 0.7743055555555556 0.07222222222222222 0.10416666666666667
2 0.42777777777777776 0.8394097222222222 0.075 0.0954861111111111
2 0.5145833333333333 0.3498263888888889 0.0763888888888889 0.10590277777777778
2 0.7729166666666667 0.1935763888888889 0.07361111111111111 0.0954861111111111
2 0.8958333333333334 0.2630208333333333 0.06666666666666667 0.08506944444444445
2 0.8298611111111112 0.5147569444444444 0.0763888888888889 0.08854166666666667
2 0.8590277777777777 0.6840277777777778 0.0763888888888889 0.09722222222222222
2 0.7444444444444445 0.6467013888888888 0.08055555555555556 0.11979166666666667
2 0.7569444444444444 0.4618055555555556 0.08333333333333333 0.08680555555555555
2 0.7381944444444445 0.9505208333333334 0.0875 0.0920138888888889
1 0.7354166666666667 0.3793402777777778 0.04583333333333333 0.0642361111111111
2 0.8520833333333333 0.026909722222222224 0.059722222222222225 0.050347222222222224
1 0.059722222222222225 0.15711805555555555 0.04722222222222222 0.057291666666666664
1 0.050694444444444445 0.8559027777777778 0.05416666666666667 0.06597222222222222
2 0.011805555555555555 0.5069444444444444 0.020833333333333332 0.08333333333333333
7 0.7965277777777777 0.9782986111111112 0.05416666666666667 0.029513888888888888
