2 0.05138888888888889 0.050347222222222224 0.075 0.08333333333333333
2 0.03333333333333333 0.1467013888888889 0.06388888888888888 0.10243055555555555
2 0.22569444444444445 0.027777777777777776 0.06805555555555555 0.052083333333333336
2 0.28541666666666665 0.09635416666666667 0.0763888888888889 0.09895833333333333
2 0.375 0.1189236111111111 0.07222222222222222 0.078125
2 0.40902777777777777 0.1796875 0.06527777777777778 0.10243055555555555
2 0.33194444444444443 0.2092013888888889 0.08888888888888889 0.07465277777777778
2 0.4861111111111111 0.3428819444444444 0.075 0.0920138888888889
2 0.6701388888888888 0.3697916666666667 0.0763888888888889 0.11458333333333333
2 0.6194444444444445 0.4652777777777778 0.06944444444444445 0.09027777777777778
2 0.5368055555555555 0.1267361111111111 0.06527777777777778 0.08333333333333333
2 0.7027777777777777 0.09288194444444445 0.07777777777777778 0.09895833333333333
2 0.9631944444444445 0.2786458333333333 0.07361111111111111 0.08854166666666667
2 0.8930555555555556 0.8559027777777778 0.07222222222222222 0.1111111111111111
2 0.36041666666666666 0.5677083333333334 0.07916666666666666 0.13541666666666666
2 0.2013888888888889 0.6484375 0.07222222222222222 0.10243055555555555
2 0.025694444444444443 0.8420138888888888 0.04861111111111111 0.09027777777777778
2 0.16458333333333333 0.9340277777777778 0.07083333333333333 0.0763888888888889
2 0.3576388888888889 0.7265625 0.06805555555555555 0.07465277777777778
2 0.37222222222222223 0.9626736111111112 0.07777777777777778 0.06770833333333333
2 0.3458333333333333 0.8064236111111112 0.058333333333333334 0.08854166666666667
2 0.4263888888888889 0.7855902777777778 0.05555555555555555 0.08854166666666667
0 0.5305555555555556 0.6050347222222222 0.07777777777777778 0.0920138888888889
0 0.6020833333333333 0.8368055555555556 0.06527777777777778 0.0798611111111111
0 0.48194444444444445 0.8680555555555556 0.06111111111111111 0.08333333333333333
0 0.2520833333333333 0.3932291666666667 0.059722222222222225 0.078125
2 0.03958333333333333 0.2769097222222222 0.06527777777777778 0.08159722222222222
1 0.47152777777777777 0.7977430555555556 0.04027777777777778 0.05381944444444445
1 0.10208333333333333 0.8628472222222222 0.043055555555555555 0.059027777777777776
1 0.07430555555555556 0.8289930555555556 0.04583333333333333 0.06076388888888889
1 0.8652777777777778 0.06163194444444445 0.044444444444444446 0.057291666666666664
0 0.7291666666666666 0.17881944444444445 0.06666666666666667 0.0763888888888889
0 0.6229166666666667 0.5625 0.0625 0.0798611111111111
7 0.44583333333333336 0.024305555555555556 0.06111111111111111 0.04513888888888889
7 0.8 0.017361111111111112 0.058333333333333334 0.03125
2 0.11875 0.9765625 0.05694444444444444 0.043402777777777776
3 0.06527777777777778 0.8758680555555556 0.04722222222222222 0.050347222222222224
1 0.4111111111111111 0.9496527777777778 0.04722222222222222 0.06944444444444445
