1 0.24861111111111112 0.4184027777777778 0.06388888888888888 0.07291666666666667
1 0.1326388888888889 0.3229166666666667 0.05138888888888889 0.0625
1 0.29444444444444445 0.2404513888888889 0.058333333333333334 0.07465277777777778
1 0.7 0.033854166666666664 0.058333333333333334 0.0642361111111111
1 0.49236111111111114 0.2230902777777778 0.06527777777777778 0.08159722222222222
1 0.7527777777777778 0.4140625 0.06666666666666667 0.08506944444444445
1 0.4701388888888889 0.4383680555555556 0.05694444444444444 0.08159722222222222
1 0.33055555555555555 0.6545138888888888 0.06388888888888888 0.0798611111111111
1 0.42916666666666664 0.5746527777777778 0.06388888888888888 0.0798611111111111
1 0.42916666666666664 0.2925347222222222 0.06388888888888888 0.07118055555555555
1 0.9493055555555555 0.4852430555555556 0.05694444444444444 0.08854166666666667
