1 0.06736111111111111 0.13194444444444445 0.043055555555555555 0.052083333333333336
1 0.034027777777777775 0.3246527777777778 0.04861111111111111 0.05555555555555555
1 0.06180555555555556 0.4270833333333333 0.05138888888888889 0.06597222222222222
1 0.10555555555555556 0.1909722222222222 0.05 0.059027777777777776
1 0.1361111111111111 0.2508680555555556 0.044444444444444446 0.05381944444444445
1 0.0763888888888889 0.5399305555555556 0.05 0.05555555555555555
1 0.09305555555555556 0.6536458333333334 0.044444444444444446 0.046875
1 0.04513888888888889 0.7135416666666666 0.05138888888888889 0.059027777777777776
1 0.1875 0.7022569444444444 0.044444444444444446 0.06076388888888889
1 0.12361111111111112 0.9253472222222222 0.04722222222222222 0.059027777777777776
1 0.2652777777777778 0.3463541666666667 0.05555555555555555 0.057291666666666664
1 0.2847222222222222 0.4331597222222222 0.04722222222222222 0.06076388888888889
1 0.28888888888888886 0.14930555555555555 0.05 0.059027777777777776
1 0.2722222222222222 0.1892361111111111 0.04722222222222222 0.052083333333333336
1 0.33611111111111114 0.2621527777777778 0.044444444444444446 0.05555555555555555
1 0.3888888888888889 0.2282986111111111 0.041666666666666664 0.05381944444444445
1 0.4666666666666667 0.22916666666666666 0.044444444444444446 0.0625
1 0.5402777777777777 0.1328125 0.05 0.0642361111111111
1 0.5604166666666667 0.2013888888888889 0.043055555555555555 0.059027777777777776
1 0.5854166666666667 0.22569444444444445 0.04583333333333333 0.059027777777777776
1 0.34791666666666665 0.4444444444444444 0.04861111111111111 0.059027777777777776
1 0.3548611111111111 0.3359375 0.04583333333333333 0.05381944444444445
1 0.3458333333333333 0.6458333333333334 0.04722222222222222 0.052083333333333336
1 0.42777777777777776 0.6284722222222222 0.05 0.059027777777777776
1 0.4166666666666667 0.7821180555555556 0.05 0.0642361111111111
1 0.38680555555555557 0.8828125 0.04861111111111111 0.06076388888888889
1 0.3875 0.9279513888888888 0.044444444444444446 0.06076388888888889
1 0.6236111111111111 0.0234375 0.05555555555555555 0.043402777777777776
1 0.7569444444444444 0.020833333333333332 0.041666666666666664 0.03819444444444445
1 0.8152777777777778 0.021701388888888888 0.044444444444444446 0.03993055555555555
1 0.7486111111111111 0.2734375 0.04722222222222222 0.0642361111111111
1 0.9166666666666666 0.0859375 0.05 0.06076388888888889
1 0.9416666666666667 0.24131944444444445 0.05277777777777778 0.06597222222222222
1 0.8527777777777777 0.265625 0.05277777777777778 0.06597222222222222
1 0.9590277777777778 0.3116319444444444 0.05416666666666667 0.07118055555555555
1 0.8513888888888889 0.3871527777777778 0.04722222222222222 0.06597222222222222
1 0.7034722222222223 0.4019097222222222 0.04583333333333333 0.06076388888888889
1 0.5277777777777778 0.4878472222222222 0.05277777777777778 0.0625
1 0.6145833333333334 0.4809027777777778 0.04861111111111111 0.0625
1 0.6729166666666667 0.5217013888888888 0.04861111111111111 0.0642361111111111
1 0.5493055555555556 0.5572916666666666 0.04583333333333333 0.05555555555555555
1 0.5493055555555556 0.6085069444444444 0.04861111111111111 0.057291666666666664
3 0.5673611111111111 0.6866319444444444 0.04861111111111111 0.078125
1 0.5388888888888889 0.8428819444444444 0.04722222222222222 0.05381944444444445
1 0.5763888888888888 0.7578125 0.04722222222222222 0.05381944444444445
1 0.7756944444444445 0.4670138888888889 0.05138888888888889 0.06597222222222222
1 0.7541666666666667 0.703125 0.05277777777777778 0.0625
1 0.9625 0.6657986111111112 0.04722222222222222 0.06076388888888889
1 0.6958333333333333 0.7560763888888888 0.044444444444444446 0.0642361111111111
1 0.6666666666666666 0.7916666666666666 0.05 0.06597222222222222
1 0.7513888888888889 0.8038194444444444 0.04722222222222222 0.0625
1 0.8458333333333333 0.7864583333333334 0.04722222222222222 0.06597222222222222
1 0.6701388888888888 0.9322916666666666 0.05138888888888889 0.059027777777777776
1 0.8618055555555556 0.9479166666666666 0.05138888888888889 0.0625
1 0.17083333333333334 0.9782986111111112 0.05277777777777778 0.03993055555555555
1 0.8020833333333334 0.9748263888888888 0.04583333333333333 0.03993055555555555
1 0.7347222222222223 0.9835069444444444 0.03888888888888889 0.029513888888888888
