2 0.3090277777777778 0.14149305555555555 0.07083333333333333 0.08159722222222222
2 0.4166666666666667 0.2847222222222222 0.075 0.09375
2 0.7513888888888889 0.052083333333333336 0.08333333333333333 0.09375
2 0.8569444444444444 0.18055555555555555 0.06666666666666667 0.09722222222222222
2 0.9131944444444444 0.2960069444444444 0.07083333333333333 0.0920138888888889
2 0.6305555555555555 0.5026041666666666 0.07222222222222222 0.09895833333333333
2 0.49027777777777776 0.6206597222222222 0.06666666666666667 0.08854166666666667
2 0.5694444444444444 0.7387152777777778 0.07777777777777778 0.109375
2 0.44722222222222224 0.8402777777777778 0.075 0.09375
2 0.7201388888888889 0.7708333333333334 0.07916666666666666 0.09375
2 0.7666666666666667 0.5972222222222222 0.08333333333333333 0.06944444444444445
2 0.8020833333333334 0.6796875 0.07916666666666666 0.078125
2 0.9118055555555555 0.6519097222222222 0.08472222222222223 0.08854166666666667
2 0.9583333333333334 0.8932291666666666 0.08333333333333333 0.0920138888888889
2 0.04027777777777778 0.7317708333333334 0.075 0.078125
2 0.07916666666666666 0.9375 0.06388888888888888 0.08333333333333333
2 0.7722222222222223 0.8871527777777778 0.06944444444444445 0.10069444444444445
0 0.6708333333333333 0.3194444444444444 0.06111111111111111 0.0798611111111111
0 0.17430555555555555 0.3628472222222222 0.06805555555555555 0.08333333333333333
0 0.13055555555555556 0.6163194444444444 0.06111111111111111 0.06944444444444445
0 0.28125 0.7534722222222222 0.07361111111111111 0.0798611111111111
0 0.5048611111111111 0.8342013888888888 0.059722222222222225 0.078125
0 0.8763888888888889 0.5720486111111112 0.06111111111111111 0.07465277777777778
1 0.8888888888888888 0.7638888888888888 0.044444444444444446 0.059027777777777776
1 0.18888888888888888 0.2829861111111111 0.058333333333333334 0.05555555555555555
1 0.32013888888888886 0.2829861111111111 0.04583333333333333 0.06597222222222222
0 0.06388888888888888 0.6796875 0.06111111111111111 0.06770833333333333
0 0.44375 0.4253472222222222 0.059722222222222225 0.0798611111111111
2 0.49166666666666664 0.019965277777777776 0.08055555555555556 0.036458333333333336
0 0.08333333333333333 0.6206597222222222 0.05555555555555555 0.078125
2 0.8104166666666667 0.9817708333333334 0.0763888888888889 0.03298611111111111
