2 0.2326388888888889 0.2378472222222222 0.08194444444444444 0.12152777777777778
2 0.23680555555555555 0.11631944444444445 0.07361111111111111 0.08333333333333333
2 0.2611111111111111 0.046875 0.06944444444444445 0.09027777777777778
2 0.03333333333333333 0.3940972222222222 0.06388888888888888 0.09722222222222222
2 0.4826388888888889 0.4453125 0.08194444444444444 0.11631944444444445
2 0.3909722222222222 0.7482638888888888 0.07361111111111111 0.09027777777777778
2 0.45555555555555555 0.8263888888888888 0.075 0.09375
0 0.65625 0.8046875 0.07361111111111111 0.0920138888888889
2 0.8006944444444445 0.7378472222222222 0.07083333333333333 0.1076388888888889
2 0.74375 0.4939236111111111 0.0625 0.08159722222222222
2 0.8638888888888889 0.1171875 0.07222222222222222 0.0920138888888889
2 0.8027777777777778 0.2465277777777778 0.06666666666666667 0.07291666666666667
2 0.6798611111111111 0.3671875 0.07361111111111111 0.0920138888888889
2 0.08888888888888889 0.6970486111111112 0.075 0.0920138888888889
2 0.04027777777777778 0.8828125 0.07777777777777778 0.10243055555555555
2 0.6569444444444444 0.07291666666666667 0.05277777777777778 0.0763888888888889
2 0.4798611111111111 0.9244791666666666 0.07361111111111111 0.10243055555555555
1 0.1388888888888889 0.7690972222222222 0.04722222222222222 0.059027777777777776
1 0.5743055555555555 0.5399305555555556 0.04027777777777778 0.052083333333333336
1 0.6138888888888889 0.7708333333333334 0.04722222222222222 0.0625
1 0.7826388888888889 0.453125 0.04861111111111111 0.06597222222222222
2 0.7125 0.018229166666666668 0.06388888888888888 0.03298611111111111
7 0.8888888888888888 0.9592013888888888 0.05277777777777778 0.0642361111111111
7 0.7215277777777778 0.3810763888888889 0.043055555555555555 0.05381944444444445
