2 0.21388888888888888 0.10503472222222222 0.06944444444444445 0.08854166666666667
2 0.22569444444444445 0.028645833333333332 0.0763888888888889 0.05381944444444445
2 0.5493055555555556 0.15538194444444445 0.08472222222222223 0.08854166666666667
2 0.70625 0.11197916666666667 0.07916666666666666 0.09895833333333333
2 0.9111111111111111 0.3385416666666667 0.075 0.09375
2 0.55625 0.4861111111111111 0.07361111111111111 0.09722222222222222
2 0.42569444444444443 0.4670138888888889 0.07361111111111111 0.1076388888888889
2 0.12916666666666668 0.4114583333333333 0.075 0.09722222222222222
2 0.30486111111111114 0.6493055555555556 0.06805555555555555 0.1076388888888889
2 0.5368055555555555 0.6171875 0.06805555555555555 0.0954861111111111
2 0.6083333333333333 0.6076388888888888 0.06944444444444445 0.09027777777777778
2 0.6090277777777777 0.6953125 0.09305555555555556 0.0920138888888889
2 0.8138888888888889 0.7230902777777778 0.08888888888888889 0.10590277777777778
1 0.027777777777777776 0.2803819444444444 0.041666666666666664 0.05381944444444445
1 0.08680555555555555 0.09809027777777778 0.04861111111111111 0.0642361111111111
0 0.3090277777777778 0.03732638888888889 0.059722222222222225 0.07118055555555555
2 0.5458333333333333 0.033854166666666664 0.11666666666666667 0.0642361111111111
2 0.9784722222222222 0.09288194444444445 0.043055555555555555 0.08854166666666667
2 0.9784722222222222 0.7890625 0.043055555555555555 0.09895833333333333
0 0.8361111111111111 0.9279513888888888 0.06944444444444445 0.08506944444444445
2 0.4 0.9652777777777778 0.08333333333333333 0.059027777777777776
1 0.8375 0.6111111111111112 0.05 0.059027777777777776
0 0.40625 0.025173611111111112 0.07361111111111111 0.046875
1 0.5465277777777777 0.9782986111111112 0.05416666666666667 0.036458333333333336
