1 0.2534722222222222 0.4331597222222222 0.07083333333333333 0.08159722222222222
1 0.35138888888888886 0.6510416666666666 0.06388888888888888 0.07291666666666667
1 0.7520833333333333 0.3680555555555556 0.059722222222222225 0.07291666666666667
1 0.8555555555555555 0.1684027777777778 0.05277777777777778 0.06597222222222222
1 0.9166666666666666 0.1857638888888889 0.05 0.07291666666666667
1 0.025 0.7048611111111112 0.04722222222222222 0.0625
1 0.5784722222222223 0.4696180555555556 0.06527777777777778 0.078125
1 0.16319444444444445 0.8802083333333334 0.059722222222222225 0.0625
1 0.5965277777777778 0.8758680555555556 0.06805555555555555 0.07465277777777778
1 0.08125 0.9487847222222222 0.06805555555555555 0.07465277777777778
1 0.08819444444444445 0.7387152777777778 0.0763888888888889 0.07465277777777778
1 0.28680555555555554 0.9626736111111112 0.0625 0.07465277777777778
