2 0.13819444444444445 0.033854166666666664 0.08194444444444444 0.0642361111111111
2 0.2722222222222222 0.043402777777777776 0.06944444444444445 0.08333333333333333
2 0.43333333333333335 0.22395833333333334 0.07222222222222222 0.09722222222222222
2 0.5618055555555556 0.2751736111111111 0.07083333333333333 0.0920138888888889
2 0.425 0.3394097222222222 0.075 0.10243055555555555
2 0.33958333333333335 0.5182291666666666 0.07361111111111111 0.10243055555555555
2 0.09375 0.6805555555555556 0.07361111111111111 0.09375
2 0.2611111111111111 0.7907986111111112 0.07777777777777778 0.0954861111111111
2 0.6895833333333333 0.6302083333333334 0.0763888888888889 0.09722222222222222
2 0.7722222222222223 0.6180555555555556 0.07222222222222222 0.09027777777777778
2 0.7888888888888889 0.7126736111111112 0.06944444444444445 0.08506944444444445
2 0.9659722222222222 0.2230902777777778 0.06805555555555555 0.10590277777777778
2 0.9604166666666667 0.059027777777777776 0.07361111111111111 0.08333333333333333
0 0.68125 0.19791666666666666 0.06805555555555555 0.08680555555555555
2 0.5083333333333333 0.1310763888888889 0.06388888888888888 0.08159722222222222
1 0.8368055555555556 0.3602430555555556 0.04583333333333333 0.0642361111111111
1 0.86875 0.4592013888888889 0.05416666666666667 0.06770833333333333
1 0.13680555555555557 0.7421875 0.04861111111111111 0.06076388888888889
1 0.45555555555555555 0.07118055555555555 0.04722222222222222 0.059027777777777776
7 0.50625 0.8793402777777778 0.09861111111111111 0.09895833333333333
2 0.9111111111111111 0.2994791666666667 0.07222222222222222 0.08506944444444445
2 0.8256944444444444 0.07378472222222222 0.07916666666666666 0.08854166666666667
0 0.8222222222222222 0.6536458333333334 0.06111111111111111 0.07118055555555555
1 0.4909722222222222 0.3298611111111111 0.0375 0.05555555555555555
0 0.5131944444444444 0.3498263888888889 0.04583333333333333 0.0642361111111111
