1 0.15486111111111112 0.2994791666666667 0.0625 0.07118055555555555
1 0.10902777777777778 0.4227430555555556 0.059722222222222225 0.07465277777777778
1 0.17777777777777778 0.6527777777777778 0.058333333333333334 0.07291666666666667
1 0.19166666666666668 0.9453125 0.06944444444444445 0.07118055555555555
1 0.44583333333333336 0.1440972222222222 0.06111111111111111 0.0763888888888889
1 0.4340277777777778 0.2708333333333333 0.05416666666666667 0.06944444444444445
1 0.575 0.3932291666666667 0.05277777777777778 0.078125
1 0.5847222222222223 0.5546875 0.06666666666666667 0.08506944444444445
1 0.7284722222222222 0.84375 0.0625 0.0798611111111111
1 0.5618055555555556 0.8975694444444444 0.07916666666666666 0.08333333333333333
1 0.8263888888888888 0.4982638888888889 0.08055555555555556 0.07291666666666667
1 0.8680555555555556 0.7699652777777778 0.075 0.08506944444444445
1 0.5666666666666667 0.8142361111111112 0.05277777777777778 0.06597222222222222
