2 0.5 0.2126736111111111 0.06666666666666667 0.109375
2 0.5840277777777778 0.19618055555555555 0.07361111111111111 0.1076388888888889
2 0.6638888888888889 0.2743055555555556 0.06388888888888888 0.09027777777777778
2 0.6833333333333333 0.4105902777777778 0.07777777777777778 0.0954861111111111
2 0.7701388888888889 0.6440972222222222 0.08472222222222223 0.09375
2 0.6270833333333333 0.6423611111111112 0.07083333333333333 0.09722222222222222
2 0.5770833333333333 0.7361111111111112 0.07916666666666666 0.13194444444444445
2 0.5631944444444444 0.9583333333333334 0.06527777777777778 0.0798611111111111
2 0.38472222222222224 0.7265625 0.06944444444444445 0.08854166666666667
2 0.3840277777777778 0.6432291666666666 0.0763888888888889 0.0920138888888889
2 0.9694444444444444 0.7005208333333334 0.06111111111111111 0.08854166666666667
2 0.3506944444444444 0.08680555555555555 0.0763888888888889 0.10069444444444445
2 0.20972222222222223 0.05295138888888889 0.08333333333333333 0.08854166666666667
2 0.19444444444444445 0.13541666666666666 0.10555555555555556 0.08680555555555555
2 0.15069444444444444 0.375 0.08194444444444444 0.08680555555555555
2 0.05694444444444444 0.3993055555555556 0.06388888888888888 0.0625
2 0.059027777777777776 0.4505208333333333 0.06805555555555555 0.0642361111111111
2 0.14305555555555555 0.4730902777777778 0.06666666666666667 0.09895833333333333
2 0.10486111111111111 0.4001736111111111 0.05138888888888889 0.078125
2 0.07083333333333333 0.3203125 0.06944444444444445 0.08854166666666667
2 0.22916666666666666 0.5564236111111112 0.06666666666666667 0.0954861111111111
2 0.19652777777777777 0.640625 0.0625 0.08680555555555555
2 0.027083333333333334 0.5928819444444444 0.05138888888888889 0.08854166666666667
2 0.06805555555555555 0.8541666666666666 0.07222222222222222 0.11458333333333333
2 0.2152777777777778 0.8940972222222222 0.06111111111111111 0.09027777777777778
2 0.15486111111111112 0.9279513888888888 0.07361111111111111 0.08854166666666667
2 0.20208333333333334 0.8151041666666666 0.06527777777777778 0.08854166666666667
2 0.29791666666666666 0.9314236111111112 0.07916666666666666 0.0920138888888889
2 0.3645833333333333 0.9574652777777778 0.06805555555555555 0.08506944444444445
0 0.6590277777777778 0.9288194444444444 0.059722222222222225 0.09722222222222222
0 0.0875 0.7239583333333334 0.06111111111111111 0.08680555555555555
0 0.25 0.3923611111111111 0.06944444444444445 0.08680555555555555
1 0.2638888888888889 0.4618055555555556 0.058333333333333334 0.07291666666666667
1 0.4041666666666667 0.4756944444444444 0.05555555555555555 0.07291666666666667
1 0.6291666666666667 0.7317708333333334 0.05555555555555555 0.07118055555555555
1 0.7131944444444445 0.9019097222222222 0.05138888888888889 0.06770833333333333
1 0.6166666666666667 0.9296875 0.04722222222222222 0.07465277777777778
1 0.19583333333333333 0.7517361111111112 0.058333333333333334 0.07291666666666667
0 0.45069444444444445 0.1310763888888889 0.06805555555555555 0.08506944444444445
2 0.04513888888888889 0.9479166666666666 0.06805555555555555 0.09375
1 0.7430555555555556 0.8463541666666666 0.04722222222222222 0.06076388888888889
1 0.3034722222222222 0.9774305555555556 0.05416666666666667 0.04513888888888889
3 0.16319444444444445 0.7213541666666666 0.04583333333333333 0.057291666666666664
2 0.9777777777777777 0.8993055555555556 0.044444444444444446 0.09027777777777778
7 0.9395833333333333 0.3619791666666667 0.05416666666666667 0.07118055555555555
2 0.019444444444444445 0.8836805555555556 0.03611111111111111 0.06944444444444445
3 0.18125 0.2265625 0.04861111111111111 0.06076388888888889
1 0.03888888888888889 0.2881944444444444 0.05 0.052083333333333336
