5 0.06111111111111111 0.6909722222222222 0.04722222222222222 0.059027777777777776
0 0.42777777777777776 0.041666666666666664 0.07777777777777778 0.07291666666666667
0 0.23055555555555557 0.6649305555555556 0.06388888888888888 0.10069444444444445
7 0.33402777777777776 0.7508680555555556 0.07916666666666666 0.06770833333333333
7 0.5986111111111111 0.5703125 0.075 0.08854166666666667
0 0.7534722222222222 0.4097222222222222 0.06527777777777778 0.08680555555555555
7 0.6645833333333333 0.12152777777777778 0.043055555555555555 0.052083333333333336
7 0.8180555555555555 0.6701388888888888 0.07222222222222222 0.11458333333333333
5 0.7979166666666667 0.7795138888888888 0.03194444444444444 0.04513888888888889
7 0.8465277777777778 0.6015625 0.04027777777777778 0.05381944444444445
5 0.18125 0.0625 0.03194444444444444 0.03819444444444445
