1 0.0763888888888889 0.3654513888888889 0.06111111111111111 0.07465277777777778
1 0.04652777777777778 0.6979166666666666 0.05694444444444444 0.0798611111111111
1 0.4375 0.5711805555555556 0.05555555555555555 0.06597222222222222
1 0.5215277777777778 0.5381944444444444 0.05416666666666667 0.06944444444444445
1 0.6263888888888889 0.043402777777777776 0.058333333333333334 0.07291666666666667
1 0.6666666666666666 0.1284722222222222 0.06388888888888888 0.06944444444444445
1 0.78125 0.375 0.0625 0.0763888888888889
1 0.8402777777777778 0.5043402777777778 0.05277777777777778 0.07118055555555555
1 0.65625 0.8454861111111112 0.05138888888888889 0.06597222222222222
1 0.7048611111111112 0.8654513888888888 0.04583333333333333 0.05381944444444445
1 0.9361111111111111 0.9184027777777778 0.05555555555555555 0.0763888888888889
