1 0.39861111111111114 0.028645833333333332 0.04722222222222222 0.05381944444444445
1 0.28888888888888886 0.4696180555555556 0.05555555555555555 0.06770833333333333
1 0.15138888888888888 0.4600694444444444 0.05 0.0625
1 0.6611111111111111 0.3376736111111111 0.05 0.0642361111111111
0 0.6986111111111111 0.7196180555555556 0.075 0.0954861111111111
0 0.5569444444444445 0.5121527777777778 0.07777777777777778 0.1076388888888889
0 0.9666666666666667 0.7439236111111112 0.06388888888888888 0.09895833333333333
7 0.37083333333333335 0.9661458333333334 0.1111111111111111 0.06076388888888889
0 0.9486111111111111 0.4105902777777778 0.07777777777777778 0.13368055555555555
1 0.6840277777777778 0.2890625 0.04583333333333333 0.06076388888888889
