1 0.5298611111111111 0.1467013888888889 0.05694444444444444 0.078125
1 0.75625 0.06510416666666667 0.05694444444444444 0.07465277777777778
1 0.5506944444444445 0.3203125 0.059722222222222225 0.06770833333333333
1 0.4736111111111111 0.3706597222222222 0.06388888888888888 0.07465277777777778
1 0.3597222222222222 0.3107638888888889 0.06666666666666667 0.07291666666666667
1 0.4638888888888889 0.4947916666666667 0.058333333333333334 0.0763888888888889
1 0.5819444444444445 0.5225694444444444 0.05555555555555555 0.07291666666666667
1 0.6125 0.8046875 0.05555555555555555 0.078125
1 0.06041666666666667 0.8567708333333334 0.07083333333333333 0.08854166666666667
1 0.20416666666666666 0.3828125 0.05277777777777778 0.07118055555555555
1 0.4673611111111111 0.78125 0.05694444444444444 0.0798611111111111
