2 0.43472222222222223 0.22135416666666666 0.075 0.08854166666666667
2 0.6395833333333333 0.1371527777777778 0.06805555555555555 0.08680555555555555
2 0.9513888888888888 0.03211805555555555 0.075 0.06076388888888889
2 0.84375 0.21788194444444445 0.0763888888888889 0.0954861111111111
2 0.8951388888888889 0.2803819444444444 0.06805555555555555 0.0920138888888889
2 0.23055555555555557 0.20833333333333334 0.08611111111111111 0.09027777777777778
2 0.15138888888888888 0.8255208333333334 0.08055555555555556 0.08854166666666667
2 0.27291666666666664 0.7595486111111112 0.0763888888888889 0.109375
2 0.8701388888888889 0.7638888888888888 0.07083333333333333 0.10069444444444445
2 0.37430555555555556 0.5138888888888888 0.08194444444444444 0.08680555555555555
0 0.027777777777777776 0.3611111111111111 0.05277777777777778 0.10416666666666667
0 0.5611111111111111 0.5642361111111112 0.05555555555555555 0.08680555555555555
0 0.48541666666666666 0.9557291666666666 0.06805555555555555 0.07118055555555555
0 0.9375 0.9557291666666666 0.06666666666666667 0.08159722222222222
0 0.15416666666666667 0.9201388888888888 0.06666666666666667 0.0798611111111111
0 0.07291666666666667 0.6892361111111112 0.07361111111111111 0.09027777777777778
0 0.3597222222222222 0.11805555555555555 0.06388888888888888 0.09027777777777778
0 0.6680555555555555 0.027777777777777776 0.06666666666666667 0.052083333333333336
0 0.27847222222222223 0.10590277777777778 0.06527777777777778 0.0763888888888889
2 0.2222222222222222 0.04600694444444445 0.06111111111111111 0.08854166666666667
0 0.9819444444444444 0.8732638888888888 0.03611111111111111 0.08333333333333333
1 0.7131944444444445 0.5737847222222222 0.043055555555555555 0.0642361111111111
1 0.14791666666666667 0.5850694444444444 0.04027777777777778 0.059027777777777776
