0 0.35347222222222224 0.296875 0.07916666666666666 0.10416666666666667
0 0.7 0.3611111111111111 0.06944444444444445 0.10416666666666667
2 0.12986111111111112 0.2170138888888889 0.06805555555555555 0.11805555555555555
2 0.40069444444444446 0.7777777777777778 0.0875 0.1076388888888889
2 0.32013888888888886 0.8793402777777778 0.07361111111111111 0.109375
2 0.625 0.2309027777777778 0.075 0.11458333333333333
2 0.8069444444444445 0.4513888888888889 0.09166666666666666 0.1111111111111111
2 0.7638888888888888 0.06944444444444445 0.08333333333333333 0.1284722222222222
2 0.8944444444444445 0.12586805555555555 0.07777777777777778 0.0920138888888889
2 0.8395833333333333 0.28125 0.07083333333333333 0.10416666666666667
2 0.7020833333333333 0.06597222222222222 0.06805555555555555 0.09722222222222222
2 0.36180555555555555 0.19270833333333334 0.07361111111111111 0.09027777777777778
2 0.40902777777777777 0.3689236111111111 0.06805555555555555 0.08506944444444445
2 0.4201388888888889 0.4505208333333333 0.07916666666666666 0.0954861111111111
2 0.021527777777777778 0.8880208333333334 0.04027777777777778 0.10243055555555555
2 0.059027777777777776 0.9696180555555556 0.07916666666666666 0.057291666666666664
2 0.4527777777777778 0.6484375 0.08055555555555556 0.078125
2 0.01875 0.3402777777777778 0.034722222222222224 0.1076388888888889
7 0.011111111111111112 0.4887152777777778 0.019444444444444445 0.06076388888888889
7 0.44930555555555557 0.022569444444444444 0.04027777777777778 0.041666666666666664
