2 0.23819444444444443 0.3046875 0.07083333333333333 0.08159722222222222
2 0.2013888888888889 0.4253472222222222 0.07222222222222222 0.08680555555555555
2 0.27361111111111114 0.5659722222222222 0.06388888888888888 0.09027777777777778
2 0.27361111111111114 0.7170138888888888 0.06388888888888888 0.09375
2 0.20208333333333334 0.8012152777777778 0.07361111111111111 0.10590277777777778
2 0.6659722222222222 0.6015625 0.09027777777777778 0.10243055555555555
2 0.6118055555555556 0.3168402777777778 0.07361111111111111 0.0954861111111111
2 0.6958333333333333 0.2456597222222222 0.075 0.10243055555555555
2 0.8138888888888889 0.4921875 0.058333333333333334 0.0954861111111111
2 0.9493055555555555 0.4201388888888889 0.06805555555555555 0.10416666666666667
2 0.9736111111111111 0.8645833333333334 0.05277777777777778 0.08333333333333333
2 0.5229166666666667 0.6831597222222222 0.06527777777777778 0.07465277777777778
2 0.6548611111111111 0.7595486111111112 0.059722222222222225 0.0920138888888889
2 0.48055555555555557 0.19270833333333334 0.06666666666666667 0.06944444444444445
1 0.07291666666666667 0.5954861111111112 0.04027777777777778 0.052083333333333336
1 0.05138888888888889 0.5555555555555556 0.041666666666666664 0.041666666666666664
