2 0.02638888888888889 0.17447916666666666 0.05 0.0954861111111111
2 0.24097222222222223 0.1779513888888889 0.08472222222222223 0.0954861111111111
2 0.1284722222222222 0.2821180555555556 0.06805555555555555 0.08506944444444445
2 0.12152777777777778 0.4105902777777778 0.07083333333333333 0.08159722222222222
2 0.42083333333333334 0.13368055555555555 0.07222222222222222 0.08680555555555555
2 0.5847222222222223 0.18489583333333334 0.08333333333333333 0.0920138888888889
2 0.48819444444444443 0.4140625 0.07083333333333333 0.0920138888888889
2 0.9520833333333333 0.3923611111111111 0.07916666666666666 0.1076388888888889
2 0.9631944444444445 0.09895833333333333 0.07083333333333333 0.1111111111111111
2 0.3486111111111111 0.5616319444444444 0.08611111111111111 0.10243055555555555
2 0.3840277777777778 0.6571180555555556 0.08194444444444444 0.08506944444444445
2 0.46597222222222223 0.7361111111111112 0.0875 0.11458333333333333
2 0.6493055555555556 0.8385416666666666 0.05694444444444444 0.08680555555555555
2 0.6701388888888888 0.9565972222222222 0.07083333333333333 0.0763888888888889
2 0.12222222222222222 0.7369791666666666 0.06944444444444445 0.08506944444444445
0 0.3958333333333333 0.9505208333333334 0.058333333333333334 0.07465277777777778
0 0.7256944444444444 0.3828125 0.06527777777777778 0.08506944444444445
0 0.8368055555555556 0.3229166666666667 0.06527777777777778 0.08680555555555555
0 0.8618055555555556 0.5104166666666666 0.0625 0.08333333333333333
1 0.6597222222222222 0.5755208333333334 0.04722222222222222 0.0642361111111111
1 0.8354166666666667 0.04600694444444445 0.04583333333333333 0.057291666666666664
1 0.6895833333333333 0.8394097222222222 0.04583333333333333 0.06076388888888889
2 0.19791666666666666 0.6197916666666666 0.0625 0.0798611111111111
0 0.8298611111111112 0.22569444444444445 0.059722222222222225 0.0798611111111111
2 0.7638888888888888 0.018229166666666668 0.058333333333333334 0.03298611111111111
7 0.27361111111111114 0.7491319444444444 0.03888888888888889 0.050347222222222224
