1 0.018055555555555554 0.06076388888888889 0.03333333333333333 0.059027777777777776
1 0.23402777777777778 0.020833333333333332 0.04583333333333333 0.03819444444444445
1 0.12291666666666666 0.20572916666666666 0.04583333333333333 0.06076388888888889
1 0.3090277777777778 0.28125 0.04861111111111111 0.052083333333333336
1 0.3951388888888889 0.3628472222222222 0.04027777777777778 0.059027777777777776
1 0.44027777777777777 0.3576388888888889 0.044444444444444446 0.059027777777777776
1 0.5104166666666666 0.3107638888888889 0.04583333333333333 0.059027777777777776
1 0.5548611111111111 0.14756944444444445 0.04583333333333333 0.0625
1 0.5875 0.10416666666666667 0.044444444444444446 0.0625
1 0.6833333333333333 0.09809027777777778 0.044444444444444446 0.06076388888888889
1 0.8027777777777778 0.028645833333333332 0.05 0.05381944444444445
1 0.7638888888888888 0.125 0.04722222222222222 0.0625
1 0.75625 0.234375 0.04861111111111111 0.0625
1 0.6638888888888889 0.3402777777777778 0.05 0.0625
1 0.6097222222222223 0.4487847222222222 0.05 0.06076388888888889
1 0.7694444444444445 0.4817708333333333 0.04722222222222222 0.06076388888888889
1 0.8597222222222223 0.3003472222222222 0.04722222222222222 0.06597222222222222
1 0.8604166666666667 0.15364583333333334 0.043055555555555555 0.0642361111111111
1 0.8854166666666666 0.1875 0.04027777777777778 0.052083333333333336
1 0.8972222222222223 0.2387152777777778 0.044444444444444446 0.05381944444444445
1 0.975 0.5859375 0.04722222222222222 0.06770833333333333
1 0.7381944444444445 0.6145833333333334 0.04861111111111111 0.05555555555555555
1 0.6111111111111112 0.5286458333333334 0.05 0.06076388888888889
1 0.5666666666666667 0.5720486111111112 0.04722222222222222 0.0642361111111111
1 0.7604166666666666 0.7013888888888888 0.043055555555555555 0.05555555555555555
1 0.9118055555555555 0.7855902777777778 0.04861111111111111 0.057291666666666664
1 0.9847222222222223 0.9105902777777778 0.030555555555555555 0.0642361111111111
1 0.9034722222222222 0.9427083333333334 0.05138888888888889 0.06597222222222222
1 0.6673611111111111 0.8255208333333334 0.04583333333333333 0.06076388888888889
1 0.1840277777777778 0.4809027777777778 0.04861111111111111 0.05555555555555555
1 0.06944444444444445 0.4444444444444444 0.041666666666666664 0.059027777777777776
1 0.022916666666666665 0.4887152777777778 0.043055555555555555 0.0642361111111111
1 0.022222222222222223 0.59375 0.041666666666666664 0.052083333333333336
1 0.15833333333333333 0.7109375 0.044444444444444446 0.05381944444444445
1 0.04652777777777778 0.5616319444444444 0.043055555555555555 0.046875
1 0.07847222222222222 0.5711805555555556 0.043055555555555555 0.0625
1 0.09722222222222222 0.6527777777777778 0.044444444444444446 0.05555555555555555
1 0.0875 0.6996527777777778 0.04722222222222222 0.059027777777777776
1 0.07916666666666666 0.7734375 0.05 0.057291666666666664
1 0.09583333333333334 0.8411458333333334 0.044444444444444446 0.06076388888888889
1 0.08333333333333333 0.890625 0.044444444444444446 0.0625
1 0.21388888888888888 0.8628472222222222 0.044444444444444446 0.05555555555555555
1 0.3784722222222222 0.6119791666666666 0.043055555555555555 0.057291666666666664
1 0.3326388888888889 0.8567708333333334 0.043055555555555555 0.06076388888888889
1 0.40902777777777777 0.6657986111111112 0.043055555555555555 0.06076388888888889
1 0.5041666666666667 0.7960069444444444 0.041666666666666664 0.06076388888888889
1 0.45 0.8602430555555556 0.044444444444444446 0.057291666666666664
1 0.5104166666666666 0.8949652777777778 0.043055555555555555 0.0642361111111111
1 0.5583333333333333 0.890625 0.04722222222222222 0.06597222222222222
1 0.9888888888888889 0.5147569444444444 0.022222222222222223 0.0642361111111111
1 0.013194444444444444 0.9244791666666666 0.02361111111111111 0.06076388888888889
