2 0.03680555555555556 0.09895833333333333 0.07083333333333333 0.09722222222222222
2 0.3104166666666667 0.0625 0.07083333333333333 0.0798611111111111
2 0.42291666666666666 0.3046875 0.08194444444444444 0.08159722222222222
2 0.3451388888888889 0.4079861111111111 0.06805555555555555 0.1076388888888889
2 0.7006944444444444 0.3758680555555556 0.06527777777777778 0.09895833333333333
2 0.7104166666666667 0.2048611111111111 0.06527777777777778 0.10069444444444445
2 0.9736111111111111 0.2760416666666667 0.05277777777777778 0.1076388888888889
2 0.8826388888888889 0.5989583333333334 0.08472222222222223 0.11805555555555555
2 0.8708333333333333 0.796875 0.06388888888888888 0.08333333333333333
2 0.9305555555555556 0.90625 0.075 0.09375
2 0.03263888888888889 0.6762152777777778 0.0625 0.08159722222222222
2 0.022916666666666665 0.8376736111111112 0.043055555555555555 0.09895833333333333
0 0.02847222222222222 0.4774305555555556 0.05416666666666667 0.09722222222222222
0 0.29305555555555557 0.6171875 0.058333333333333334 0.078125
0 0.5298611111111111 0.4652777777777778 0.05694444444444444 0.0798611111111111
0 0.12430555555555556 0.033854166666666664 0.07083333333333333 0.0642361111111111
2 0.10486111111111111 0.3151041666666667 0.059722222222222225 0.08854166666666667
2 0.10555555555555556 0.4149305555555556 0.07222222222222222 0.10069444444444445
2 0.26458333333333334 0.1996527777777778 0.08472222222222223 0.1111111111111111
1 0.9 0.4175347222222222 0.04722222222222222 0.06076388888888889
2 0.96875 0.5581597222222222 0.059722222222222225 0.07465277777777778
7 0.6215277777777778 0.0920138888888889 0.04861111111111111 0.0763888888888889
1 0.8673611111111111 0.019097222222222224 0.04027777777777778 0.034722222222222224
2 0.06597222222222222 0.016493055555555556 0.05416666666666667 0.029513888888888888
2 0.29583333333333334 0.24913194444444445 0.08055555555555556 0.1371527777777778
1 0.49722222222222223 0.4730902777777778 0.03333333333333333 0.043402777777777776
