2 0.03888888888888889 0.16927083333333334 0.075 0.0920138888888889
2 0.26458333333333334 0.15104166666666666 0.07083333333333333 0.09027777777777778
2 0.11458333333333333 0.2795138888888889 0.059722222222222225 0.08333333333333333
2 0.058333333333333334 0.4756944444444444 0.07222222222222222 0.09027777777777778
2 0.24375 0.5572916666666666 0.06527777777777778 0.08333333333333333
2 0.2847222222222222 0.6822916666666666 0.06944444444444445 0.09027777777777778
2 0.39652777777777776 0.6128472222222222 0.07083333333333333 0.09375
2 0.5097222222222222 0.421875 0.08055555555555556 0.08680555555555555
2 0.475 0.5616319444444444 0.08055555555555556 0.0920138888888889
0 0.7201388888888889 0.3307291666666667 0.06805555555555555 0.109375
2 0.7604166666666666 0.4982638888888889 0.06805555555555555 0.08680555555555555
2 0.9680555555555556 0.2717013888888889 0.058333333333333334 0.10243055555555555
2 0.8423611111111111 0.7977430555555556 0.0625 0.10243055555555555
2 0.9263888888888889 0.8862847222222222 0.06666666666666667 0.10590277777777778
1 0.30486111111111114 0.23350694444444445 0.0625 0.0642361111111111
1 0.8472222222222222 0.6388888888888888 0.044444444444444446 0.059027777777777776
7 0.5173611111111112 0.07378472222222222 0.05416666666666667 0.07465277777777778
1 0.7020833333333333 0.5251736111111112 0.05694444444444444 0.07465277777777778
1 0.9847222222222223 0.21006944444444445 0.030555555555555555 0.0625
