2 0.025 0.3315972222222222 0.04722222222222222 0.10416666666666667
2 0.21805555555555556 0.23524305555555555 0.06944444444444445 0.08506944444444445
2 0.36875 0.1449652777777778 0.06805555555555555 0.08159722222222222
2 0.42291666666666666 0.3046875 0.0625 0.0954861111111111
2 0.3215277777777778 0.4453125 0.08194444444444444 0.08159722222222222
2 0.35 0.3888888888888889 0.08611111111111111 0.09375
2 0.5048611111111111 0.2170138888888889 0.07361111111111111 0.10416666666666667
2 0.6041666666666666 0.203125 0.06944444444444445 0.10069444444444445
2 0.9652777777777778 0.1605902777777778 0.06944444444444445 0.10243055555555555
2 0.9645833333333333 0.058159722222222224 0.07083333333333333 0.08854166666666667
2 0.8986111111111111 0.03819444444444445 0.08333333333333333 0.07291666666666667
2 0.16458333333333333 0.5876736111111112 0.07083333333333333 0.08506944444444445
2 0.07777777777777778 0.703125 0.06944444444444445 0.09375
2 0.12013888888888889 0.8420138888888888 0.0763888888888889 0.09722222222222222
2 0.48055555555555557 0.5190972222222222 0.06388888888888888 0.10069444444444445
2 0.4875 0.6970486111111112 0.06111111111111111 0.10243055555555555
2 0.38472222222222224 0.8116319444444444 0.07777777777777778 0.08854166666666667
2 0.4951388888888889 0.8524305555555556 0.06805555555555555 0.09027777777777778
2 0.7041666666666667 0.8723958333333334 0.06944444444444445 0.109375
2 0.8888888888888888 0.7430555555555556 0.06944444444444445 0.08680555555555555
2 0.7965277777777777 0.7951388888888888 0.0625 0.09375
1 0.5638888888888889 0.5546875 0.044444444444444446 0.057291666666666664
0 0.31666666666666665 0.7309027777777778 0.06666666666666667 0.09027777777777778
0 0.21180555555555555 0.6388888888888888 0.06527777777777778 0.0798611111111111
0 0.7541666666666667 0.6961805555555556 0.06111111111111111 0.0798611111111111
1 0.4354166666666667 0.1953125 0.04861111111111111 0.06076388888888889
1 0.5402777777777777 0.8098958333333334 0.05 0.0642361111111111
2 0.8472222222222222 0.8168402777777778 0.05555555555555555 0.0954861111111111
2 0.6465277777777778 0.9722222222222222 0.06527777777777778 0.04513888888888889
0 0.6006944444444444 0.3723958333333333 0.0763888888888889 0.0920138888888889
2 0.9875 0.8975694444444444 0.025 0.1076388888888889
7 0.7409722222222223 0.9835069444444444 0.05694444444444444 0.026041666666666668
