1 0.08125 0.0234375 0.04583333333333333 0.043402777777777776
1 0.08819444444444445 0.07725694444444445 0.04027777777777778 0.05381944444444445
1 0.20555555555555555 0.17881944444444445 0.05 0.059027777777777776
1 0.16875 0.025173611111111112 0.04583333333333333 0.046875
1 0.21666666666666667 0.018229166666666668 0.03611111111111111 0.03298611111111111
1 0.3298611111111111 0.07291666666666667 0.04583333333333333 0.059027777777777776
1 0.4076388888888889 0.06510416666666667 0.04583333333333333 0.057291666666666664
1 0.3909722222222222 0.1371527777777778 0.04861111111111111 0.0625
1 0.44930555555555557 0.021701388888888888 0.04027777777777778 0.03993055555555555
1 0.5111111111111111 0.1545138888888889 0.04722222222222222 0.06944444444444445
1 0.5409722222222222 0.3645833333333333 0.04861111111111111 0.05555555555555555
1 0.42291666666666666 0.4322916666666667 0.043055555555555555 0.059027777777777776
1 0.1 0.3012152777777778 0.04722222222222222 0.06076388888888889
1 0.21597222222222223 0.4262152777777778 0.04861111111111111 0.06076388888888889
1 0.16944444444444445 0.5303819444444444 0.04722222222222222 0.057291666666666664
1 0.34375 0.5746527777777778 0.05138888888888889 0.0625
1 0.14652777777777778 0.6371527777777778 0.05694444444444444 0.059027777777777776
1 0.1763888888888889 0.5928819444444444 0.05 0.06076388888888889
1 0.19652777777777777 0.6631944444444444 0.05416666666666667 0.0625
1 0.3680555555555556 0.6206597222222222 0.044444444444444446 0.057291666666666664
1 0.32569444444444445 0.2517361111111111 0.04861111111111111 0.06597222222222222
1 0.44166666666666665 0.46875 0.044444444444444446 0.059027777777777776
1 0.05277777777777778 0.7638888888888888 0.041666666666666664 0.059027777777777776
1 0.15208333333333332 0.7881944444444444 0.04027777777777778 0.052083333333333336
1 0.12222222222222222 0.7595486111111112 0.04722222222222222 0.057291666666666664
1 0.1423611111111111 0.9392361111111112 0.04861111111111111 0.0625
1 0.20972222222222223 0.828125 0.05277777777777778 0.0625
1 0.22013888888888888 0.8967013888888888 0.04861111111111111 0.0642361111111111
1 0.33125 0.8081597222222222 0.043055555555555555 0.06076388888888889
1 0.26944444444444443 0.9756944444444444 0.04722222222222222 0.041666666666666664
1 0.33055555555555555 0.9722222222222222 0.041666666666666664 0.05555555555555555
1 0.7777777777777778 0.1796875 0.04722222222222222 0.057291666666666664
1 0.7618055555555555 0.23697916666666666 0.043055555555555555 0.057291666666666664
1 0.6944444444444444 0.2795138888888889 0.04722222222222222 0.059027777777777776
1 0.7430555555555556 0.3697916666666667 0.044444444444444446 0.0625
1 0.6819444444444445 0.390625 0.044444444444444446 0.0625
1 0.7993055555555556 0.4635416666666667 0.043055555555555555 0.0625
1 0.8361111111111111 0.4539930555555556 0.03888888888888889 0.06770833333333333
1 0.9770833333333333 0.5182291666666666 0.043055555555555555 0.0642361111111111
1 0.5076388888888889 0.5607638888888888 0.04861111111111111 0.059027777777777776
1 0.5729166666666666 0.5729166666666666 0.04861111111111111 0.059027777777777776
1 0.6576388888888889 0.6267361111111112 0.04583333333333333 0.059027777777777776
1 0.5243055555555556 0.6145833333333334 0.04583333333333333 0.05555555555555555
1 0.5902777777777778 0.6597222222222222 0.044444444444444446 0.059027777777777776
1 0.5777777777777777 0.7118055555555556 0.03888888888888889 0.05555555555555555
1 0.9458333333333333 0.7647569444444444 0.041666666666666664 0.0642361111111111
1 0.7277777777777777 0.8732638888888888 0.04722222222222222 0.06597222222222222
1 0.7138888888888889 0.9730902777777778 0.044444444444444446 0.03993055555555555
1 0.8236111111111111 0.9227430555555556 0.05 0.0642361111111111
1 0.8916666666666667 0.8914930555555556 0.044444444444444446 0.06076388888888889
1 0.9020833333333333 0.9453125 0.04583333333333333 0.057291666666666664
