1 0.3388888888888889 0.0842013888888889 0.06111111111111111 0.07465277777777778
1 0.2388888888888889 0.7907986111111112 0.05277777777777778 0.06770833333333333
1 0.48194444444444445 0.4626736111111111 0.044444444444444446 0.057291666666666664
1 0.5763888888888888 0.17881944444444445 0.041666666666666664 0.04513888888888889
1 0.58125 0.11805555555555555 0.0375 0.052083333333333336
1 0.9875 0.4869791666666667 0.025 0.0642361111111111
0 0.24027777777777778 0.4939236111111111 0.07222222222222222 0.09895833333333333
6 0.11597222222222223 0.2934027777777778 0.22916666666666666 0.3715277777777778
6 0.5229166666666667 0.3385416666666667 0.3347222222222222 0.25
0 0.5277777777777778 0.1987847222222222 0.07222222222222222 0.08506944444444445
0 0.0763888888888889 0.6154513888888888 0.07777777777777778 0.10590277777777778
0 0.83125 0.7152777777777778 0.08194444444444444 0.09027777777777778
7 0.025694444444444443 0.043402777777777776 0.04861111111111111 0.0625
