5 0.9076388888888889 0.8663194444444444 0.034722222222222224 0.04861111111111111
5 0.8076388888888889 0.7352430555555556 0.04027777777777778 0.050347222222222224
5 0.8006944444444445 0.9010416666666666 0.043055555555555555 0.05555555555555555
5 0.8972222222222223 0.3732638888888889 0.03888888888888889 0.041666666666666664
5 0.8090277777777778 0.03125 0.04583333333333333 0.05555555555555555
6 0.8423611111111111 0.4097222222222222 0.2569444444444444 0.375
5 0.6444444444444445 0.6458333333333334 0.03611111111111111 0.041666666666666664
5 0.8479166666666667 0.6553819444444444 0.0375 0.046875
0 0.9395833333333333 0.9453125 0.07083333333333333 0.078125
0 0.49166666666666664 0.1267361111111111 0.07777777777777778 0.0763888888888889
