2 0.2423611111111111 0.4166666666666667 0.0763888888888889 0.09027777777777778
2 0.16458333333333333 0.6918402777777778 0.07916666666666666 0.08506944444444445
2 0.1388888888888889 0.8550347222222222 0.07222222222222222 0.0920138888888889
2 0.5576388888888889 0.3802083333333333 0.07083333333333333 0.08680555555555555
2 0.7097222222222223 0.20052083333333334 0.075 0.10590277777777778
2 0.7479166666666667 0.2916666666666667 0.06527777777777778 0.10069444444444445
2 0.8430555555555556 0.3897569444444444 0.06944444444444445 0.0954861111111111
2 0.9118055555555555 0.3732638888888889 0.04861111111111111 0.0763888888888889
2 0.81875 0.5954861111111112 0.07916666666666666 0.10416666666666667
2 0.71875 0.6258680555555556 0.06805555555555555 0.08506944444444445
2 0.9090277777777778 0.796875 0.0625 0.0798611111111111
2 0.8375 0.8394097222222222 0.08055555555555556 0.08854166666666667
2 0.7798611111111111 0.9618055555555556 0.07916666666666666 0.0625
2 0.4909722222222222 0.8758680555555556 0.08472222222222223 0.1232638888888889
2 0.5590277777777778 0.9661458333333334 0.07083333333333333 0.06076388888888889
2 0.016666666666666666 0.4765625 0.030555555555555555 0.0920138888888889
2 0.025 0.13802083333333334 0.04722222222222222 0.078125
2 0.6701388888888888 0.022569444444444444 0.07083333333333333 0.041666666666666664
0 0.9743055555555555 0.3185763888888889 0.05138888888888889 0.10243055555555555
2 0.8666666666666667 0.5355902777777778 0.06111111111111111 0.08854166666666667
2 0.7694444444444445 0.8585069444444444 0.06666666666666667 0.08506944444444445
2 0.7673611111111112 0.6388888888888888 0.04861111111111111 0.06597222222222222
1 0.4111111111111111 0.6762152777777778 0.05 0.06770833333333333
1 0.27847222222222223 0.8411458333333334 0.04861111111111111 0.0642361111111111
0 0.19791666666666666 0.8836805555555556 0.06527777777777778 0.0763888888888889
2 0.01875 0.2682291666666667 0.034722222222222224 0.10243055555555555
0 0.6618055555555555 0.2942708333333333 0.05416666666666667 0.07465277777777778
7 0.6736111111111112 0.9756944444444444 0.044444444444444446 0.04861111111111111
2 0.1951388888888889 0.9826388888888888 0.059722222222222225 0.03125
2 0.2826388888888889 0.9835069444444444 0.04861111111111111 0.022569444444444444
