2 0.3854166666666667 0.3368055555555556 0.0763888888888889 0.1076388888888889
2 0.61875 0.06770833333333333 0.08472222222222223 0.09027777777777778
2 0.8798611111111111 0.08940972222222222 0.06527777777777778 0.08854166666666667
2 0.79375 0.2612847222222222 0.06527777777777778 0.0920138888888889
2 0.9479166666666666 0.3758680555555556 0.06805555555555555 0.09895833333333333
2 0.9013888888888889 0.6501736111111112 0.075 0.09895833333333333
2 0.40625 0.6901041666666666 0.06527777777777778 0.07465277777777778
2 0.2604166666666667 0.7022569444444444 0.0625 0.10243055555555555
2 0.6465277777777778 0.8897569444444444 0.07083333333333333 0.0920138888888889
0 0.8256944444444444 0.9375 0.0625 0.09722222222222222
2 0.9798611111111111 0.09288194444444445 0.04027777777777778 0.0920138888888889
0 0.4986111111111111 0.375 0.06666666666666667 0.08680555555555555
0 0.83125 0.6067708333333334 0.06527777777777778 0.0954861111111111
0 0.8548611111111111 0.7786458333333334 0.08472222222222223 0.10590277777777778
0 0.64375 0.4921875 0.0625 0.08854166666666667
0 0.15486111111111112 0.8272569444444444 0.05694444444444444 0.08159722222222222
2 0.1451388888888889 0.3845486111111111 0.06805555555555555 0.08854166666666667
2 0.7979166666666667 0.07725694444444445 0.0625 0.08506944444444445
2 0.43125 0.8194444444444444 0.059722222222222225 0.08680555555555555
1 0.4722222222222222 0.014756944444444444 0.058333333333333334 0.026041666666666668
0 0.9270833333333334 0.015625 0.05694444444444444 0.027777777777777776
1 0.9722222222222222 0.8489583333333334 0.044444444444444446 0.059027777777777776
7 0.9736111111111111 0.9019097222222222 0.05277777777777778 0.046875
7 0.9833333333333333 0.9765625 0.03333333333333333 0.03298611111111111
2 0.022222222222222223 0.9696180555555556 0.041666666666666664 0.057291666666666664
7 0.6256944444444444 0.5590277777777778 0.04583333333333333 0.05555555555555555
2 0.9881944444444445 0.3975694444444444 0.02361111111111111 0.0763888888888889
