2 0.10347222222222222 0.5078125 0.06805555555555555 0.09895833333333333
2 0.6534722222222222 0.14583333333333334 0.07361111111111111 0.09027777777777778
2 0.6701388888888888 0.058159722222222224 0.08472222222222223 0.08159722222222222
2 0.9076388888888889 0.15711805555555555 0.07083333333333333 0.09895833333333333
2 0.9131944444444444 0.3732638888888889 0.09027777777777778 0.09722222222222222
2 0.16944444444444445 0.2517361111111111 0.07222222222222222 0.09375
2 0.22916666666666666 0.3237847222222222 0.06388888888888888 0.08159722222222222
2 0.4618055555555556 0.3914930555555556 0.0763888888888889 0.10243055555555555
2 0.6333333333333333 0.7578125 0.075 0.10243055555555555
2 0.8256944444444444 0.035590277777777776 0.07361111111111111 0.06770833333333333
2 0.6208333333333333 0.5538194444444444 0.06111111111111111 0.08680555555555555
2 0.5368055555555555 0.6362847222222222 0.07361111111111111 0.06770833333333333
2 0.7590277777777777 0.5972222222222222 0.06805555555555555 0.08333333333333333
2 0.5263888888888889 0.5407986111111112 0.06111111111111111 0.078125
0 0.9805555555555555 0.2265625 0.03888888888888889 0.0920138888888889
2 0.7819444444444444 0.5486111111111112 0.06111111111111111 0.08680555555555555
1 0.8965277777777778 0.9184027777777778 0.04583333333333333 0.05555555555555555
2 0.9402777777777778 0.9756944444444444 0.05555555555555555 0.03819444444444445
7 0.5618055555555556 0.59375 0.0625 0.06944444444444445
