1 0.07083333333333333 0.3567708333333333 0.05555555555555555 0.07118055555555555
1 0.18333333333333332 0.3984375 0.06388888888888888 0.08159722222222222
1 0.3159722222222222 0.6241319444444444 0.059722222222222225 0.078125
1 0.18333333333333332 0.19270833333333334 0.05555555555555555 0.07291666666666667
1 0.3861111111111111 0.4800347222222222 0.04722222222222222 0.0642361111111111
1 0.4736111111111111 0.4296875 0.05555555555555555 0.078125
1 0.8465277777777778 0.2534722222222222 0.05416666666666667 0.06597222222222222
1 0.6458333333333334 0.03732638888888889 0.06111111111111111 0.06076388888888889
1 0.8673611111111111 0.6579861111111112 0.05694444444444444 0.07291666666666667
1 0.8479166666666667 0.4053819444444444 0.05138888888888889 0.07465277777777778
1 0.3013888888888889 0.3246527777777778 0.05277777777777778 0.06597222222222222
