1 0.19305555555555556 0.2786458333333333 0.05277777777777778 0.07465277777777778
1 0.6645833333333333 0.3394097222222222 0.0625 0.07465277777777778
1 0.027777777777777776 0.4982638888888889 0.05277777777777778 0.0763888888888889
1 0.26805555555555555 0.6571180555555556 0.05555555555555555 0.06770833333333333
1 0.04097222222222222 0.7734375 0.043055555555555555 0.06076388888888889
1 0.475 0.1111111111111111 0.05 0.0625
1 0.37222222222222223 0.7326388888888888 0.06388888888888888 0.07291666666666667
1 0.6930555555555555 0.5746527777777778 0.05555555555555555 0.06944444444444445
1 0.89375 0.578125 0.059722222222222225 0.07291666666666667
1 0.7027777777777777 0.8394097222222222 0.05277777777777778 0.0642361111111111
1 0.9680555555555556 0.7352430555555556 0.058333333333333334 0.07465277777777778
1 0.6680555555555555 0.9609375 0.058333333333333334 0.0642361111111111
1 0.8923611111111112 0.9522569444444444 0.059722222222222225 0.07465277777777778
