1 0.12013888888888889 0.5911458333333334 0.05416666666666667 0.07118055555555555
1 0.16666666666666666 0.6935763888888888 0.05555555555555555 0.06770833333333333
1 0.1125 0.8472222222222222 0.06111111111111111 0.0798611111111111
1 0.5416666666666666 0.9166666666666666 0.05 0.0625
1 0.5173611111111112 0.9539930555555556 0.059722222222222225 0.06770833333333333
1 0.5840277777777778 0.4184027777777778 0.05416666666666667 0.0763888888888889
1 0.6243055555555556 0.3142361111111111 0.05694444444444444 0.07291666666666667
1 0.6729166666666667 0.0920138888888889 0.05416666666666667 0.06597222222222222
1 0.8861111111111111 0.9678819444444444 0.06388888888888888 0.06076388888888889
0 0.1597222222222222 0.1796875 0.08055555555555556 0.09895833333333333
1 0.45416666666666666 0.06510416666666667 0.05277777777777778 0.06770833333333333
1 0.22777777777777777 0.6701388888888888 0.04722222222222222 0.059027777777777776
0 0.7048611111111112 0.014756944444444444 0.06805555555555555 0.026041666666666668
