6 0.17777777777777778 0.06944444444444445 0.05555555555555555 0.059027777777777776
6 0.39652777777777776 0.5069444444444444 0.0625 0.059027777777777776
6 0.4 0.5564236111111112 0.075 0.057291666666666664
6 0.8493055555555555 0.08506944444444445 0.07361111111111111 0.06944444444444445
6 0.6916666666666667 0.5147569444444444 0.11388888888888889 0.10243055555555555
6 0.40694444444444444 0.8211805555555556 0.06666666666666667 0.1111111111111111
6 0.4513888888888889 0.7552083333333334 0.07222222222222222 0.0763888888888889
6 0.2923611111111111 0.2725694444444444 0.0875 0.1111111111111111
6 0.2152777777777778 0.8550347222222222 0.06666666666666667 0.08506944444444445
6 0.8277777777777777 0.4105902777777778 0.05277777777777778 0.06770833333333333
6 0.9055555555555556 0.4800347222222222 0.06388888888888888 0.078125
6 0.18819444444444444 0.4730902777777778 0.07083333333333333 0.06770833333333333
6 0.08611111111111111 0.7282986111111112 0.06666666666666667 0.0920138888888889
6 0.1388888888888889 0.8220486111111112 0.08055555555555556 0.109375
6 0.01875 0.2821180555555556 0.034722222222222224 0.08159722222222222
6 0.9694444444444444 0.5277777777777778 0.03611111111111111 0.04513888888888889
