2 0.4465277777777778 0.11371527777777778 0.07916666666666666 0.09895833333333333
2 0.30833333333333335 0.049479166666666664 0.08888888888888889 0.08506944444444445
2 0.68125 0.04600694444444445 0.0763888888888889 0.08854166666666667
2 0.6986111111111111 0.17447916666666666 0.06666666666666667 0.09895833333333333
2 0.8409722222222222 0.0859375 0.07361111111111111 0.0954861111111111
2 0.9631944444444445 0.140625 0.07361111111111111 0.10069444444444445
2 0.5930555555555556 0.1857638888888889 0.06944444444444445 0.10416666666666667
2 0.12569444444444444 0.036458333333333336 0.07916666666666666 0.06944444444444445
2 0.0875 0.5607638888888888 0.06944444444444445 0.09027777777777778
2 0.14444444444444443 0.6388888888888888 0.08888888888888889 0.10069444444444445
2 0.5527777777777778 0.8307291666666666 0.08333333333333333 0.09895833333333333
2 0.7222222222222222 0.7951388888888888 0.06388888888888888 0.09722222222222222
2 0.6569444444444444 0.4939236111111111 0.06388888888888888 0.08159722222222222
2 0.5215277777777778 0.2664930555555556 0.06805555555555555 0.078125
2 0.31180555555555556 0.3454861111111111 0.07361111111111111 0.08333333333333333
2 0.8256944444444444 0.6883680555555556 0.06527777777777778 0.10243055555555555
2 0.7743055555555556 0.9487847222222222 0.07361111111111111 0.09895833333333333
2 0.025694444444444443 0.8628472222222222 0.04861111111111111 0.09722222222222222
2 0.022916666666666665 0.6241319444444444 0.043055555555555555 0.0920138888888889
2 0.06458333333333334 0.9296875 0.0763888888888889 0.0954861111111111
2 0.7993055555555556 0.3958333333333333 0.06527777777777778 0.09722222222222222
0 0.9319444444444445 0.9496527777777778 0.05555555555555555 0.07291666666666667
1 0.6333333333333333 0.7699652777777778 0.03888888888888889 0.057291666666666664
1 0.6527777777777778 0.8107638888888888 0.03611111111111111 0.04861111111111111
1 0.575 0.057291666666666664 0.041666666666666664 0.04861111111111111
1 0.55625 0.10069444444444445 0.05138888888888889 0.059027777777777776
2 0.3013888888888889 0.9331597222222222 0.06666666666666667 0.08159722222222222
1 0.96875 0.5711805555555556 0.043055555555555555 0.04861111111111111
