1 0.06111111111111111 0.15364583333333334 0.06666666666666667 0.08159722222222222
1 0.23333333333333334 0.3402777777777778 0.06111111111111111 0.06944444444444445
1 0.22569444444444445 0.6710069444444444 0.05416666666666667 0.0642361111111111
1 0.11805555555555555 0.7977430555555556 0.06111111111111111 0.07465277777777778
1 0.08194444444444444 0.9348958333333334 0.05277777777777778 0.07465277777777778
1 0.3972222222222222 0.8715277777777778 0.06111111111111111 0.0798611111111111
1 0.5326388888888889 0.8637152777777778 0.059722222222222225 0.07465277777777778
1 0.61875 0.6571180555555556 0.05138888888888889 0.07465277777777778
1 0.6298611111111111 0.5329861111111112 0.05416666666666667 0.06944444444444445
1 0.8541666666666666 0.5581597222222222 0.06111111111111111 0.07118055555555555
1 0.2048611111111111 0.07725694444444445 0.05694444444444444 0.07465277777777778
1 0.33125 0.13802083333333334 0.0625 0.07118055555555555
1 0.9472222222222222 0.4461805555555556 0.05277777777777778 0.0763888888888889
1 0.9201388888888888 0.7447916666666666 0.059722222222222225 0.059027777777777776
