1 0.13055555555555556 0.049479166666666664 0.05277777777777778 0.06076388888888889
1 0.18194444444444444 0.1684027777777778 0.058333333333333334 0.07291666666666667
1 0.20694444444444443 0.2960069444444444 0.05555555555555555 0.07118055555555555
1 0.44722222222222224 0.3046875 0.058333333333333334 0.07118055555555555
1 0.6486111111111111 0.13541666666666666 0.06111111111111111 0.07291666666666667
1 0.8090277777777778 0.2326388888888889 0.06527777777777778 0.0763888888888889
1 0.9555555555555556 0.1267361111111111 0.06666666666666667 0.06944444444444445
1 0.94375 0.2092013888888889 0.059722222222222225 0.07118055555555555
1 0.6013888888888889 0.6493055555555556 0.06111111111111111 0.06597222222222222
1 0.5020833333333333 0.8194444444444444 0.05416666666666667 0.07291666666666667
1 0.64375 0.7274305555555556 0.0625 0.06597222222222222
1 0.7131944444444445 0.796875 0.0625 0.0625
1 0.6416666666666667 0.8489583333333334 0.075 0.0798611111111111
