1 0.09027777777777778 0.14583333333333334 0.05 0.06597222222222222
1 0.14027777777777778 0.14583333333333334 0.05 0.0625
1 0.18472222222222223 0.15104166666666666 0.05 0.06597222222222222
1 0.19583333333333333 0.25 0.05555555555555555 0.06597222222222222
1 0.16041666666666668 0.4305555555555556 0.05694444444444444 0.06597222222222222
1 0.07916666666666666 0.5390625 0.058333333333333334 0.0642361111111111
1 0.024305555555555556 0.5876736111111112 0.04583333333333333 0.06076388888888889
1 0.2048611111111111 0.6597222222222222 0.059722222222222225 0.06944444444444445
1 0.47291666666666665 0.1293402777777778 0.05416666666666667 0.06770833333333333
1 0.34652777777777777 0.1605902777777778 0.05138888888888889 0.0642361111111111
1 0.37430555555555556 0.20052083333333334 0.05138888888888889 0.06076388888888889
1 0.41944444444444445 0.3220486111111111 0.05277777777777778 0.06770833333333333
1 0.36736111111111114 0.3402777777777778 0.05416666666666667 0.06597222222222222
1 0.2361111111111111 0.4479166666666667 0.06666666666666667 0.06597222222222222
1 0.3402777777777778 0.4626736111111111 0.06111111111111111 0.07118055555555555
1 0.025694444444444443 0.9748263888888888 0.04861111111111111 0.046875
1 0.2916666666666667 0.9435763888888888 0.06111111111111111 0.07118055555555555
1 0.3125 0.6640625 0.05555555555555555 0.06770833333333333
1 0.3138888888888889 0.7213541666666666 0.06944444444444445 0.08159722222222222
1 0.4222222222222222 0.7595486111111112 0.06111111111111111 0.07465277777777778
1 0.49166666666666664 0.9131944444444444 0.06111111111111111 0.07291666666666667
1 0.4131944444444444 0.3949652777777778 0.05694444444444444 0.06770833333333333
1 0.5215277777777778 0.3133680555555556 0.05694444444444444 0.0642361111111111
3 0.4791666666666667 0.4244791666666667 0.058333333333333334 0.07465277777777778
1 0.4965277777777778 0.5104166666666666 0.06805555555555555 0.06597222222222222
1 0.7638888888888888 0.0998263888888889 0.06388888888888888 0.06076388888888889
1 0.8444444444444444 0.0546875 0.05555555555555555 0.0642361111111111
1 0.8708333333333333 0.0842013888888889 0.05277777777777778 0.07118055555555555
1 0.9152777777777777 0.18489583333333334 0.05555555555555555 0.0642361111111111
1 0.8409722222222222 0.2604166666666667 0.05694444444444444 0.06944444444444445
1 0.9229166666666667 0.2526041666666667 0.06527777777777778 0.07465277777777778
1 0.8201388888888889 0.4505208333333333 0.05694444444444444 0.078125
1 0.7923611111111111 0.5546875 0.0625 0.07118055555555555
1 0.8506944444444444 0.6536458333333334 0.06527777777777778 0.08159722222222222
1 0.9618055555555556 0.6501736111111112 0.0625 0.07465277777777778
1 0.8034722222222223 0.8125 0.06527777777777778 0.06944444444444445
1 0.6756944444444445 0.9635416666666666 0.06527777777777778 0.05555555555555555
1 0.9791666666666666 0.8810763888888888 0.041666666666666664 0.07118055555555555
7 0.07361111111111111 0.4071180555555556 0.05555555555555555 0.08159722222222222
1 0.48333333333333334 0.011284722222222222 0.04722222222222222 0.019097222222222224
