0 0.5909722222222222 0.1762152777777778 0.07083333333333333 0.0920138888888889
0 0.4548611111111111 0.5703125 0.08194444444444444 0.0954861111111111
0 0.5756944444444444 0.8263888888888888 0.06805555555555555 0.09722222222222222
5 0.08541666666666667 0.5824652777777778 0.043055555555555555 0.06076388888888889
5 0.02361111111111111 0.8489583333333334 0.03611111111111111 0.041666666666666664
5 0.23125 0.6302083333333334 0.034722222222222224 0.041666666666666664
5 0.28888888888888886 0.7413194444444444 0.03611111111111111 0.04861111111111111
5 0.8083333333333333 0.5598958333333334 0.044444444444444446 0.050347222222222224
0 0.8381944444444445 0.8958333333333334 0.06527777777777778 0.06597222222222222
5 0.4395833333333333 0.7560763888888888 0.034722222222222224 0.03298611111111111
6 0.3909722222222222 0.22135416666666666 0.31527777777777777 0.4392361111111111
7 0.8708333333333333 0.1467013888888889 0.03611111111111111 0.046875
5 0.24375 0.8637152777777778 0.029166666666666667 0.043402777777777776
5 0.25555555555555554 0.8776041666666666 0.03611111111111111 0.046875
