2 0.41875 0.3394097222222222 0.08194444444444444 0.08159722222222222
2 0.6916666666666667 0.3402777777777778 0.07777777777777778 0.09375
2 0.7930555555555555 0.2534722222222222 0.075 0.10416666666666667
2 0.8965277777777778 0.2855902777777778 0.07083333333333333 0.0954861111111111
2 0.9388888888888889 0.025173611111111112 0.06944444444444445 0.046875
2 0.4131944444444444 0.4861111111111111 0.0763888888888889 0.08680555555555555
2 0.28194444444444444 0.4696180555555556 0.08888888888888889 0.078125
2 0.13402777777777777 0.7769097222222222 0.09027777777777778 0.08854166666666667
2 0.5208333333333334 0.7734375 0.07222222222222222 0.11631944444444445
2 0.035416666666666666 0.8498263888888888 0.0625 0.08159722222222222
1 0.30833333333333335 0.5243055555555556 0.04722222222222222 0.059027777777777776
1 0.225 0.3888888888888889 0.04722222222222222 0.059027777777777776
1 0.2743055555555556 0.21875 0.043055555555555555 0.05555555555555555
1 0.6569444444444444 0.6345486111111112 0.041666666666666664 0.0642361111111111
2 0.44930555555555557 0.033854166666666664 0.07083333333333333 0.0642361111111111
1 0.8215277777777777 0.9626736111111112 0.05416666666666667 0.057291666666666664
0 0.21666666666666667 0.9756944444444444 0.07777777777777778 0.03819444444444445
1 0.21666666666666667 0.8125 0.05 0.059027777777777776
1 0.12569444444444444 0.9765625 0.05138888888888889 0.036458333333333336
2 0.018055555555555554 0.3888888888888889 0.03333333333333333 0.0763888888888889
7 0.09861111111111111 0.013020833333333334 0.044444444444444446 0.022569444444444444
7 0.7979166666666667 0.013888888888888888 0.06527777777777778 0.024305555555555556
