1 0.014583333333333334 0.05295138888888889 0.02638888888888889 0.06770833333333333
1 0.20972222222222223 0.0234375 0.05 0.043402777777777776
1 0.27291666666666664 0.020833333333333332 0.04583333333333333 0.03819444444444445
1 0.4875 0.04774305555555555 0.041666666666666664 0.057291666666666664
1 0.15347222222222223 0.12065972222222222 0.05138888888888889 0.06076388888888889
1 0.08611111111111111 0.1779513888888889 0.05555555555555555 0.06076388888888889
1 0.19375 0.2456597222222222 0.04583333333333333 0.05381944444444445
1 0.25555555555555554 0.2821180555555556 0.05 0.057291666666666664
1 0.42430555555555555 0.2890625 0.04027777777777778 0.05381944444444445
1 0.3506944444444444 0.3515625 0.0375 0.057291666666666664
1 0.5791666666666667 0.18836805555555555 0.044444444444444446 0.06076388888888889
1 0.6097222222222223 0.109375 0.041666666666666664 0.052083333333333336
1 0.6631944444444444 0.13802083333333334 0.04027777777777778 0.05381944444444445
1 0.7333333333333333 0.16493055555555555 0.044444444444444446 0.05555555555555555
1 0.8055555555555556 0.13802083333333334 0.044444444444444446 0.057291666666666664
1 0.6444444444444445 0.2673611111111111 0.041666666666666664 0.05555555555555555
1 0.7340277777777777 0.234375 0.043055555555555555 0.05555555555555555
1 0.7840277777777778 0.3133680555555556 0.04861111111111111 0.06770833333333333
1 0.6729166666666667 0.3315972222222222 0.0375 0.05555555555555555
1 0.5138888888888888 0.3506944444444444 0.041666666666666664 0.059027777777777776
1 0.03125 0.4852430555555556 0.04861111111111111 0.0642361111111111
1 0.1125 0.4236111111111111 0.041666666666666664 0.0625
1 0.20972222222222223 0.4444444444444444 0.044444444444444446 0.059027777777777776
1 0.15625 0.4479166666666667 0.04861111111111111 0.06597222222222222
1 0.5465277777777777 0.4444444444444444 0.04027777777777778 0.052083333333333336
1 0.5069444444444444 0.4991319444444444 0.044444444444444446 0.06076388888888889
1 0.06805555555555555 0.6935763888888888 0.05277777777777778 0.06770833333333333
1 0.225 0.6284722222222222 0.041666666666666664 0.059027777777777776
1 0.2798611111111111 0.6354166666666666 0.043055555555555555 0.059027777777777776
1 0.37083333333333335 0.6493055555555556 0.044444444444444446 0.059027777777777776
1 0.3215277777777778 0.7699652777777778 0.04861111111111111 0.06076388888888889
1 0.12361111111111112 0.8090277777777778 0.04722222222222222 0.0625
1 0.03680555555555556 0.7873263888888888 0.05138888888888889 0.0642361111111111
1 0.05625 0.8654513888888888 0.04861111111111111 0.0642361111111111
1 0.10347222222222222 0.9123263888888888 0.04861111111111111 0.0642361111111111
1 0.04861111111111111 0.9236111111111112 0.05277777777777778 0.0625
1 0.37083333333333335 0.9756944444444444 0.044444444444444446 0.041666666666666664
1 0.5097222222222222 0.5590277777777778 0.044444444444444446 0.05555555555555555
1 0.5638888888888889 0.5460069444444444 0.044444444444444446 0.057291666666666664
1 0.9368055555555556 0.4331597222222222 0.043055555555555555 0.06076388888888889
1 0.9736111111111111 0.4505208333333333 0.044444444444444446 0.05381944444444445
1 0.9458333333333333 0.5095486111111112 0.041666666666666664 0.06076388888888889
1 0.9069444444444444 0.5486111111111112 0.041666666666666664 0.05555555555555555
1 0.7 0.6875 0.044444444444444446 0.0625
1 0.5465277777777777 0.6623263888888888 0.04027777777777778 0.050347222222222224
1 0.8645833333333334 0.6857638888888888 0.043055555555555555 0.052083333333333336
1 0.8777777777777778 0.7395833333333334 0.03888888888888889 0.05555555555555555
1 0.8555555555555555 0.8967013888888888 0.03888888888888889 0.06076388888888889
1 0.9375 0.9288194444444444 0.044444444444444446 0.05555555555555555
3 0.5840277777777778 0.6206597222222222 0.04583333333333333 0.057291666666666664
3 0.8243055555555555 0.6501736111111112 0.043055555555555555 0.050347222222222224
