6 0.30277777777777776 0.3385416666666667 0.08333333333333333 0.09027777777777778
6 0.11666666666666667 0.2144097222222222 0.058333333333333334 0.08159722222222222
6 0.27361111111111114 0.058159722222222224 0.09722222222222222 0.11284722222222222
6 0.4673611111111111 0.5789930555555556 0.05694444444444444 0.09895833333333333
6 0.39375 0.5920138888888888 0.06527777777777778 0.0763888888888889
6 0.5409722222222222 0.6527777777777778 0.059722222222222225 0.08333333333333333
6 0.7333333333333333 0.6753472222222222 0.075 0.04861111111111111
6 0.7625 0.6085069444444444 0.06944444444444445 0.11631944444444445
6 0.84375 0.7760416666666666 0.07916666666666666 0.09027777777777778
6 0.9277777777777778 0.8550347222222222 0.09166666666666666 0.07465277777777778
6 0.9541666666666667 0.3220486111111111 0.06388888888888888 0.109375
6 0.8986111111111111 0.21614583333333334 0.08611111111111111 0.07465277777777778
6 0.8020833333333334 0.08072916666666667 0.06805555555555555 0.11284722222222222
6 0.3645833333333333 0.059027777777777776 0.05694444444444444 0.0763888888888889
6 0.03333333333333333 0.2552083333333333 0.05555555555555555 0.06597222222222222
