2 0.16944444444444445 0.0685763888888889 0.075 0.109375
2 0.03888888888888889 0.3975694444444444 0.06111111111111111 0.08680555555555555
2 0.23194444444444445 0.4930555555555556 0.08611111111111111 0.09027777777777778
2 0.2263888888888889 0.6788194444444444 0.06388888888888888 0.09375
2 0.3194444444444444 0.609375 0.06666666666666667 0.08680555555555555
2 0.55 0.6050347222222222 0.06666666666666667 0.0920138888888889
2 0.6611111111111111 0.5885416666666666 0.08888888888888889 0.09027777777777778
2 0.8520833333333333 0.3689236111111111 0.0625 0.0920138888888889
2 0.9375 0.1675347222222222 0.07777777777777778 0.0954861111111111
2 0.8631944444444445 0.7230902777777778 0.07916666666666666 0.0920138888888889
2 0.9104166666666667 0.8524305555555556 0.06805555555555555 0.09722222222222222
2 0.3659722222222222 0.8975694444444444 0.07361111111111111 0.10069444444444445
0 0.4527777777777778 0.7413194444444444 0.06944444444444445 0.09375
2 0.3486111111111111 0.09461805555555555 0.06666666666666667 0.07118055555555555
0 0.24305555555555555 0.1684027777777778 0.058333333333333334 0.0763888888888889
0 0.9791666666666666 0.7230902777777778 0.041666666666666664 0.08506944444444445
2 0.45208333333333334 0.9279513888888888 0.0625 0.08159722222222222
1 0.9534722222222223 0.375 0.043055555555555555 0.059027777777777776
2 0.75625 0.029513888888888888 0.07083333333333333 0.05555555555555555
3 0.6888888888888889 0.1935763888888889 0.05555555555555555 0.06770833333333333
0 0.6138888888888889 0.3194444444444444 0.058333333333333334 0.0763888888888889
7 0.5875 0.4149305555555556 0.05 0.07291666666666667
