2 0.2111111111111111 0.3585069444444444 0.08333333333333333 0.10243055555555555
2 0.4548611111111111 0.21961805555555555 0.08472222222222223 0.10590277777777778
2 0.39791666666666664 0.3958333333333333 0.08194444444444444 0.1076388888888889
2 0.4847222222222222 0.5598958333333334 0.07777777777777778 0.10243055555555555
2 0.28680555555555554 0.6319444444444444 0.07916666666666666 0.09375
2 0.40347222222222223 0.7126736111111112 0.0625 0.11631944444444445
2 0.8215277777777777 0.5112847222222222 0.07361111111111111 0.13020833333333334
2 0.7541666666666667 0.11284722222222222 0.07777777777777778 0.09722222222222222
2 0.09583333333333334 0.4852430555555556 0.06111111111111111 0.0954861111111111
2 0.13472222222222222 0.5824652777777778 0.06388888888888888 0.11284722222222222
2 0.17152777777777778 0.7552083333333334 0.0625 0.08680555555555555
2 0.39166666666666666 0.90625 0.06944444444444445 0.09722222222222222
2 0.7326388888888888 0.7378472222222222 0.06527777777777778 0.10416666666666667
2 0.8020833333333334 0.7647569444444444 0.07083333333333333 0.10243055555555555
2 0.8638888888888889 0.8689236111111112 0.07777777777777778 0.08159722222222222
2 0.9354166666666667 0.9253472222222222 0.0625 0.08680555555555555
2 0.04513888888888889 0.9401041666666666 0.0763888888888889 0.0954861111111111
2 0.5215277777777778 0.03819444444444445 0.09861111111111111 0.07291666666666667
0 0.6027777777777777 0.8012152777777778 0.06666666666666667 0.08854166666666667
0 0.3625 0.2925347222222222 0.06944444444444445 0.08506944444444445
0 0.5972222222222222 0.9496527777777778 0.06944444444444445 0.07291666666666667
0 0.24027777777777778 0.9296875 0.06666666666666667 0.07118055555555555
0 0.3020833333333333 0.7717013888888888 0.06527777777777778 0.07118055555555555
1 0.9701388888888889 0.7673611111111112 0.043055555555555555 0.05555555555555555
2 0.47430555555555554 0.9713541666666666 0.0625 0.043402777777777776
2 0.9784722222222222 0.1892361111111111 0.043055555555555555 0.09722222222222222
2 0.9722222222222222 0.06597222222222222 0.05555555555555555 0.1111111111111111
0 0.48055555555555557 0.6423611111111112 0.06388888888888888 0.06597222222222222
2 0.2673611111111111 0.9713541666666666 0.04027777777777778 0.050347222222222224
7 0.89375 0.9618055555555556 0.05416666666666667 0.06944444444444445
2 0.015277777777777777 0.3697916666666667 0.027777777777777776 0.06597222222222222
2 0.016666666666666666 0.7100694444444444 0.030555555555555555 0.0763888888888889
7 0.7951388888888888 0.2465277777777778 0.059722222222222225 0.06944444444444445
2 0.6888888888888889 0.013020833333333334 0.041666666666666664 0.022569444444444444
1 0.7416666666666667 0.015625 0.03888888888888889 0.027777777777777776
1 0.8027777777777778 0.8715277777777778 0.041666666666666664 0.052083333333333336
1 0.9236111111111112 0.9722222222222222 0.05277777777777778 0.052083333333333336
