1 0.11458333333333333 0.019965277777777776 0.043055555555555555 0.036458333333333336
1 0.14375 0.059027777777777776 0.04861111111111111 0.059027777777777776
1 0.21319444444444444 0.1640625 0.04861111111111111 0.06076388888888889
1 0.30972222222222223 0.11284722222222222 0.05277777777777778 0.059027777777777776
1 0.3972222222222222 0.022569444444444444 0.044444444444444446 0.041666666666666664
1 0.022222222222222223 0.3706597222222222 0.041666666666666664 0.06076388888888889
1 0.10416666666666667 0.3368055555555556 0.05277777777777778 0.0625
1 0.10555555555555556 0.4782986111111111 0.05277777777777778 0.0642361111111111
1 0.23819444444444443 0.2899305555555556 0.04861111111111111 0.059027777777777776
1 0.3590277777777778 0.2942708333333333 0.043055555555555555 0.05381944444444445
1 0.49583333333333335 0.3845486111111111 0.044444444444444446 0.06076388888888889
1 0.5423611111111111 0.22135416666666666 0.04583333333333333 0.057291666666666664
1 0.5055555555555555 0.1032986111111111 0.044444444444444446 0.057291666666666664
1 0.42430555555555555 0.07899305555555555 0.04027777777777778 0.057291666666666664
1 0.36319444444444443 0.140625 0.05138888888888889 0.06597222222222222
1 0.46319444444444446 0.2074652777777778 0.04861111111111111 0.057291666666666664
1 0.6090277777777777 0.12586805555555555 0.043055555555555555 0.05381944444444445
1 0.80625 0.0390625 0.04583333333333333 0.057291666666666664
1 0.9118055555555555 0.049479166666666664 0.043055555555555555 0.057291666666666664
1 0.8090277777777778 0.17100694444444445 0.04583333333333333 0.06076388888888889
1 0.7270833333333333 0.2482638888888889 0.04583333333333333 0.05555555555555555
1 0.6743055555555556 0.07118055555555555 0.04027777777777778 0.05555555555555555
1 0.7104166666666667 0.1371527777777778 0.04027777777777778 0.059027777777777776
1 0.7041666666666667 0.0798611111111111 0.03611111111111111 0.052083333333333336
1 0.6590277777777778 0.17447916666666666 0.043055555555555555 0.057291666666666664
1 0.5881944444444445 0.2751736111111111 0.043055555555555555 0.06076388888888889
1 0.6722222222222223 0.3220486111111111 0.03888888888888889 0.06076388888888889
1 0.7916666666666666 0.3203125 0.041666666666666664 0.05381944444444445
1 0.7194444444444444 0.3776041666666667 0.04722222222222222 0.06076388888888889
1 0.2152777777777778 0.5095486111111112 0.05277777777777778 0.06770833333333333
1 0.21458333333333332 0.6102430555555556 0.05416666666666667 0.0642361111111111
1 0.2743055555555556 0.5581597222222222 0.043055555555555555 0.05381944444444445
1 0.2916666666666667 0.6345486111111112 0.05 0.05381944444444445
1 0.33958333333333335 0.75 0.043055555555555555 0.0625
1 0.3798611111111111 0.8741319444444444 0.043055555555555555 0.057291666666666664
1 0.4013888888888889 0.8194444444444444 0.03888888888888889 0.05555555555555555
1 0.9854166666666667 0.1701388888888889 0.029166666666666667 0.059027777777777776
1 0.81875 0.40625 0.04861111111111111 0.0625
1 0.9263888888888889 0.4991319444444444 0.05 0.06076388888888889
1 0.9409722222222222 0.6024305555555556 0.04861111111111111 0.06597222222222222
1 0.7555555555555555 0.4210069444444444 0.044444444444444446 0.057291666666666664
1 0.7298611111111111 0.4696180555555556 0.04861111111111111 0.06076388888888889
1 0.7395833333333334 0.5390625 0.04583333333333333 0.057291666666666664
1 0.74375 0.5902777777777778 0.043055555555555555 0.059027777777777776
1 0.7930555555555555 0.671875 0.044444444444444446 0.0625
1 0.79375 0.7256944444444444 0.04583333333333333 0.05555555555555555
1 0.3958333333333333 0.5703125 0.041666666666666664 0.05381944444444445
1 0.4236111111111111 0.6032986111111112 0.03611111111111111 0.057291666666666664
1 0.5270833333333333 0.7690972222222222 0.043055555555555555 0.05555555555555555
1 0.5756944444444444 0.7647569444444444 0.04027777777777778 0.057291666666666664
1 0.49236111111111114 0.8559027777777778 0.04583333333333333 0.059027777777777776
1 0.4840277777777778 0.9539930555555556 0.05138888888888889 0.057291666666666664
1 0.5965277777777778 0.9470486111111112 0.043055555555555555 0.057291666666666664
1 0.6201388888888889 0.96875 0.04027777777777778 0.052083333333333336
1 0.7208333333333333 0.7786458333333334 0.04722222222222222 0.06076388888888889
1 0.8173611111111111 0.9401041666666666 0.05138888888888889 0.057291666666666664
1 0.9798611111111111 0.9027777777777778 0.04027777777777778 0.06597222222222222
7 0.47638888888888886 0.6145833333333334 0.041666666666666664 0.05555555555555555
7 0.38472222222222224 0.625 0.04722222222222222 0.052083333333333336
7 0.5659722222222222 0.5477430555555556 0.034722222222222224 0.043402777777777776
7 0.8756944444444444 0.8168402777777778 0.04583333333333333 0.057291666666666664
3 0.15486111111111112 0.3940972222222222 0.04583333333333333 0.059027777777777776
1 0.6875 0.016493055555555556 0.05277777777777778 0.029513888888888888
