5 0.13055555555555556 0.3090277777777778 0.04722222222222222 0.04861111111111111
5 0.5368055555555555 0.40625 0.0375 0.03819444444444445
5 0.6930555555555555 0.4965277777777778 0.03888888888888889 0.04861111111111111
5 0.1284722222222222 0.5329861111111112 0.043055555555555555 0.04513888888888889
5 0.2833333333333333 0.06684027777777778 0.044444444444444446 0.046875
0 0.7041666666666667 0.17881944444444445 0.08055555555555556 0.09375
5 0.8902777777777777 0.3263888888888889 0.030555555555555555 0.041666666666666664
0 0.6840277777777778 0.7256944444444444 0.06805555555555555 0.08333333333333333
5 0.11944444444444445 0.6336805555555556 0.03333333333333333 0.03819444444444445
5 0.11180555555555556 0.6545138888888888 0.02638888888888889 0.034722222222222224
7 0.2659722222222222 0.4913194444444444 0.09583333333333334 0.12152777777777778
7 0.07777777777777778 0.5789930555555556 0.05555555555555555 0.078125
