2 0.39305555555555555 0.15104166666666666 0.06111111111111111 0.09027777777777778
2 0.6125 0.2855902777777778 0.06666666666666667 0.08854166666666667
2 0.7180555555555556 0.3333333333333333 0.058333333333333334 0.10069444444444445
2 0.7625 0.9175347222222222 0.06944444444444445 0.1232638888888889
2 0.043055555555555555 0.3072916666666667 0.06666666666666667 0.09375
2 0.07916666666666666 0.3949652777777778 0.06388888888888888 0.0920138888888889
3 0.23958333333333334 0.6232638888888888 0.043055555555555555 0.059027777777777776
2 0.3784722222222222 0.6137152777777778 0.059722222222222225 0.08506944444444445
2 0.1111111111111111 0.6909722222222222 0.06111111111111111 0.0798611111111111
2 0.03333333333333333 0.8836805555555556 0.06111111111111111 0.09375
0 0.16458333333333333 0.4930555555555556 0.0625 0.0798611111111111
0 0.7680555555555556 0.3229166666666667 0.05555555555555555 0.0798611111111111
2 0.3159722222222222 0.4965277777777778 0.06527777777777778 0.08680555555555555
1 0.7958333333333333 0.026909722222222224 0.03888888888888889 0.050347222222222224
2 0.09791666666666667 0.028645833333333332 0.06805555555555555 0.05381944444444445
0 0.18541666666666667 0.9600694444444444 0.10694444444444444 0.07291666666666667
2 0.7013888888888888 0.5659722222222222 0.05277777777777778 0.08680555555555555
1 0.6375 0.2456597222222222 0.03611111111111111 0.046875
7 0.13125 0.5512152777777778 0.034722222222222224 0.057291666666666664
2 0.3451388888888889 0.018229166666666668 0.0625 0.03298611111111111
1 0.9868055555555556 0.8220486111111112 0.02638888888888889 0.043402777777777776
7 0.7347222222222223 0.6180555555555556 0.044444444444444446 0.05555555555555555
