1 0.26319444444444445 0.078125 0.05138888888888889 0.0625
1 0.2972222222222222 0.203125 0.05277777777777778 0.06944444444444445
1 0.2361111111111111 0.8819444444444444 0.05555555555555555 0.07291666666666667
1 0.33194444444444443 0.8307291666666666 0.05555555555555555 0.06076388888888889
1 0.5243055555555556 0.5755208333333334 0.05694444444444444 0.06770833333333333
1 0.5194444444444445 0.3975694444444444 0.05 0.0625
1 0.5930555555555556 0.3723958333333333 0.05 0.06770833333333333
1 0.8875 0.5034722222222222 0.04722222222222222 0.06944444444444445
1 0.7604166666666666 0.9461805555555556 0.05416666666666667 0.0625
1 0.9638888888888889 0.3810763888888889 0.05 0.0642361111111111
