1 0.029166666666666667 0.03125 0.041666666666666664 0.059027777777777776
1 0.0875 0.046875 0.04722222222222222 0.059027777777777776
1 0.275 0.14583333333333334 0.04722222222222222 0.059027777777777776
1 0.2638888888888889 0.21354166666666666 0.05 0.0625
1 0.07083333333333333 0.16927083333333334 0.05 0.057291666666666664
1 0.06666666666666667 0.2109375 0.041666666666666664 0.05381944444444445
1 0.20208333333333334 0.3098958333333333 0.05138888888888889 0.057291666666666664
1 0.3638888888888889 0.3029513888888889 0.04722222222222222 0.06076388888888889
1 0.5409722222222222 0.13194444444444445 0.04861111111111111 0.05555555555555555
1 0.5472222222222223 0.2690972222222222 0.05 0.0625
1 0.47152777777777777 0.2517361111111111 0.04861111111111111 0.0625
1 0.5118055555555555 0.3116319444444444 0.04583333333333333 0.06076388888888889
1 0.66875 0.03125 0.04861111111111111 0.059027777777777776
1 0.8104166666666667 0.1189236111111111 0.04583333333333333 0.057291666666666664
1 0.875 0.14322916666666666 0.05 0.0642361111111111
1 0.22013888888888888 0.5217013888888888 0.04583333333333333 0.057291666666666664
1 0.48541666666666666 0.546875 0.05416666666666667 0.0625
1 0.5354166666666667 0.5980902777777778 0.04583333333333333 0.057291666666666664
1 0.4354166666666667 0.6076388888888888 0.05138888888888889 0.059027777777777776
1 0.5888888888888889 0.6918402777777778 0.05 0.06076388888888889
1 0.6319444444444444 0.5572916666666666 0.04722222222222222 0.0625
1 0.7388888888888889 0.3463541666666667 0.05277777777777778 0.06076388888888889
1 0.9708333333333333 0.0390625 0.05277777777777778 0.0642361111111111
1 0.9451388888888889 0.2552083333333333 0.05138888888888889 0.06944444444444445
1 0.8791666666666667 0.2586805555555556 0.05 0.0625
1 0.8368055555555556 0.3828125 0.059722222222222225 0.06076388888888889
1 0.8090277777777778 0.4574652777777778 0.05138888888888889 0.06076388888888889
1 0.9798611111111111 0.3550347222222222 0.04027777777777778 0.07118055555555555
1 0.8597222222222223 0.5659722222222222 0.05 0.06597222222222222
1 0.9423611111111111 0.6727430555555556 0.04861111111111111 0.0642361111111111
1 0.9791666666666666 0.6267361111111112 0.03888888888888889 0.06597222222222222
1 0.9034722222222222 0.9019097222222222 0.05138888888888889 0.0642361111111111
1 0.8145833333333333 0.9279513888888888 0.04861111111111111 0.06076388888888889
1 0.7180555555555556 0.6605902777777778 0.05277777777777778 0.0642361111111111
1 0.6916666666666667 0.7248263888888888 0.04722222222222222 0.06076388888888889
1 0.5993055555555555 0.8880208333333334 0.04861111111111111 0.06770833333333333
1 0.41875 0.828125 0.05138888888888889 0.0625
1 0.5034722222222222 0.8914930555555556 0.04583333333333333 0.06076388888888889
1 0.4027777777777778 0.8984375 0.04722222222222222 0.06076388888888889
1 0.4638888888888889 0.9748263888888888 0.04722222222222222 0.050347222222222224
1 0.7479166666666667 0.7013888888888888 0.043055555555555555 0.05555555555555555
1 0.7569444444444444 0.7526041666666666 0.044444444444444446 0.06076388888888889
1 0.2423611111111111 0.5902777777777778 0.04583333333333333 0.05555555555555555
1 0.06736111111111111 0.5086805555555556 0.04583333333333333 0.05555555555555555
1 0.10555555555555556 0.5590277777777778 0.044444444444444446 0.05555555555555555
1 0.018055555555555554 0.5616319444444444 0.03333333333333333 0.06076388888888889
1 0.06944444444444445 0.6388888888888888 0.04722222222222222 0.059027777777777776
1 0.10694444444444444 0.7161458333333334 0.044444444444444446 0.057291666666666664
1 0.0625 0.7074652777777778 0.044444444444444446 0.057291666666666664
1 0.1284722222222222 0.640625 0.043055555555555555 0.05555555555555555
1 0.56875 0.5529513888888888 0.04583333333333333 0.06076388888888889
1 0.6555555555555556 0.4236111111111111 0.041666666666666664 0.07291666666666667
1 0.7381944444444445 0.9366319444444444 0.04027777777777778 0.06076388888888889
1 0.7729166666666667 0.9409722222222222 0.04027777777777778 0.059027777777777776
7 0.09930555555555555 0.375 0.04027777777777778 0.0763888888888889
1 0.6243055555555556 0.020833333333333332 0.04583333333333333 0.03819444444444445
1 0.5729166666666666 0.017361111111111112 0.04583333333333333 0.03125
1 0.7534722222222222 0.9800347222222222 0.04861111111111111 0.036458333333333336
1 0.013194444444444444 0.9739583333333334 0.02361111111111111 0.04861111111111111
3 0.16319444444444445 0.6614583333333334 0.043055555555555555 0.059027777777777776
1 0.9847222222222223 0.1284722222222222 0.030555555555555555 0.059027777777777776
1 0.9854166666666667 0.203125 0.029166666666666667 0.0625
1 0.12291666666666666 0.9852430555555556 0.04861111111111111 0.026041666666666668
1 0.013888888888888888 0.4904513888888889 0.025 0.06076388888888889
