2 0.5673611111111111 0.3550347222222222 0.08194444444444444 0.11631944444444445
2 0.7784722222222222 0.4800347222222222 0.07083333333333333 0.09895833333333333
2 0.9340277777777778 0.5972222222222222 0.08194444444444444 0.1111111111111111
2 0.7298611111111111 0.6163194444444444 0.06805555555555555 0.09375
2 0.5611111111111111 0.6987847222222222 0.075 0.09895833333333333
2 0.5541666666666667 0.8550347222222222 0.075 0.11631944444444445
2 0.4131944444444444 0.7604166666666666 0.06805555555555555 0.1076388888888889
2 0.43125 0.5954861111111112 0.0625 0.09027777777777778
2 0.41041666666666665 0.3411458333333333 0.07361111111111111 0.109375
2 0.19236111111111112 0.050347222222222224 0.07083333333333333 0.09722222222222222
2 0.1875 0.2013888888888889 0.06944444444444445 0.09027777777777778
2 0.18125 0.2786458333333333 0.06805555555555555 0.08506944444444445
2 0.6048611111111111 0.5008680555555556 0.07361111111111111 0.0954861111111111
0 0.4791666666666667 0.027777777777777776 0.058333333333333334 0.052083333333333336
2 0.9159722222222222 0.9539930555555556 0.07916666666666666 0.08506944444444445
3 0.12708333333333333 0.6119791666666666 0.05138888888888889 0.06076388888888889
1 0.06805555555555555 0.03125 0.06388888888888888 0.059027777777777776
0 0.46875 0.5251736111111112 0.05416666666666667 0.07118055555555555
2 0.6479166666666667 0.9696180555555556 0.09583333333333334 0.046875
