2 0.05486111111111111 0.05555555555555555 0.0875 0.08680555555555555
2 0.11944444444444445 0.1579861111111111 0.08888888888888889 0.09375
2 0.027083333333333334 0.14756944444444445 0.05138888888888889 0.10069444444444445
2 0.034722222222222224 0.2586805555555556 0.06666666666666667 0.09722222222222222
2 0.21458333333333332 0.3845486111111111 0.06805555555555555 0.08506944444444445
2 0.3229166666666667 0.4019097222222222 0.07916666666666666 0.0920138888888889
2 0.7208333333333333 0.08854166666666667 0.06944444444444445 0.12152777777777778
2 0.7944444444444444 0.3645833333333333 0.06944444444444445 0.11458333333333333
2 0.8986111111111111 0.2899305555555556 0.075 0.1076388888888889
2 0.725 0.6927083333333334 0.075 0.09375
2 0.5034722222222222 0.7630208333333334 0.06805555555555555 0.09895833333333333
2 0.9694444444444444 0.8289930555555556 0.06111111111111111 0.10590277777777778
2 0.20972222222222223 0.6875 0.06944444444444445 0.08333333333333333
2 0.30277777777777776 0.9392361111111112 0.1 0.11458333333333333
0 0.06319444444444444 0.9079861111111112 0.06527777777777778 0.09375
0 0.6243055555555556 0.8359375 0.059722222222222225 0.0954861111111111
0 0.7708333333333334 0.8993055555555556 0.05277777777777778 0.08333333333333333
2 0.7159722222222222 0.875 0.0625 0.09027777777777778
0 0.9513888888888888 0.9192708333333334 0.05277777777777778 0.078125
1 0.05277777777777778 0.4340277777777778 0.044444444444444446 0.059027777777777776
1 0.17152777777777778 0.3020833333333333 0.04583333333333333 0.052083333333333336
2 0.3034722222222222 0.7994791666666666 0.0625 0.0920138888888889
0 0.9805555555555555 0.9340277777777778 0.03888888888888889 0.08680555555555555
2 0.49930555555555556 0.6154513888888888 0.06527777777777778 0.0954861111111111
2 0.9152777777777777 0.4809027777777778 0.09444444444444444 0.09375
2 0.40208333333333335 0.029513888888888888 0.06805555555555555 0.05555555555555555
1 0.4576388888888889 0.015625 0.05138888888888889 0.027777777777777776
1 0.6833333333333333 0.9678819444444444 0.06666666666666667 0.050347222222222224
3 0.5923611111111111 0.6666666666666666 0.059722222222222225 0.0625
