1 0.5076388888888889 0.043402777777777776 0.05138888888888889 0.06597222222222222
1 0.7423611111111111 0.2569444444444444 0.05694444444444444 0.06944444444444445
1 0.0375 0.9592013888888888 0.04722222222222222 0.057291666666666664
1 0.17152777777777778 0.9713541666666666 0.05694444444444444 0.050347222222222224
0 0.02847222222222222 0.3298611111111111 0.05416666666666667 0.09027777777777778
0 0.8208333333333333 0.5954861111111112 0.075 0.10069444444444445
0 0.46875 0.7369791666666666 0.07083333333333333 0.10243055555555555
0 0.6256944444444444 0.8003472222222222 0.06805555555555555 0.08680555555555555
0 0.6388888888888888 0.025173611111111112 0.075 0.046875
1 0.31666666666666665 0.9817708333333334 0.04722222222222222 0.029513888888888888
