2 0.3423611111111111 0.06944444444444445 0.08472222222222223 0.0798611111111111
2 0.4798611111111111 0.19618055555555555 0.07083333333333333 0.09722222222222222
2 0.5833333333333334 0.15538194444444445 0.08055555555555556 0.10243055555555555
2 0.84375 0.2925347222222222 0.07083333333333333 0.09895833333333333
2 0.93125 0.3203125 0.07916666666666666 0.09895833333333333
2 0.9527777777777777 0.03732638888888889 0.06944444444444445 0.07118055555555555
2 0.6291666666666667 0.609375 0.075 0.09027777777777778
2 0.6319444444444444 0.7717013888888888 0.075 0.1267361111111111
2 0.4284722222222222 0.6171875 0.08194444444444444 0.0920138888888889
2 0.21319444444444444 0.5668402777777778 0.09027777777777778 0.0920138888888889
2 0.02013888888888889 0.4314236111111111 0.0375 0.078125
2 0.3611111111111111 0.8689236111111112 0.06666666666666667 0.0920138888888889
2 0.2111111111111111 0.4878472222222222 0.06944444444444445 0.10069444444444445
0 0.18194444444444444 0.3428819444444444 0.06666666666666667 0.08854166666666667
0 0.3659722222222222 0.2421875 0.0625 0.08159722222222222
0 0.7465277777777778 0.3029513888888889 0.07361111111111111 0.10243055555555555
1 0.7131944444444445 0.6901041666666666 0.04861111111111111 0.07465277777777778
6 0.3173611111111111 0.4236111111111111 0.20972222222222223 0.3506944444444444
1 0.19722222222222222 0.2734375 0.05277777777777778 0.057291666666666664
1 0.6479166666666667 0.9592013888888888 0.05138888888888889 0.0642361111111111
1 0.33402777777777776 0.9114583333333334 0.043055555555555555 0.05555555555555555
2 0.7923611111111111 0.9730902777777778 0.06805555555555555 0.043402777777777776
0 0.6645833333333333 0.2595486111111111 0.06805555555555555 0.08159722222222222
7 0.43194444444444446 0.5095486111111112 0.05277777777777778 0.07465277777777778
7 0.4777777777777778 0.5581597222222222 0.06944444444444445 0.11284722222222222
7 0.9076388888888889 0.6857638888888888 0.0625 0.07291666666666667
7 0.025694444444444443 0.9791666666666666 0.04861111111111111 0.03819444444444445
2 0.020833333333333332 0.6979166666666666 0.03888888888888889 0.09375
