1 0.29444444444444445 0.08940972222222222 0.05277777777777778 0.06076388888888889
1 0.06111111111111111 0.5434027777777778 0.06388888888888888 0.0763888888888889
1 0.20833333333333334 0.5355902777777778 0.06111111111111111 0.078125
1 0.46041666666666664 0.8298611111111112 0.05694444444444444 0.07291666666666667
1 0.8784722222222222 0.6979166666666666 0.06527777777777778 0.0763888888888889
1 0.6333333333333333 0.08072916666666667 0.05555555555555555 0.07118055555555555
1 0.8111111111111111 0.21961805555555555 0.05555555555555555 0.07465277777777778
1 0.6576388888888889 0.5373263888888888 0.05694444444444444 0.078125
1 0.33611111111111114 0.53125 0.058333333333333334 0.07291666666666667
1 0.75625 0.3229166666666667 0.06805555555555555 0.06597222222222222
