2 0.4173611111111111 0.10416666666666667 0.06805555555555555 0.10069444444444445
2 0.7013888888888888 0.22916666666666666 0.06944444444444445 0.09375
2 0.6493055555555556 0.4609375 0.07916666666666666 0.08159722222222222
2 0.7743055555555556 0.6901041666666666 0.08194444444444444 0.11979166666666667
2 0.9569444444444445 0.7265625 0.06666666666666667 0.10243055555555555
2 0.5354166666666667 0.8828125 0.08472222222222223 0.10590277777777778
2 0.4263888888888889 0.7204861111111112 0.07777777777777778 0.09027777777777778
2 0.4861111111111111 0.6684027777777778 0.06944444444444445 0.09722222222222222
2 0.3638888888888889 0.4982638888888889 0.08055555555555556 0.0798611111111111
2 0.3090277777777778 0.5642361111111112 0.0763888888888889 0.0798611111111111
2 0.3020833333333333 0.3880208333333333 0.07361111111111111 0.08854166666666667
2 0.3458333333333333 0.3272569444444444 0.06944444444444445 0.0954861111111111
2 0.3902777777777778 0.2838541666666667 0.058333333333333334 0.08506944444444445
2 0.44027777777777777 0.2586805555555556 0.06388888888888888 0.08680555555555555
0 0.22777777777777777 0.2803819444444444 0.06666666666666667 0.0920138888888889
2 0.15902777777777777 0.4600694444444444 0.06527777777777778 0.0798611111111111
2 0.21666666666666667 0.6744791666666666 0.06388888888888888 0.0954861111111111
2 0.6993055555555555 0.8489583333333334 0.059722222222222225 0.07291666666666667
2 0.7708333333333334 0.9635416666666666 0.07777777777777778 0.059027777777777776
0 0.6993055555555555 0.421875 0.059722222222222225 0.0798611111111111
1 0.020833333333333332 0.1857638888888889 0.03888888888888889 0.0625
1 0.18611111111111112 0.1267361111111111 0.041666666666666664 0.04861111111111111
1 0.4618055555555556 0.07118055555555555 0.043055555555555555 0.052083333333333336
1 0.9805555555555555 0.08072916666666667 0.03888888888888889 0.06076388888888889
2 0.9715277777777778 0.3637152777777778 0.05694444444444444 0.10243055555555555
1 0.8944444444444445 0.5303819444444444 0.04722222222222222 0.05381944444444445
1 0.7590277777777777 0.8046875 0.04583333333333333 0.05381944444444445
1 0.7569444444444444 0.8611111111111112 0.044444444444444446 0.0625
2 0.9784722222222222 0.9192708333333334 0.043055555555555555 0.08854166666666667
1 0.16666666666666666 0.6475694444444444 0.041666666666666664 0.04513888888888889
1 0.27291666666666664 0.6640625 0.043055555555555555 0.06076388888888889
1 0.18125 0.5911458333333334 0.04861111111111111 0.057291666666666664
1 0.07291666666666667 0.3532986111111111 0.043055555555555555 0.05381944444444445
1 0.05555555555555555 0.3932291666666667 0.03888888888888889 0.050347222222222224
1 0.19166666666666668 0.19270833333333334 0.044444444444444446 0.059027777777777776
7 0.1326388888888889 0.6710069444444444 0.04583333333333333 0.057291666666666664
1 0.08333333333333333 0.3949652777777778 0.03888888888888889 0.050347222222222224
