1 0.3076388888888889 0.10590277777777778 0.05138888888888889 0.06597222222222222
1 0.3972222222222222 0.171875 0.04722222222222222 0.06597222222222222
1 0.16597222222222222 0.3446180555555556 0.05416666666666667 0.06770833333333333
1 0.1527777777777778 0.4826388888888889 0.05 0.0625
1 0.027083333333333334 0.5190972222222222 0.05138888888888889 0.07291666666666667
1 0.15069444444444444 0.7092013888888888 0.04861111111111111 0.0642361111111111
1 0.24375 0.7907986111111112 0.05416666666666667 0.07118055555555555
1 0.3861111111111111 0.7109375 0.05277777777777778 0.06076388888888889
1 0.5604166666666667 0.5763888888888888 0.0625 0.07291666666666667
1 0.7652777777777777 0.5842013888888888 0.05555555555555555 0.07118055555555555
1 0.8381944444444445 0.3645833333333333 0.05694444444444444 0.06944444444444445
1 0.7680555555555556 0.1467013888888889 0.05555555555555555 0.0642361111111111
1 0.8298611111111112 0.20225694444444445 0.059722222222222225 0.07118055555555555
1 0.3013888888888889 0.8020833333333334 0.05 0.06597222222222222
1 0.5090277777777777 0.7508680555555556 0.059722222222222225 0.07465277777777778
1 0.6569444444444444 0.7039930555555556 0.05277777777777778 0.06076388888888889
1 0.6305555555555555 0.7664930555555556 0.058333333333333334 0.06770833333333333
