2 0.18541666666666667 0.1232638888888889 0.08472222222222223 0.10416666666666667
2 0.24375 0.1970486111111111 0.0763888888888889 0.078125
2 0.07222222222222222 0.20399305555555555 0.075 0.09895833333333333
2 0.052083333333333336 0.5347222222222222 0.07361111111111111 0.09375
2 0.05625 0.6336805555555556 0.07083333333333333 0.10069444444444445
2 0.18263888888888888 0.6961805555555556 0.06527777777777778 0.0798611111111111
2 0.21805555555555556 0.5034722222222222 0.06944444444444445 0.09722222222222222
2 0.39444444444444443 0.5564236111111112 0.08888888888888889 0.09895833333333333
2 0.5895833333333333 0.5442708333333334 0.10138888888888889 0.0954861111111111
2 0.6083333333333333 0.7083333333333334 0.07777777777777778 0.10069444444444445
2 0.5479166666666667 0.7482638888888888 0.07916666666666666 0.09027777777777778
2 0.74375 0.828125 0.09305555555555556 0.09375
2 0.9298611111111111 0.8498263888888888 0.08472222222222223 0.10590277777777778
2 0.9625 0.5720486111111112 0.075 0.09895833333333333
2 0.8402777777777778 0.10416666666666667 0.07222222222222222 0.09722222222222222
2 0.7111111111111111 0.1267361111111111 0.075 0.08333333333333333
2 0.48055555555555557 0.2552083333333333 0.08055555555555556 0.10069444444444445
2 0.5673611111111111 0.10069444444444445 0.0875 0.09027777777777778
2 0.6576388888888889 0.03819444444444445 0.07916666666666666 0.07291666666666667
2 0.8 0.5546875 0.075 0.0920138888888889
2 0.9770833333333333 0.09461805555555555 0.04583333333333333 0.0920138888888889
2 0.26805555555555555 0.4427083333333333 0.06388888888888888 0.09722222222222222
0 0.47430555555555554 0.4496527777777778 0.06527777777777778 0.08333333333333333
0 0.8819444444444444 0.7126736111111112 0.06944444444444445 0.08854166666666667
2 0.16041666666666668 0.8211805555555556 0.06805555555555555 0.09027777777777778
2 0.5006944444444444 0.6753472222222222 0.0625 0.08680555555555555
1 0.12152777777777778 0.3567708333333333 0.04861111111111111 0.06076388888888889
1 0.28055555555555556 0.6345486111111112 0.04722222222222222 0.05381944444444445
0 0.6638888888888889 0.9704861111111112 0.06388888888888888 0.052083333333333336
2 0.9798611111111111 0.3038194444444444 0.04027777777777778 0.08680555555555555
2 0.3111111111111111 0.3333333333333333 0.06111111111111111 0.0763888888888889
2 0.4708333333333333 0.12065972222222222 0.06111111111111111 0.0954861111111111
2 0.8048611111111111 0.9756944444444444 0.07083333333333333 0.03819444444444445
2 0.9888888888888889 0.8116319444444444 0.022222222222222223 0.07465277777777778
2 0.013888888888888888 0.8845486111111112 0.025 0.08506944444444445
