1 0.8048611111111111 0.1388888888888889 0.05138888888888889 0.06944444444444445
1 0.7923611111111111 0.4279513888888889 0.05694444444444444 0.0642361111111111
0 0.6069444444444444 0.8038194444444444 0.075 0.09027777777777778
0 0.18611111111111112 0.5295138888888888 0.06666666666666667 0.0798611111111111
1 0.2798611111111111 0.3993055555555556 0.04861111111111111 0.059027777777777776
0 0.8611111111111112 0.3220486111111111 0.06666666666666667 0.078125
0 0.9034722222222222 0.6493055555555556 0.07916666666666666 0.09722222222222222
0 0.18263888888888888 0.171875 0.07361111111111111 0.10416666666666667
0 0.18472222222222223 0.2690972222222222 0.07777777777777778 0.1076388888888889
0 0.6743055555555556 0.7013888888888888 0.059722222222222225 0.06944444444444445
0 0.8833333333333333 0.7048611111111112 0.06944444444444445 0.0798611111111111
0 0.9319444444444445 0.7092013888888888 0.05555555555555555 0.08159722222222222
0 0.9368055555555556 0.7769097222222222 0.07083333333333333 0.08854166666666667
0 0.8840277777777777 0.7586805555555556 0.0625 0.06944444444444445
0 0.8979166666666667 0.8168402777777778 0.07916666666666666 0.08854166666666667
0 0.8173611111111111 0.9730902777777778 0.0763888888888889 0.03993055555555555
0 0.45416666666666666 0.03993055555555555 0.08055555555555556 0.0763888888888889
7 0.8375 0.9175347222222222 0.044444444444444446 0.07465277777777778
7 0.7125 0.2734375 0.03333333333333333 0.050347222222222224
1 0.05277777777777778 0.9852430555555556 0.044444444444444446 0.026041666666666668
1 0.011805555555555555 0.2881944444444444 0.020833333333333332 0.05555555555555555
