1 0.23402777777777778 0.2439236111111111 0.05694444444444444 0.06770833333333333
1 0.35833333333333334 0.0998263888888889 0.05 0.06076388888888889
1 0.6583333333333333 0.1310763888888889 0.05555555555555555 0.06770833333333333
1 0.8347222222222223 0.10850694444444445 0.04722222222222222 0.0642361111111111
1 0.23958333333333334 0.6041666666666666 0.04861111111111111 0.06944444444444445
1 0.2951388888888889 0.7196180555555556 0.05416666666666667 0.0642361111111111
1 0.5506944444444445 0.8888888888888888 0.059722222222222225 0.07291666666666667
1 0.7263888888888889 0.8480902777777778 0.05555555555555555 0.07118055555555555
1 0.8652777777777778 0.4991319444444444 0.05555555555555555 0.0642361111111111
1 0.8388888888888889 0.6883680555555556 0.041666666666666664 0.06076388888888889
