1 0.19791666666666666 0.028645833333333332 0.04861111111111111 0.05381944444444445
1 0.1284722222222222 0.09461805555555555 0.05138888888888889 0.057291666666666664
1 0.2222222222222222 0.2604166666666667 0.05277777777777778 0.06597222222222222
1 0.1597222222222222 0.3671875 0.05 0.06770833333333333
1 0.26944444444444443 0.3689236111111111 0.04722222222222222 0.057291666666666664
1 0.45416666666666666 0.2595486111111111 0.04722222222222222 0.057291666666666664
1 0.40694444444444444 0.030381944444444444 0.05 0.057291666666666664
1 0.47708333333333336 0.1657986111111111 0.04583333333333333 0.06076388888888889
1 0.5861111111111111 0.034722222222222224 0.05 0.0625
1 0.7708333333333334 0.11284722222222222 0.04722222222222222 0.07291666666666667
1 0.9097222222222222 0.17708333333333334 0.05277777777777778 0.0763888888888889
1 0.03680555555555556 0.6067708333333334 0.05138888888888889 0.0642361111111111
1 0.15138888888888888 0.671875 0.058333333333333334 0.059027777777777776
1 0.0798611111111111 0.7222222222222222 0.04583333333333333 0.06597222222222222
1 0.22013888888888888 0.6024305555555556 0.04583333333333333 0.05555555555555555
1 0.3298611111111111 0.5442708333333334 0.04861111111111111 0.06076388888888889
1 0.19166666666666668 0.8619791666666666 0.05277777777777778 0.0642361111111111
1 0.22847222222222222 0.9392361111111112 0.05138888888888889 0.05555555555555555
1 0.3236111111111111 0.6440972222222222 0.04722222222222222 0.0625
1 0.33611111111111114 0.7335069444444444 0.05 0.0642361111111111
1 0.3638888888888889 0.7708333333333334 0.04722222222222222 0.05555555555555555
1 0.3597222222222222 0.8342013888888888 0.05 0.06076388888888889
1 0.39305555555555555 0.5625 0.044444444444444446 0.059027777777777776
1 0.47847222222222224 0.5538194444444444 0.04861111111111111 0.0625
1 0.6069444444444444 0.4774305555555556 0.04722222222222222 0.0625
1 0.6402777777777777 0.4409722222222222 0.044444444444444446 0.059027777777777776
1 0.8027777777777778 0.3784722222222222 0.04722222222222222 0.06944444444444445
1 0.91875 0.3263888888888889 0.04861111111111111 0.06597222222222222
1 0.4576388888888889 0.890625 0.05138888888888889 0.0625
1 0.5229166666666667 0.7508680555555556 0.043055555555555555 0.06076388888888889
1 0.5590277777777778 0.7569444444444444 0.043055555555555555 0.059027777777777776
1 0.7131944444444445 0.6119791666666666 0.04861111111111111 0.0642361111111111
1 0.6298611111111111 0.7899305555555556 0.04861111111111111 0.0625
1 0.6291666666666667 0.9635416666666666 0.05277777777777778 0.059027777777777776
1 0.8791666666666667 0.5564236111111112 0.04722222222222222 0.0642361111111111
1 0.8916666666666667 0.7881944444444444 0.05277777777777778 0.059027777777777776
1 0.8215277777777777 0.9635416666666666 0.05138888888888889 0.0625
1 0.9486111111111111 0.9244791666666666 0.05 0.0642361111111111
1 0.018055555555555554 0.11371527777777778 0.03333333333333333 0.0642361111111111
1 0.014583333333333334 0.2092013888888889 0.02638888888888889 0.05381944444444445
1 0.6173611111111111 0.017361111111111112 0.04861111111111111 0.03125
1 0.9895833333333334 0.14930555555555555 0.020833333333333332 0.06597222222222222
1 0.9854166666666667 0.9774305555555556 0.029166666666666667 0.03125
