1 0.40555555555555556 0.640625 0.06111111111111111 0.0763888888888889
1 0.6104166666666667 0.4765625 0.06805555555555555 0.0954861111111111
1 0.34375 0.3715277777777778 0.0875 0.0798611111111111
1 0.5388888888888889 0.7647569444444444 0.07222222222222222 0.08854166666666667
1 0.18263888888888888 0.6484375 0.0875 0.0920138888888889
1 0.7631944444444444 0.8446180555555556 0.0625 0.08506944444444445
1 0.56875 0.2934027777777778 0.07916666666666666 0.08680555555555555
1 0.8263888888888888 0.4973958333333333 0.075 0.08506944444444445
1 0.6645833333333333 0.09461805555555555 0.07083333333333333 0.078125
1 0.9701388888888889 0.04774305555555555 0.059722222222222225 0.06770833333333333
