2 0.15694444444444444 0.3802083333333333 0.07222222222222222 0.08333333333333333
2 0.11527777777777778 0.4375 0.06388888888888888 0.09722222222222222
2 0.2423611111111111 0.9322916666666666 0.06805555555555555 0.1111111111111111
2 0.6097222222222223 0.8802083333333334 0.075 0.10069444444444445
2 0.71875 0.2152777777777778 0.06805555555555555 0.10069444444444445
2 0.8819444444444444 0.1762152777777778 0.06944444444444445 0.10590277777777778
2 0.9173611111111111 0.2378472222222222 0.09583333333333334 0.08680555555555555
2 0.7652777777777777 0.4513888888888889 0.08055555555555556 0.09027777777777778
2 0.8347222222222223 0.6067708333333334 0.06388888888888888 0.08159722222222222
0 0.4534722222222222 0.3168402777777778 0.06527777777777778 0.0920138888888889
0 0.30833333333333335 0.19618055555555555 0.06388888888888888 0.08680555555555555
0 0.9027777777777778 0.4947916666666667 0.06666666666666667 0.07291666666666667
2 0.6923611111111111 0.9592013888888888 0.0875 0.07465277777777778
2 0.45 0.4418402777777778 0.05277777777777778 0.08854166666666667
0 0.4013888888888889 0.9730902777777778 0.06666666666666667 0.050347222222222224
2 0.041666666666666664 0.9505208333333334 0.06666666666666667 0.08854166666666667
2 0.8486111111111111 0.5555555555555556 0.06666666666666667 0.08680555555555555
2 0.9854166666666667 0.2074652777777778 0.029166666666666667 0.08159722222222222
2 0.8409722222222222 0.017361111111111112 0.05694444444444444 0.03125
2 0.9875 0.7699652777777778 0.025 0.07118055555555555
2 0.011805555555555555 0.2109375 0.020833333333333332 0.08159722222222222
7 0.8972222222222223 0.10503472222222222 0.03333333333333333 0.043402777777777776
