2 0.3055555555555556 0.359375 0.075 0.09375
2 0.5645833333333333 0.5625 0.08194444444444444 0.10416666666666667
2 0.5131944444444444 0.7118055555555556 0.07916666666666666 0.11458333333333333
2 0.3798611111111111 0.8012152777777778 0.08472222222222223 0.09895833333333333
2 0.2951388888888889 0.5321180555555556 0.07916666666666666 0.09895833333333333
2 0.6444444444444445 0.21006944444444445 0.06666666666666667 0.0763888888888889
2 0.7229166666666667 0.3125 0.09305555555555556 0.08680555555555555
2 0.9458333333333333 0.6041666666666666 0.075 0.09375
2 0.75 0.8211805555555556 0.075 0.10069444444444445
2 0.8361111111111111 0.7864583333333334 0.07222222222222222 0.09722222222222222
2 0.90625 0.8090277777777778 0.07083333333333333 0.09375
2 0.18125 0.484375 0.08194444444444444 0.10416666666666667
2 0.059722222222222225 0.3619791666666667 0.06666666666666667 0.08159722222222222
2 0.07708333333333334 0.8072916666666666 0.059722222222222225 0.0798611111111111
2 0.11388888888888889 0.5659722222222222 0.06944444444444445 0.10069444444444445
2 0.05347222222222222 0.5486111111111112 0.06527777777777778 0.11458333333333333
1 0.9611111111111111 0.7022569444444444 0.05 0.06076388888888889
0 0.41944444444444445 0.057291666666666664 0.05555555555555555 0.0763888888888889
2 0.02847222222222222 0.8038194444444444 0.05416666666666667 0.1076388888888889
2 0.18680555555555556 0.027777777777777776 0.07361111111111111 0.052083333333333336
2 0.8236111111111111 0.030381944444444444 0.07222222222222222 0.057291666666666664
2 0.9840277777777777 0.8532986111111112 0.03194444444444444 0.078125
0 0.8791666666666667 0.23177083333333334 0.06944444444444445 0.08159722222222222
7 0.6833333333333333 0.140625 0.058333333333333334 0.05555555555555555
