2 0.2590277777777778 0.2769097222222222 0.06805555555555555 0.08854166666666667
2 0.1527777777777778 0.5217013888888888 0.06388888888888888 0.0920138888888889
2 0.2590277777777778 0.7170138888888888 0.0763888888888889 0.09027777777777778
2 0.125 0.7473958333333334 0.09166666666666666 0.11284722222222222
2 0.08402777777777778 0.9262152777777778 0.0875 0.10243055555555555
2 0.4583333333333333 0.4652777777777778 0.07222222222222222 0.08680555555555555
2 0.48055555555555557 0.5564236111111112 0.06944444444444445 0.08159722222222222
2 0.5833333333333334 0.6744791666666666 0.06111111111111111 0.0920138888888889
2 0.4979166666666667 0.7743055555555556 0.0625 0.10069444444444445
2 0.5694444444444444 0.9565972222222222 0.06111111111111111 0.0763888888888889
2 0.6722222222222223 0.9565972222222222 0.07222222222222222 0.07291666666666667
2 0.9256944444444445 0.7864583333333334 0.06805555555555555 0.10069444444444445
2 0.90625 0.043402777777777776 0.0763888888888889 0.0763888888888889
2 0.6180555555555556 0.1814236111111111 0.06111111111111111 0.0954861111111111
2 0.3888888888888889 0.10069444444444445 0.08611111111111111 0.09722222222222222
0 0.4236111111111111 0.9539930555555556 0.06388888888888888 0.078125
1 0.7138888888888889 0.059027777777777776 0.044444444444444446 0.052083333333333336
1 0.8041666666666667 0.03211805555555555 0.041666666666666664 0.05381944444444445
1 0.8416666666666667 0.042534722222222224 0.03888888888888889 0.050347222222222224
2 0.24791666666666667 0.059027777777777776 0.07083333333333333 0.07291666666666667
2 0.016666666666666666 0.859375 0.030555555555555555 0.09027777777777778
2 0.9798611111111111 0.8142361111111112 0.04027777777777778 0.09375
2 0.6201388888888889 0.026909722222222224 0.07361111111111111 0.050347222222222224
7 0.45416666666666666 0.2361111111111111 0.06944444444444445 0.09027777777777778
2 0.49027777777777776 0.1484375 0.06666666666666667 0.0920138888888889
2 0.5270833333333333 0.20225694444444445 0.06805555555555555 0.08506944444444445
2 0.6916666666666667 0.014756944444444444 0.058333333333333334 0.026041666666666668
