1 0.12222222222222222 0.10416666666666667 0.04722222222222222 0.0625
1 0.2986111111111111 0.078125 0.05 0.059027777777777776
1 0.19791666666666666 0.2092013888888889 0.04861111111111111 0.06076388888888889
1 0.15347222222222223 0.3810763888888889 0.04583333333333333 0.057291666666666664
1 0.06736111111111111 0.5017361111111112 0.043055555555555555 0.059027777777777776
1 0.425 0.033854166666666664 0.04722222222222222 0.057291666666666664
1 0.4847222222222222 0.043402777777777776 0.044444444444444446 0.0625
1 0.5555555555555556 0.2065972222222222 0.04722222222222222 0.0625
1 0.475 0.20225694444444445 0.044444444444444446 0.057291666666666664
1 0.4513888888888889 0.3385416666666667 0.044444444444444446 0.059027777777777776
1 0.5909722222222222 0.4140625 0.04861111111111111 0.0642361111111111
1 0.7715277777777778 0.3385416666666667 0.04861111111111111 0.059027777777777776
1 0.8659722222222223 0.022569444444444444 0.043055555555555555 0.041666666666666664
1 0.9701388888888889 0.06163194444444445 0.043055555555555555 0.0642361111111111
1 0.7013888888888888 0.18229166666666666 0.04722222222222222 0.059027777777777776
1 0.7180555555555556 0.2404513888888889 0.05 0.0642361111111111
1 0.24722222222222223 0.1953125 0.04722222222222222 0.057291666666666664
1 0.3458333333333333 0.3020833333333333 0.04722222222222222 0.059027777777777776
1 0.27152777777777776 0.3888888888888889 0.043055555555555555 0.05555555555555555
1 0.3638888888888889 0.3394097222222222 0.044444444444444446 0.06076388888888889
1 0.04027777777777778 0.6102430555555556 0.03888888888888889 0.050347222222222224
1 0.09861111111111111 0.6796875 0.04722222222222222 0.057291666666666664
1 0.12222222222222222 0.7196180555555556 0.041666666666666664 0.057291666666666664
1 0.07430555555555556 0.8359375 0.05138888888888889 0.0642361111111111
1 0.2048611111111111 0.8420138888888888 0.043055555555555555 0.0625
1 0.27847222222222223 0.8324652777777778 0.04027777777777778 0.07118055555555555
1 0.32430555555555557 0.7873263888888888 0.04027777777777778 0.05381944444444445
1 0.42916666666666664 0.6779513888888888 0.05277777777777778 0.0642361111111111
1 0.05763888888888889 0.90625 0.05138888888888889 0.0625
1 0.23472222222222222 0.8958333333333334 0.041666666666666664 0.052083333333333336
1 0.17847222222222223 0.9244791666666666 0.04583333333333333 0.057291666666666664
1 0.3472222222222222 0.9574652777777778 0.04722222222222222 0.06076388888888889
1 0.1597222222222222 0.9618055555555556 0.044444444444444446 0.05555555555555555
1 0.5944444444444444 0.6493055555555556 0.04722222222222222 0.0625
1 0.875 0.4791666666666667 0.04722222222222222 0.06597222222222222
1 0.9347222222222222 0.5486111111111112 0.05277777777777778 0.07291666666666667
1 0.6798611111111111 0.4513888888888889 0.05138888888888889 0.0625
1 0.73125 0.5329861111111112 0.04583333333333333 0.0625
1 0.5527777777777778 0.7213541666666666 0.044444444444444446 0.06076388888888889
1 0.7902777777777777 0.7083333333333334 0.04722222222222222 0.059027777777777776
1 0.6430555555555556 0.4947916666666667 0.04722222222222222 0.0625
1 0.90625 0.8255208333333334 0.04861111111111111 0.06770833333333333
1 0.8305555555555556 0.8003472222222222 0.041666666666666664 0.05555555555555555
1 0.5076388888888889 0.6918402777777778 0.04583333333333333 0.06076388888888889
1 0.4777777777777778 0.7083333333333334 0.04722222222222222 0.059027777777777776
1 0.7069444444444445 0.8376736111111112 0.05 0.0642361111111111
1 0.6902777777777778 0.9001736111111112 0.05 0.06770833333333333
1 0.8284722222222223 0.9401041666666666 0.04861111111111111 0.0642361111111111
1 0.8069444444444445 0.8402777777777778 0.04722222222222222 0.059027777777777776
1 0.7819444444444444 0.8741319444444444 0.04722222222222222 0.06076388888888889
1 0.7416666666666667 0.8741319444444444 0.041666666666666664 0.057291666666666664
1 0.7618055555555555 0.9505208333333334 0.043055555555555555 0.057291666666666664
3 0.16111111111111112 0.5494791666666666 0.05 0.0642361111111111
1 0.07569444444444444 0.6302083333333334 0.04583333333333333 0.05555555555555555
1 0.7368055555555556 0.1675347222222222 0.04027777777777778 0.057291666666666664
1 0.7618055555555555 0.5928819444444444 0.04861111111111111 0.05381944444444445
1 0.7444444444444445 0.6223958333333334 0.04722222222222222 0.05381944444444445
3 0.019444444444444445 0.7734375 0.03611111111111111 0.06770833333333333
3 0.24791666666666667 0.3506944444444444 0.05694444444444444 0.059027777777777776
1 0.9868055555555556 0.34375 0.02638888888888889 0.059027777777777776
1 0.39444444444444443 0.010416666666666666 0.05 0.017361111111111112
1 0.48333333333333334 0.9809027777777778 0.05 0.034722222222222224
