1 0.027083333333333334 0.21614583333333334 0.05138888888888889 0.0642361111111111
1 0.3909722222222222 0.08072916666666667 0.05694444444444444 0.06770833333333333
1 0.12638888888888888 0.5364583333333334 0.05555555555555555 0.07291666666666667
1 0.10416666666666667 0.8871527777777778 0.058333333333333334 0.06944444444444445
1 0.42986111111111114 0.8142361111111112 0.059722222222222225 0.07291666666666667
1 0.85625 0.14756944444444445 0.05138888888888889 0.06597222222222222
1 0.9 0.2786458333333333 0.06111111111111111 0.07465277777777778
1 0.8722222222222222 0.6970486111111112 0.06111111111111111 0.06770833333333333
1 0.9569444444444445 0.5711805555555556 0.06111111111111111 0.07291666666666667
1 0.9145833333333333 0.7777777777777778 0.04861111111111111 0.06944444444444445
1 0.9430555555555555 0.6970486111111112 0.05555555555555555 0.06770833333333333
