1 0.225 0.09114583333333333 0.04722222222222222 0.07118055555555555
1 0.34097222222222223 0.3828125 0.04583333333333333 0.0642361111111111
1 0.09930555555555555 0.5460069444444444 0.04861111111111111 0.0642361111111111
1 0.36666666666666664 0.6822916666666666 0.05277777777777778 0.0625
1 0.08125 0.9175347222222222 0.05138888888888889 0.06076388888888889
1 0.5798611111111112 0.2838541666666667 0.05138888888888889 0.0642361111111111
1 0.5520833333333334 0.5243055555555556 0.05138888888888889 0.06944444444444445
1 0.3888888888888889 0.171875 0.05277777777777778 0.06597222222222222
1 0.5402777777777777 0.7013888888888888 0.05 0.06944444444444445
1 0.37777777777777777 0.9192708333333334 0.044444444444444446 0.0642361111111111
1 0.5527777777777778 0.8958333333333334 0.05 0.059027777777777776
1 0.8381944444444445 0.7960069444444444 0.059722222222222225 0.07465277777777778
1 0.8902777777777777 0.2760416666666667 0.06111111111111111 0.06944444444444445
1 0.8965277777777778 0.4105902777777778 0.059722222222222225 0.07118055555555555
