0 0.07222222222222222 0.07552083333333333 0.06944444444444445 0.0920138888888889
1 0.125 0.0390625 0.041666666666666664 0.05381944444444445
2 0.38680555555555557 0.265625 0.07083333333333333 0.09722222222222222
2 0.5166666666666667 0.3333333333333333 0.08333333333333333 0.0798611111111111
2 0.5736111111111111 0.4088541666666667 0.08055555555555556 0.08506944444444445
2 0.7243055555555555 0.4392361111111111 0.07083333333333333 0.09722222222222222
2 0.8243055555555555 0.5217013888888888 0.07083333333333333 0.11631944444444445
2 0.9159722222222222 0.4826388888888889 0.07083333333333333 0.1076388888888889
2 0.6993055555555555 0.6631944444444444 0.0763888888888889 0.09027777777777778
2 0.7541666666666667 0.890625 0.07777777777777778 0.1111111111111111
2 0.5944444444444444 0.8411458333333334 0.075 0.08506944444444445
2 0.5361111111111111 0.7864583333333334 0.08611111111111111 0.08680555555555555
2 0.33055555555555555 0.5034722222222222 0.07222222222222222 0.10069444444444445
2 0.16527777777777777 0.6631944444444444 0.1111111111111111 0.1076388888888889
2 0.10902777777777778 0.7543402777777778 0.0875 0.09895833333333333
2 0.2111111111111111 0.9045138888888888 0.06111111111111111 0.08333333333333333
2 0.1361111111111111 0.9175347222222222 0.06666666666666667 0.08506944444444445
2 0.020833333333333332 0.9210069444444444 0.03888888888888889 0.0954861111111111
0 0.06666666666666667 0.9123263888888888 0.058333333333333334 0.08506944444444445
2 0.015277777777777777 0.234375 0.027777777777777776 0.1076388888888889
0 0.38263888888888886 0.9626736111111112 0.07083333333333333 0.0642361111111111
7 0.19166666666666668 0.07552083333333333 0.044444444444444446 0.057291666666666664
