1 0.1361111111111111 0.058159722222222224 0.05277777777777778 0.078125
1 0.24097222222222223 0.2326388888888889 0.05138888888888889 0.06944444444444445
1 0.17569444444444443 0.4765625 0.05694444444444444 0.07118055555555555
1 0.18125 0.6822916666666666 0.05138888888888889 0.06597222222222222
1 0.02847222222222222 0.7387152777777778 0.05416666666666667 0.06076388888888889
1 0.06319444444444444 0.9244791666666666 0.04583333333333333 0.07118055555555555
1 0.6868055555555556 0.1779513888888889 0.04861111111111111 0.07118055555555555
1 0.8263888888888888 0.2092013888888889 0.058333333333333334 0.07118055555555555
1 0.6277777777777778 0.5381944444444444 0.058333333333333334 0.08333333333333333
1 0.5923611111111111 0.7977430555555556 0.05138888888888889 0.07118055555555555
1 0.6916666666666667 0.9487847222222222 0.05277777777777778 0.07118055555555555
1 0.8888888888888888 0.5190972222222222 0.058333333333333334 0.07291666666666667
