2 0.5131944444444444 0.043402777777777776 0.0875 0.08333333333333333
2 0.17291666666666666 0.033854166666666664 0.07916666666666666 0.0642361111111111
2 0.10347222222222222 0.20833333333333334 0.0625 0.09375
2 0.16041666666666668 0.2604166666666667 0.08194444444444444 0.08333333333333333
2 0.23055555555555557 0.2855902777777778 0.06944444444444445 0.10243055555555555
2 0.23541666666666666 0.4982638888888889 0.08194444444444444 0.09375
2 0.12083333333333333 0.5364583333333334 0.06666666666666667 0.1111111111111111
2 0.5534722222222223 0.4253472222222222 0.0875 0.10069444444444445
2 0.7638888888888888 0.265625 0.08611111111111111 0.08680555555555555
2 0.8243055555555555 0.046875 0.0763888888888889 0.09027777777777778
2 0.9527777777777777 0.041666666666666664 0.06666666666666667 0.0798611111111111
2 0.9715277777777778 0.1831597222222222 0.05694444444444444 0.0954861111111111
2 0.9611111111111111 0.5703125 0.075 0.08854166666666667
2 0.5770833333333333 0.6467013888888888 0.07361111111111111 0.09895833333333333
2 0.6833333333333333 0.9227430555555556 0.06944444444444445 0.0920138888888889
2 0.41458333333333336 0.6597222222222222 0.07083333333333333 0.09722222222222222
2 0.3763888888888889 0.7317708333333334 0.075 0.06770833333333333
2 0.3854166666666667 0.8029513888888888 0.06805555555555555 0.078125
2 0.49444444444444446 0.9513888888888888 0.08055555555555556 0.07291666666666667
2 0.5805555555555556 0.9592013888888888 0.06111111111111111 0.06770833333333333
2 0.8263888888888888 0.7960069444444444 0.06111111111111111 0.0920138888888889
2 0.7673611111111112 0.6944444444444444 0.05694444444444444 0.10069444444444445
2 0.8222222222222222 0.6901041666666666 0.06388888888888888 0.0954861111111111
2 0.5736111111111111 0.7838541666666666 0.06388888888888888 0.0954861111111111
0 0.4527777777777778 0.7204861111111112 0.05555555555555555 0.08680555555555555
2 0.025694444444444443 0.3142361111111111 0.04861111111111111 0.09027777777777778
0 0.44513888888888886 0.1501736111111111 0.07361111111111111 0.08159722222222222
1 0.6402777777777777 0.027777777777777776 0.05 0.052083333333333336
0 0.21180555555555555 0.6927083333333334 0.0763888888888889 0.09027777777777778
2 0.9180555555555555 0.484375 0.07777777777777778 0.09722222222222222
1 0.03819444444444445 0.24739583333333334 0.04861111111111111 0.06076388888888889
2 0.2743055555555556 0.019965277777777776 0.059722222222222225 0.036458333333333336
7 0.34097222222222223 0.06163194444444445 0.06527777777777778 0.07465277777777778
0 0.22361111111111112 0.9809027777777778 0.06666666666666667 0.03125
