4 0.15416666666666667 0.15625 0.14166666666666666 0.16666666666666666
4 0.22916666666666666 0.4644097222222222 0.08611111111111111 0.07465277777777778
4 0.36875 0.4939236111111111 0.05416666666666667 0.09895833333333333
4 0.8701388888888889 0.6423611111111112 0.0763888888888889 0.08333333333333333
4 0.6777777777777778 0.7161458333333334 0.06944444444444445 0.05381944444444445
4 0.35 0.09809027777777778 0.15833333333333333 0.19270833333333334
4 0.60625 0.3559027777777778 0.0375 0.05555555555555555
4 0.225 0.2604166666666667 0.05277777777777778 0.1111111111111111
4 0.5673611111111111 0.9331597222222222 0.04027777777777778 0.057291666666666664
4 0.7972222222222223 0.8637152777777778 0.03888888888888889 0.043402777777777776
4 0.1638888888888889 0.2743055555555556 0.03611111111111111 0.04861111111111111
1 0.19305555555555556 0.2951388888888889 0.06111111111111111 0.08333333333333333
4 0.2847222222222222 0.2065972222222222 0.11388888888888889 0.08333333333333333
