1 0.07083333333333333 0.2543402777777778 0.05 0.06770833333333333
1 0.48055555555555557 0.24739583333333334 0.05 0.0642361111111111
1 0.6944444444444444 0.10503472222222222 0.05 0.07118055555555555
1 0.049305555555555554 0.5347222222222222 0.04861111111111111 0.059027777777777776
1 0.04652777777777778 0.5868055555555556 0.05138888888888889 0.059027777777777776
1 0.06736111111111111 0.8958333333333334 0.05416666666666667 0.06944444444444445
1 0.20694444444444443 0.8203125 0.05555555555555555 0.07118055555555555
1 0.7243055555555555 0.9479166666666666 0.05416666666666667 0.07291666666666667
0 0.5618055555555556 0.10850694444444445 0.07361111111111111 0.0954861111111111
0 0.7826388888888889 0.14322916666666666 0.07083333333333333 0.08854166666666667
0 0.08333333333333333 0.4227430555555556 0.06666666666666667 0.08506944444444445
0 0.018055555555555554 0.3845486111111111 0.03333333333333333 0.078125
0 0.04236111111111111 0.4409722222222222 0.06805555555555555 0.08680555555555555
5 0.7465277777777778 0.19791666666666666 0.03194444444444444 0.03819444444444445
