1 0.13333333333333333 0.058159722222222224 0.05277777777777778 0.0642361111111111
1 0.3472222222222222 0.05642361111111111 0.05 0.06770833333333333
1 0.40902777777777777 0.08854166666666667 0.05138888888888889 0.0625
1 0.5993055555555555 0.08333333333333333 0.04861111111111111 0.06597222222222222
1 0.35347222222222224 0.2717013888888889 0.05416666666666667 0.06770833333333333
1 0.25555555555555554 0.21875 0.04722222222222222 0.06597222222222222
1 0.225 0.23177083333333334 0.04722222222222222 0.06076388888888889
1 0.10694444444444444 0.3567708333333333 0.05555555555555555 0.06076388888888889
1 0.041666666666666664 0.4227430555555556 0.044444444444444446 0.057291666666666664
1 0.09722222222222222 0.578125 0.05 0.059027777777777776
1 0.25972222222222224 0.2890625 0.04722222222222222 0.06770833333333333
1 0.31180555555555556 0.3394097222222222 0.043055555555555555 0.06076388888888889
1 0.030555555555555555 0.6380208333333334 0.04722222222222222 0.06076388888888889
1 0.04652777777777778 0.7092013888888888 0.04027777777777778 0.06076388888888889
1 0.014583333333333334 0.6970486111111112 0.02638888888888889 0.0642361111111111
1 0.16458333333333333 0.8142361111111112 0.04583333333333333 0.0625
1 0.12638888888888888 0.9131944444444444 0.05 0.06597222222222222
1 0.2298611111111111 0.4366319444444444 0.04861111111111111 0.0642361111111111
1 0.24027777777777778 0.5017361111111112 0.04722222222222222 0.05555555555555555
1 0.2520833333333333 0.5425347222222222 0.04027777777777778 0.046875
1 0.36180555555555555 0.5295138888888888 0.043055555555555555 0.059027777777777776
1 0.3263888888888889 0.6640625 0.044444444444444446 0.057291666666666664
1 0.4215277777777778 0.703125 0.04583333333333333 0.0625
1 0.3506944444444444 0.7899305555555556 0.04027777777777778 0.052083333333333336
1 0.33055555555555555 0.8359375 0.05277777777777778 0.046875
1 0.30694444444444446 0.9748263888888888 0.044444444444444446 0.043402777777777776
1 0.34444444444444444 0.9322916666666666 0.05 0.059027777777777776
1 0.39652777777777776 0.9305555555555556 0.04027777777777778 0.059027777777777776
1 0.42777777777777776 0.8914930555555556 0.041666666666666664 0.057291666666666664
1 0.4979166666666667 0.8090277777777778 0.04583333333333333 0.05555555555555555
1 0.6173611111111111 0.6440972222222222 0.043055555555555555 0.059027777777777776
1 0.5590277777777778 0.3671875 0.04027777777777778 0.057291666666666664
1 0.6229166666666667 0.2916666666666667 0.043055555555555555 0.059027777777777776
1 0.6076388888888888 0.3368055555555556 0.04027777777777778 0.05555555555555555
1 0.6166666666666667 0.5138888888888888 0.041666666666666664 0.059027777777777776
1 0.6986111111111111 0.3263888888888889 0.04722222222222222 0.0625
1 0.7548611111111111 0.0685763888888889 0.04583333333333333 0.06076388888888889
1 0.6465277777777778 0.026909722222222224 0.04027777777777778 0.050347222222222224
1 0.6868055555555556 0.030381944444444444 0.04027777777777778 0.057291666666666664
1 0.7381944444444445 0.2734375 0.04861111111111111 0.06076388888888889
1 0.8763888888888889 0.05381944444444445 0.05 0.05555555555555555
1 0.9826388888888888 0.04600694444444445 0.034722222222222224 0.06076388888888889
1 0.9319444444444445 0.20399305555555555 0.044444444444444446 0.06076388888888889
1 0.9604166666666667 0.17881944444444445 0.04027777777777778 0.05555555555555555
1 0.89375 0.2751736111111111 0.04027777777777778 0.06076388888888889
1 0.8479166666666667 0.3862847222222222 0.04583333333333333 0.06076388888888889
1 0.8763888888888889 0.4210069444444444 0.041666666666666664 0.057291666666666664
1 0.8340277777777778 0.6163194444444444 0.043055555555555555 0.05555555555555555
1 0.775 0.6649305555555556 0.044444444444444446 0.06597222222222222
1 0.6604166666666667 0.7934027777777778 0.043055555555555555 0.0625
1 0.6819444444444445 0.9713541666666666 0.044444444444444446 0.050347222222222224
1 0.8083333333333333 0.71875 0.041666666666666664 0.059027777777777776
1 0.8951388888888889 0.6154513888888888 0.043055555555555555 0.057291666666666664
1 0.8826388888888889 0.6675347222222222 0.043055555555555555 0.057291666666666664
1 0.9604166666666667 0.7265625 0.05138888888888889 0.0642361111111111
1 0.9444444444444444 0.8663194444444444 0.044444444444444446 0.0625
1 0.9847222222222223 0.9262152777777778 0.030555555555555555 0.06076388888888889
3 0.2847222222222222 0.4461805555555556 0.05277777777777778 0.0625
3 0.27291666666666664 0.3324652777777778 0.0375 0.050347222222222224
3 0.9465277777777777 0.1189236111111111 0.04583333333333333 0.0642361111111111
