1 0.15625 0.08680555555555555 0.05138888888888889 0.06944444444444445
1 0.4548611111111111 0.08246527777777778 0.04861111111111111 0.06076388888888889
1 0.39305555555555555 0.2664930555555556 0.05 0.0642361111111111
1 0.47638888888888886 0.4366319444444444 0.05555555555555555 0.06770833333333333
1 0.54375 0.4401041666666667 0.05138888888888889 0.06770833333333333
1 0.1597222222222222 0.7708333333333334 0.05555555555555555 0.06597222222222222
1 0.2881944444444444 0.7239583333333334 0.05694444444444444 0.06944444444444445
1 0.2361111111111111 0.8541666666666666 0.05555555555555555 0.0625
1 0.4236111111111111 0.7482638888888888 0.06111111111111111 0.06944444444444445
1 0.6951388888888889 0.6310763888888888 0.0625 0.07118055555555555
1 0.6944444444444444 0.7265625 0.05555555555555555 0.0642361111111111
1 0.5222222222222223 0.9331597222222222 0.06388888888888888 0.0642361111111111
1 0.8458333333333333 0.9678819444444444 0.058333333333333334 0.0642361111111111
