1 0.10416666666666667 0.0920138888888889 0.06111111111111111 0.06597222222222222
1 0.4361111111111111 0.4956597222222222 0.058333333333333334 0.06770833333333333
1 0.3506944444444444 0.6276041666666666 0.05416666666666667 0.06076388888888889
1 0.2375 0.6770833333333334 0.05277777777777778 0.0625
1 0.28541666666666665 0.8776041666666666 0.04583333333333333 0.06076388888888889
1 0.10625 0.3220486111111111 0.05416666666666667 0.06076388888888889
1 0.4375 0.2743055555555556 0.05555555555555555 0.0625
1 0.45069444444444445 0.21180555555555555 0.05138888888888889 0.0625
1 0.5840277777777778 0.2309027777777778 0.04861111111111111 0.0625
1 0.5638888888888889 0.3151041666666667 0.04722222222222222 0.0642361111111111
1 0.5875 0.5494791666666666 0.044444444444444446 0.06076388888888889
1 0.7777777777777778 0.3229166666666667 0.05277777777777778 0.0625
1 0.5479166666666667 0.017361111111111112 0.04861111111111111 0.03125
1 0.38055555555555554 0.8680555555555556 0.04722222222222222 0.059027777777777776
1 0.5048611111111111 0.9322916666666666 0.04861111111111111 0.0625
1 0.8326388888888889 0.5329861111111112 0.05694444444444444 0.0625
1 0.6138888888888889 0.6579861111111112 0.05 0.0625
1 0.5875 0.7873263888888888 0.05277777777777778 0.06076388888888889
1 0.8506944444444444 0.7977430555555556 0.05416666666666667 0.0642361111111111
1 0.9833333333333333 0.2647569444444444 0.03333333333333333 0.06770833333333333
1 0.8784722222222222 0.4973958333333333 0.04861111111111111 0.06076388888888889
1 0.9361111111111111 0.6319444444444444 0.04722222222222222 0.06597222222222222
1 0.6298611111111111 0.7222222222222222 0.043055555555555555 0.059027777777777776
1 0.18611111111111112 0.078125 0.041666666666666664 0.05555555555555555
1 0.275 0.1076388888888889 0.044444444444444446 0.059027777777777776
1 0.37083333333333335 0.12586805555555555 0.044444444444444446 0.050347222222222224
1 0.09722222222222222 0.9592013888888888 0.05277777777777778 0.05381944444444445
1 0.03194444444444444 0.7699652777777778 0.05 0.057291666666666664
1 0.7444444444444445 0.1449652777777778 0.05 0.057291666666666664
1 0.7680555555555556 0.1032986111111111 0.05277777777777778 0.06076388888888889
1 0.58125 0.4453125 0.0625 0.078125
1 0.24375 0.16145833333333334 0.05138888888888889 0.05555555555555555
1 0.25069444444444444 0.2222222222222222 0.05138888888888889 0.059027777777777776
1 0.21736111111111112 0.24131944444444445 0.05138888888888889 0.05555555555555555
3 0.7881944444444444 0.4149305555555556 0.05694444444444444 0.06944444444444445
1 0.7861111111111111 0.8567708333333334 0.04722222222222222 0.06076388888888889
1 0.7888888888888889 0.921875 0.05555555555555555 0.0625
1 0.8479166666666667 0.9626736111111112 0.05416666666666667 0.0642361111111111
1 0.7465277777777778 0.9487847222222222 0.04583333333333333 0.057291666666666664
1 0.23472222222222222 0.09027777777777778 0.05555555555555555 0.05555555555555555
1 0.016666666666666666 0.033854166666666664 0.030555555555555555 0.050347222222222224
1 0.3638888888888889 0.017361111111111112 0.05277777777777778 0.03125
1 0.011805555555555555 0.3671875 0.020833333333333332 0.05381944444444445
1 0.04722222222222222 0.013020833333333334 0.041666666666666664 0.022569444444444444
1 0.9888888888888889 0.1909722222222222 0.022222222222222223 0.06597222222222222
