5 0.17916666666666667 0.022569444444444444 0.03888888888888889 0.041666666666666664
5 0.7548611111111111 0.4965277777777778 0.034722222222222224 0.04861111111111111
5 0.2659722222222222 0.7543402777777778 0.043055555555555555 0.050347222222222224
5 0.3194444444444444 0.18489583333333334 0.027777777777777776 0.03993055555555555
0 0.78125 0.9453125 0.05138888888888889 0.078125
5 0.22152777777777777 0.4973958333333333 0.029166666666666667 0.036458333333333336
5 0.21944444444444444 0.4739583333333333 0.03333333333333333 0.03819444444444445
7 0.7715277777777778 0.53125 0.059722222222222225 0.08333333333333333
5 0.8159722222222222 0.9340277777777778 0.029166666666666667 0.034722222222222224
5 0.8083333333333333 0.9097222222222222 0.025 0.034722222222222224
5 0.33402777777777776 0.1579861111111111 0.029166666666666667 0.034722222222222224
5 0.34097222222222223 0.1831597222222222 0.02361111111111111 0.036458333333333336
