2 0.3659722222222222 0.09635416666666667 0.08194444444444444 0.0920138888888889
2 0.30277777777777776 0.21961805555555555 0.06944444444444445 0.0954861111111111
2 0.22916666666666666 0.3151041666666667 0.06111111111111111 0.0954861111111111
2 0.5298611111111111 0.4366319444444444 0.06805555555555555 0.11284722222222222
2 0.59375 0.6553819444444444 0.06527777777777778 0.10590277777777778
2 0.3173611111111111 0.5911458333333334 0.0763888888888889 0.09895833333333333
2 0.12916666666666668 0.6302083333333334 0.075 0.0798611111111111
2 0.17916666666666667 0.8029513888888888 0.07777777777777778 0.08506944444444445
2 0.16458333333333333 0.8958333333333334 0.0625 0.0798611111111111
2 0.03194444444444444 0.9184027777777778 0.06111111111111111 0.09027777777777778
2 0.19166666666666668 0.5842013888888888 0.06388888888888888 0.078125
2 0.8715277777777778 0.2760416666666667 0.06527777777777778 0.09027777777777778
2 0.8069444444444445 0.0703125 0.07222222222222222 0.078125
2 0.7145833333333333 0.7934027777777778 0.05694444444444444 0.08333333333333333
2 0.7951388888888888 0.8914930555555556 0.08472222222222223 0.08854166666666667
2 0.9381944444444444 0.9557291666666666 0.07083333333333333 0.078125
2 0.8763888888888889 0.5286458333333334 0.08333333333333333 0.0954861111111111
2 0.6763888888888889 0.7074652777777778 0.06666666666666667 0.078125
0 0.8652777777777778 0.6927083333333334 0.06666666666666667 0.08333333333333333
0 0.14375 0.7022569444444444 0.059722222222222225 0.07118055555555555
0 0.19236111111111112 0.5060763888888888 0.07083333333333333 0.08854166666666667
2 0.6895833333333333 0.3350694444444444 0.05416666666666667 0.08680555555555555
0 0.41041666666666665 0.9592013888888888 0.0625 0.0642361111111111
2 0.7145833333333333 0.8984375 0.0625 0.07118055555555555
2 0.05 0.026909722222222224 0.06666666666666667 0.050347222222222224
2 0.011805555555555555 0.2899305555555556 0.020833333333333332 0.0763888888888889
7 0.8861111111111111 0.9322916666666666 0.05277777777777778 0.0625
7 0.2798611111111111 0.14583333333333334 0.034722222222222224 0.041666666666666664
7 0.3125 0.375 0.030555555555555555 0.034722222222222224
7 0.11875 0.4322916666666667 0.03194444444444444 0.03819444444444445
7 0.3715277777777778 0.6892361111111112 0.034722222222222224 0.041666666666666664
