6 0.21458333333333332 0.1796875 0.0763888888888889 0.07465277777777778
6 0.7465277777777778 0.17274305555555555 0.05416666666666667 0.078125
6 0.8611111111111112 0.1909722222222222 0.058333333333333334 0.09375
6 0.6722222222222223 0.4609375 0.1 0.0954861111111111
6 0.9048611111111111 0.8003472222222222 0.07916666666666666 0.0798611111111111
6 0.5083333333333333 0.9635416666666666 0.07777777777777778 0.059027777777777776
6 0.1451388888888889 0.5095486111111112 0.06805555555555555 0.08506944444444445
6 0.03611111111111111 0.6328125 0.06944444444444445 0.07118055555555555
6 0.027083333333333334 0.3072916666666667 0.05138888888888889 0.08680555555555555
6 0.13958333333333334 0.2204861111111111 0.07083333333333333 0.11458333333333333
6 0.050694444444444445 0.9574652777777778 0.08472222222222223 0.078125
6 0.21875 0.2951388888888889 0.06805555555555555 0.08680555555555555
7 0.66875 0.05642361111111111 0.0875 0.109375
7 0.21736111111111112 0.6970486111111112 0.04861111111111111 0.078125
7 0.9166666666666666 0.6128472222222222 0.05277777777777778 0.05555555555555555
6 0.94375 0.22395833333333334 0.10138888888888889 0.06944444444444445
