6 0.03680555555555556 0.04513888888888889 0.05138888888888889 0.08680555555555555
6 0.35694444444444445 0.0642361111111111 0.08055555555555556 0.08680555555555555
6 0.5680555555555555 0.08246527777777778 0.08333333333333333 0.11631944444444445
6 0.6020833333333333 0.08246527777777778 0.059722222222222225 0.11631944444444445
6 0.9652777777777778 0.0954861111111111 0.06944444444444445 0.13541666666666666
6 0.7548611111111111 0.2265625 0.09861111111111111 0.1232638888888889
6 0.9548611111111112 0.3012152777777778 0.09027777777777778 0.11979166666666667
6 0.7701388888888889 0.3680555555555556 0.059722222222222225 0.08680555555555555
6 0.6159722222222223 0.3949652777777778 0.0763888888888889 0.11284722222222222
6 0.4979166666666667 0.1840277777777778 0.0875 0.12152777777777778
6 0.3798611111111111 0.4479166666666667 0.1125 0.09375
6 0.4548611111111111 0.3428819444444444 0.08472222222222223 0.0954861111111111
6 0.2951388888888889 0.3515625 0.09027777777777778 0.09895833333333333
6 0.1798611111111111 0.3350694444444444 0.08472222222222223 0.125
6 0.15694444444444444 0.5173611111111112 0.08888888888888889 0.10416666666666667
6 0.029166666666666667 0.4513888888888889 0.05555555555555555 0.11805555555555555
6 0.14305555555555555 0.7352430555555556 0.08055555555555556 0.08159722222222222
6 0.04861111111111111 0.9305555555555556 0.08611111111111111 0.09027777777777778
6 0.2 0.7934027777777778 0.05 0.06597222222222222
6 0.28541666666666665 0.8020833333333334 0.1125 0.0763888888888889
6 0.30416666666666664 0.8628472222222222 0.05555555555555555 0.0798611111111111
6 0.2701388888888889 0.8732638888888888 0.05694444444444444 0.08680555555555555
6 0.5708333333333333 0.6710069444444444 0.10277777777777777 0.08159722222222222
6 0.7777777777777778 0.6640625 0.08611111111111111 0.0920138888888889
6 0.5215277777777778 0.9479166666666666 0.0875 0.08333333333333333
6 0.9458333333333333 0.9045138888888888 0.08888888888888889 0.10069444444444445
6 0.9222222222222223 0.6684027777777778 0.10833333333333334 0.09375
6 0.9354166666666667 0.765625 0.10416666666666667 0.11805555555555555
6 0.6194444444444445 0.9157986111111112 0.05 0.08159722222222222
6 0.6006944444444444 0.2960069444444444 0.12916666666666668 0.10243055555555555
6 0.6680555555555555 0.8046875 0.09722222222222222 0.09895833333333333
