1 0.06180555555555556 0.3376736111111111 0.05694444444444444 0.078125
1 0.06944444444444445 0.8758680555555556 0.06111111111111111 0.07118055555555555
1 0.4875 0.9461805555555556 0.058333333333333334 0.07291666666666667
1 0.21458333333333332 0.2690972222222222 0.05138888888888889 0.0625
1 0.3784722222222222 0.2092013888888889 0.05138888888888889 0.06076388888888889
1 0.3333333333333333 0.3784722222222222 0.05277777777777778 0.06944444444444445
1 0.25 0.4817708333333333 0.06111111111111111 0.0642361111111111
1 0.6791666666666667 0.1875 0.05277777777777778 0.059027777777777776
1 0.8680555555555556 0.5086805555555556 0.06111111111111111 0.07291666666666667
1 0.9458333333333333 0.06770833333333333 0.05277777777777778 0.06944444444444445
