0 0.19791666666666666 0.042534722222222224 0.059722222222222225 0.08159722222222222
0 0.49166666666666664 0.1293402777777778 0.058333333333333334 0.078125
2 0.9493055555555555 0.0642361111111111 0.07361111111111111 0.09375
2 0.8430555555555556 0.17100694444444445 0.06944444444444445 0.0920138888888889
2 0.6048611111111111 0.12152777777777778 0.06805555555555555 0.09722222222222222
2 0.9256944444444445 0.5763888888888888 0.08194444444444444 0.09722222222222222
2 0.9333333333333333 0.6822916666666666 0.09166666666666666 0.09027777777777778
2 0.9104166666666667 0.8454861111111112 0.07916666666666666 0.1111111111111111
2 0.6381944444444444 0.5138888888888888 0.06805555555555555 0.11805555555555555
2 0.6979166666666666 0.5147569444444444 0.06527777777777778 0.0954861111111111
2 0.4527777777777778 0.5321180555555556 0.075 0.10590277777777778
2 0.5756944444444444 0.7152777777777778 0.07361111111111111 0.09375
2 0.34375 0.6736111111111112 0.07083333333333333 0.08333333333333333
2 0.49722222222222223 0.7682291666666666 0.09166666666666666 0.08506944444444445
2 0.19444444444444445 0.9123263888888888 0.06944444444444445 0.09895833333333333
2 0.11736111111111111 0.9157986111111112 0.07361111111111111 0.08854166666666667
0 0.7375 0.8585069444444444 0.06111111111111111 0.0954861111111111
2 0.8541666666666666 0.9652777777777778 0.075 0.059027777777777776
1 0.5652777777777778 0.2977430555555556 0.04722222222222222 0.05381944444444445
2 0.29583333333333334 0.026909722222222224 0.06944444444444445 0.050347222222222224
2 0.7847222222222222 0.024305555555555556 0.075 0.04513888888888889
2 0.4048611111111111 0.9800347222222222 0.05138888888888889 0.029513888888888888
