1 0.04236111111111111 0.043402777777777776 0.04583333333333333 0.0625
1 0.21180555555555555 0.10243055555555555 0.04861111111111111 0.059027777777777776
1 0.16527777777777777 0.13802083333333334 0.04722222222222222 0.06076388888888889
1 0.15 0.18229166666666666 0.044444444444444446 0.059027777777777776
1 0.27152777777777776 0.2638888888888889 0.05416666666666667 0.0625
1 0.14375 0.4522569444444444 0.04861111111111111 0.06076388888888889
1 0.25625 0.3914930555555556 0.04861111111111111 0.0642361111111111
1 0.35 0.19791666666666666 0.04722222222222222 0.0625
1 0.38125 0.2300347222222222 0.04861111111111111 0.0642361111111111
1 0.4965277777777778 0.0546875 0.05138888888888889 0.06076388888888889
1 0.6930555555555555 0.07552083333333333 0.05555555555555555 0.0642361111111111
1 0.5833333333333334 0.2543402777777778 0.05 0.0642361111111111
1 0.02361111111111111 0.5625 0.044444444444444446 0.059027777777777776
1 0.03611111111111111 0.6857638888888888 0.05 0.059027777777777776
1 0.1527777777777778 0.59375 0.05277777777777778 0.059027777777777776
1 0.3020833333333333 0.4800347222222222 0.04583333333333333 0.05381944444444445
1 0.28125 0.515625 0.04583333333333333 0.05555555555555555
1 0.3770833333333333 0.5642361111111112 0.04583333333333333 0.06597222222222222
1 0.27361111111111114 0.7621527777777778 0.04722222222222222 0.0625
1 0.21597222222222223 0.9592013888888888 0.04861111111111111 0.057291666666666664
1 0.034722222222222224 0.7369791666666666 0.03888888888888889 0.05381944444444445
1 0.46875 0.4253472222222222 0.05694444444444444 0.06597222222222222
1 0.5263888888888889 0.4565972222222222 0.05277777777777778 0.06597222222222222
1 0.6076388888888888 0.5581597222222222 0.05694444444444444 0.07118055555555555
1 0.48541666666666666 0.6032986111111112 0.04583333333333333 0.057291666666666664
1 0.46597222222222223 0.6345486111111112 0.04583333333333333 0.057291666666666664
1 0.5048611111111111 0.6484375 0.04583333333333333 0.06076388888888889
1 0.7576388888888889 0.1987847222222222 0.05138888888888889 0.06770833333333333
1 0.9090277777777778 0.10850694444444445 0.05138888888888889 0.06770833333333333
3 0.9652777777777778 0.15364583333333334 0.04722222222222222 0.08159722222222222
1 0.59375 0.1484375 0.05138888888888889 0.0642361111111111
1 0.6763888888888889 0.2647569444444444 0.04722222222222222 0.06076388888888889
1 0.6694444444444444 0.3116319444444444 0.05277777777777778 0.06076388888888889
1 0.7902777777777777 0.4010416666666667 0.05277777777777778 0.06597222222222222
1 0.8229166666666666 0.453125 0.05138888888888889 0.0625
1 0.9569444444444445 0.4401041666666667 0.05 0.0642361111111111
3 0.6215277777777778 0.1111111111111111 0.05138888888888889 0.07291666666666667
1 0.9145833333333333 0.6302083333333334 0.05694444444444444 0.07291666666666667
1 0.6256944444444444 0.796875 0.05138888888888889 0.06597222222222222
1 0.42083333333333334 0.7395833333333334 0.05555555555555555 0.0625
1 0.3263888888888889 0.9192708333333334 0.05277777777777778 0.07118055555555555
1 0.41805555555555557 0.8888888888888888 0.05 0.06597222222222222
1 0.4847222222222222 0.8402777777777778 0.04722222222222222 0.059027777777777776
1 0.5270833333333333 0.8116319444444444 0.04583333333333333 0.0642361111111111
1 0.5979166666666667 0.8845486111111112 0.05138888888888889 0.0642361111111111
1 0.7875 0.7960069444444444 0.05 0.06076388888888889
1 0.81875 0.8515625 0.04583333333333333 0.057291666666666664
1 0.9472222222222222 0.4991319444444444 0.05555555555555555 0.05381944444444445
1 0.8694444444444445 0.7256944444444444 0.05 0.06597222222222222
1 0.8326388888888889 0.7300347222222222 0.04583333333333333 0.06076388888888889
1 0.011805555555555555 0.7447916666666666 0.020833333333333332 0.0625
7 0.7743055555555556 0.9001736111111112 0.07083333333333333 0.09895833333333333
1 0.7618055555555555 0.9835069444444444 0.05416666666666667 0.03298611111111111
