0 0.3416666666666667 0.1657986111111111 0.06388888888888888 0.08506944444444445
0 0.3590277777777778 0.4626736111111111 0.07361111111111111 0.0954861111111111
0 0.8583333333333333 0.1640625 0.07777777777777778 0.08159722222222222
0 0.15138888888888888 0.9071180555555556 0.06111111111111111 0.07118055555555555
2 0.3451388888888889 0.7248263888888888 0.06805555555555555 0.08159722222222222
2 0.5194444444444445 0.7881944444444444 0.07222222222222222 0.10416666666666667
2 0.6076388888888888 0.6345486111111112 0.06805555555555555 0.08854166666666667
2 0.7611111111111111 0.6614583333333334 0.07222222222222222 0.10069444444444445
2 0.9694444444444444 0.3880208333333333 0.06111111111111111 0.1267361111111111
0 0.7111111111111111 0.4878472222222222 0.06388888888888888 0.09027777777777778
2 0.6465277777777778 0.058159722222222224 0.0763888888888889 0.09895833333333333
0 0.24305555555555555 0.5651041666666666 0.04722222222222222 0.06770833333333333
1 0.5486111111111112 0.2534722222222222 0.04722222222222222 0.0625
1 0.8229166666666666 0.4696180555555556 0.043055555555555555 0.06076388888888889
2 0.9833333333333333 0.5234375 0.03333333333333333 0.09895833333333333
2 0.8756944444444444 0.3151041666666667 0.0625 0.08506944444444445
1 0.3388888888888889 0.3098958333333333 0.044444444444444446 0.050347222222222224
3 0.30069444444444443 0.2986111111111111 0.04583333333333333 0.052083333333333336
