1 0.04375 0.5729166666666666 0.059722222222222225 0.06944444444444445
1 0.6395833333333333 0.8793402777777778 0.05694444444444444 0.0642361111111111
0 0.8090277777777778 0.3741319444444444 0.0763888888888889 0.09895833333333333
6 0.5569444444444445 0.6623263888888888 0.26666666666666666 0.3559027777777778
0 0.40694444444444444 0.2934027777777778 0.08055555555555556 0.08333333333333333
0 0.4701388888888889 0.2838541666666667 0.05694444444444444 0.08854166666666667
0 0.4673611111111111 0.3550347222222222 0.05138888888888889 0.06770833333333333
0 0.08472222222222223 0.8637152777777778 0.06944444444444445 0.09895833333333333
7 0.10694444444444444 0.7291666666666666 0.06944444444444445 0.09027777777777778
0 0.09513888888888888 0.7925347222222222 0.07361111111111111 0.078125
7 0.24444444444444444 0.9652777777777778 0.06944444444444445 0.0625
7 0.7645833333333333 0.036458333333333336 0.04861111111111111 0.059027777777777776
7 0.5152777777777777 0.9704861111111112 0.06944444444444445 0.04861111111111111
7 0.19375 0.6979166666666666 0.0625 0.0798611111111111
5 0.2375 0.7204861111111112 0.03333333333333333 0.03819444444444445
