2 0.21458333333333332 0.029513888888888888 0.0625 0.05555555555555555
2 0.2659722222222222 0.1284722222222222 0.08194444444444444 0.09027777777777778
2 0.3055555555555556 0.21006944444444445 0.06111111111111111 0.08680555555555555
2 0.31527777777777777 0.4479166666666667 0.075 0.11458333333333333
2 0.6541666666666667 0.09895833333333333 0.06666666666666667 0.10069444444444445
2 0.8652777777777778 0.6961805555555556 0.075 0.10069444444444445
2 0.8444444444444444 0.9288194444444444 0.06111111111111111 0.09027777777777778
2 0.2875 0.9322916666666666 0.08611111111111111 0.08333333333333333
2 0.2 0.5321180555555556 0.075 0.0920138888888889
2 0.043055555555555555 0.2951388888888889 0.06388888888888888 0.09375
2 0.07222222222222222 0.4626736111111111 0.06944444444444445 0.0920138888888889
2 0.08472222222222223 0.5564236111111112 0.06111111111111111 0.0920138888888889
2 0.05763888888888889 0.9270833333333334 0.07361111111111111 0.10069444444444445
2 0.14722222222222223 0.6102430555555556 0.07222222222222222 0.0920138888888889
2 0.18611111111111112 0.7777777777777778 0.075 0.08333333333333333
2 0.09861111111111111 0.2821180555555556 0.05555555555555555 0.06770833333333333
0 0.15625 0.4131944444444444 0.0625 0.0763888888888889
0 0.7840277777777778 0.22395833333333334 0.06527777777777778 0.1076388888888889
0 0.6291666666666667 0.5095486111111112 0.058333333333333334 0.078125
2 0.4777777777777778 0.8046875 0.06111111111111111 0.08506944444444445
1 0.4388888888888889 0.9027777777777778 0.03888888888888889 0.059027777777777776
0 0.45555555555555555 0.5234375 0.06388888888888888 0.10243055555555555
0 0.6965277777777777 0.3723958333333333 0.06805555555555555 0.0954861111111111
7 0.25 0.6953125 0.06388888888888888 0.0954861111111111
7 0.44513888888888886 0.7543402777777778 0.07361111111111111 0.08159722222222222
0 0.9770833333333333 0.7196180555555556 0.04583333333333333 0.08159722222222222
2 0.6979166666666666 0.024305555555555556 0.06805555555555555 0.04513888888888889
2 0.625 0.022569444444444444 0.06111111111111111 0.041666666666666664
1 0.0125 0.3932291666666667 0.022222222222222223 0.06076388888888889
2 0.9847222222222223 0.2421875 0.030555555555555555 0.1545138888888889
