1 0.30069444444444443 0.03125 0.05138888888888889 0.059027777777777776
1 0.3263888888888889 0.5607638888888888 0.05555555555555555 0.06944444444444445
1 0.7125 0.1467013888888889 0.058333333333333334 0.0642361111111111
1 0.8222222222222222 0.16927083333333334 0.05 0.0642361111111111
1 0.8013888888888889 0.5833333333333334 0.05555555555555555 0.0763888888888889
1 0.5868055555555556 0.5581597222222222 0.05694444444444444 0.07465277777777778
1 0.49027777777777776 0.4210069444444444 0.05277777777777778 0.06770833333333333
1 0.8430555555555556 0.4236111111111111 0.05277777777777778 0.06597222222222222
1 0.7263888888888889 0.7005208333333334 0.058333333333333334 0.07118055555555555
1 0.6423611111111112 0.7612847222222222 0.05416666666666667 0.07465277777777778
1 0.7805555555555556 0.96875 0.05277777777777778 0.0625
