2 0.7680555555555556 0.5685763888888888 0.07222222222222222 0.09895833333333333
2 0.9111111111111111 0.5564236111111112 0.075 0.10243055555555555
2 0.9791666666666666 0.22743055555555555 0.041666666666666664 0.09375
2 0.7340277777777777 0.3472222222222222 0.07361111111111111 0.08333333333333333
2 0.5263888888888889 0.4166666666666667 0.08888888888888889 0.10069444444444445
2 0.7868055555555555 0.8020833333333334 0.07361111111111111 0.10069444444444445
2 0.6326388888888889 0.8741319444444444 0.08194444444444444 0.0920138888888889
2 0.5298611111111111 0.8159722222222222 0.06527777777777778 0.10069444444444445
2 0.5048611111111111 0.6362847222222222 0.06527777777777778 0.0954861111111111
2 0.35347222222222224 0.5277777777777778 0.0625 0.10069444444444445
2 0.2263888888888889 0.4149305555555556 0.06944444444444445 0.09722222222222222
2 0.15902777777777777 0.3289930555555556 0.06805555555555555 0.08854166666666667
2 0.2916666666666667 0.5373263888888888 0.06944444444444445 0.08854166666666667
2 0.25625 0.8654513888888888 0.0625 0.0920138888888889
2 0.37222222222222223 0.8741319444444444 0.07777777777777778 0.08854166666666667
2 0.5048611111111111 0.9704861111111112 0.0625 0.059027777777777776
0 0.26180555555555557 0.6501736111111112 0.059722222222222225 0.078125
0 0.24027777777777778 0.7717013888888888 0.06944444444444445 0.08159722222222222
2 0.48333333333333334 0.2439236111111111 0.07222222222222222 0.10243055555555555
2 0.6208333333333333 0.06510416666666667 0.08055555555555556 0.08159722222222222
2 0.5826388888888889 0.14322916666666666 0.07083333333333333 0.07465277777777778
2 0.7590277777777777 0.14756944444444445 0.0625 0.0798611111111111
0 0.7965277777777777 0.05295138888888889 0.0625 0.078125
0 0.7840277777777778 0.296875 0.06527777777777778 0.09027777777777778
0 0.8583333333333333 0.7760416666666666 0.05277777777777778 0.0798611111111111
2 0.19722222222222222 0.2508680555555556 0.08055555555555556 0.0920138888888889
2 0.021527777777777778 0.3046875 0.04027777777777778 0.1232638888888889
1 0.6284722222222222 0.7482638888888888 0.04583333333333333 0.059027777777777776
0 0.8069444444444445 0.9513888888888888 0.06666666666666667 0.0763888888888889
2 0.016666666666666666 0.5833333333333334 0.030555555555555555 0.06944444444444445
2 0.44722222222222224 0.017361111111111112 0.06388888888888888 0.03125
