2 0.44513888888888886 0.09027777777777778 0.07361111111111111 0.09722222222222222
2 0.7916666666666666 0.109375 0.075 0.09375
2 0.5479166666666667 0.12065972222222222 0.07361111111111111 0.0920138888888889
2 0.48125 0.2482638888888889 0.07916666666666666 0.10069444444444445
2 0.24513888888888888 0.3229166666666667 0.07083333333333333 0.10069444444444445
2 0.3277777777777778 0.4704861111111111 0.06944444444444445 0.1111111111111111
2 0.15347222222222223 0.4505208333333333 0.0763888888888889 0.10243055555555555
2 0.5763888888888888 0.6319444444444444 0.07777777777777778 0.1076388888888889
2 0.7145833333333333 0.6171875 0.08472222222222223 0.0954861111111111
2 0.30416666666666664 0.8585069444444444 0.08055555555555556 0.0920138888888889
0 0.86875 0.9288194444444444 0.06527777777777778 0.10069444444444445
2 0.63125 0.796875 0.059722222222222225 0.0763888888888889
2 0.6479166666666667 0.9739583333333334 0.059722222222222225 0.04513888888888889
2 0.5847222222222223 0.9704861111111112 0.06388888888888888 0.052083333333333336
2 0.98125 0.9036458333333334 0.0375 0.10243055555555555
1 0.8298611111111112 0.2777777777777778 0.04583333333333333 0.052083333333333336
1 0.4222222222222222 0.359375 0.044444444444444446 0.05555555555555555
1 0.3333333333333333 0.9592013888888888 0.044444444444444446 0.06076388888888889
2 0.019444444444444445 0.7126736111111112 0.03611111111111111 0.0642361111111111
2 0.016666666666666666 0.6345486111111112 0.030555555555555555 0.078125
2 0.06805555555555555 0.5286458333333334 0.10277777777777777 0.0954861111111111
2 0.7666666666666667 0.021701388888888888 0.06111111111111111 0.03993055555555555
2 0.61875 0.015625 0.059722222222222225 0.027777777777777776
0 0.4826388888888889 0.7022569444444444 0.05416666666666667 0.08159722222222222
3 0.7520833333333333 0.7821180555555556 0.05416666666666667 0.0642361111111111
2 0.9847222222222223 0.018229166666666668 0.030555555555555555 0.03298611111111111
2 0.66875 0.8619791666666666 0.0875 0.109375
