1 0.7722222222222223 0.3055555555555556 0.06944444444444445 0.0798611111111111
1 0.34097222222222223 0.2769097222222222 0.08472222222222223 0.08506944444444445
1 0.7048611111111112 0.7083333333333334 0.07361111111111111 0.08680555555555555
1 0.15902777777777777 0.6623263888888888 0.07916666666666666 0.08506944444444445
1 0.09652777777777778 0.7569444444444444 0.0763888888888889 0.08333333333333333
1 0.6465277777777778 0.5086805555555556 0.09305555555555556 0.1284722222222222
1 0.8972222222222223 0.4131944444444444 0.06944444444444445 0.09375
1 0.9527777777777777 0.2569444444444444 0.07777777777777778 0.08680555555555555
1 0.6444444444444445 0.2847222222222222 0.07777777777777778 0.08680555555555555
1 0.7909722222222222 0.9088541666666666 0.0875 0.08159722222222222
