1 0.225 0.030381944444444444 0.04722222222222222 0.057291666666666664
1 0.12013888888888889 0.20572916666666666 0.043055555555555555 0.0642361111111111
1 0.07291666666666667 0.2378472222222222 0.04583333333333333 0.0625
1 0.26875 0.13194444444444445 0.04583333333333333 0.06597222222222222
1 0.40069444444444446 0.043402777777777776 0.04861111111111111 0.06597222222222222
1 0.18125 0.4010416666666667 0.04861111111111111 0.06597222222222222
1 0.26458333333333334 0.5104166666666666 0.04583333333333333 0.0625
1 0.4486111111111111 0.3541666666666667 0.044444444444444446 0.0625
1 0.4527777777777778 0.08506944444444445 0.044444444444444446 0.059027777777777776
1 0.5701388888888889 0.05555555555555555 0.043055555555555555 0.0625
1 0.5083333333333333 0.08680555555555555 0.04722222222222222 0.0625
1 0.5576388888888889 0.13020833333333334 0.04583333333333333 0.059027777777777776
1 0.024305555555555556 0.6354166666666666 0.04583333333333333 0.06597222222222222
1 0.06388888888888888 0.8394097222222222 0.04722222222222222 0.0642361111111111
1 0.27291666666666664 0.7847222222222222 0.043055555555555555 0.059027777777777776
1 0.1909722222222222 0.9401041666666666 0.04583333333333333 0.05381944444444445
1 0.24930555555555556 0.9236111111111112 0.04583333333333333 0.0625
1 0.5284722222222222 0.3350694444444444 0.04861111111111111 0.059027777777777776
1 0.5972222222222222 0.4097222222222222 0.044444444444444446 0.059027777777777776
1 0.7541666666666667 0.0920138888888889 0.044444444444444446 0.0625
1 0.7416666666666667 0.2795138888888889 0.04722222222222222 0.059027777777777776
1 0.7319444444444444 0.3289930555555556 0.04722222222222222 0.06076388888888889
1 0.9236111111111112 0.16493055555555555 0.04722222222222222 0.06597222222222222
1 0.9826388888888888 0.15885416666666666 0.034722222222222224 0.06770833333333333
1 0.8986111111111111 0.3289930555555556 0.04722222222222222 0.06076388888888889
1 0.4888888888888889 0.4522569444444444 0.03888888888888889 0.05381944444444445
1 0.45625 0.5043402777777778 0.04583333333333333 0.06076388888888889
1 0.5152777777777777 0.4817708333333333 0.044444444444444446 0.057291666666666664
1 0.5076388888888889 0.5494791666666666 0.04861111111111111 0.06076388888888889
1 0.53125 0.5815972222222222 0.043055555555555555 0.05555555555555555
1 0.5486111111111112 0.7300347222222222 0.04722222222222222 0.06076388888888889
1 0.8583333333333333 0.5842013888888888 0.05555555555555555 0.06770833333333333
1 0.90625 0.4071180555555556 0.05138888888888889 0.0642361111111111
1 0.9361111111111111 0.4340277777777778 0.041666666666666664 0.0625
1 0.9243055555555556 0.4904513888888889 0.04861111111111111 0.0642361111111111
1 0.9784722222222222 0.6961805555555556 0.043055555555555555 0.06944444444444445
1 0.9354166666666667 0.8307291666666666 0.043055555555555555 0.06770833333333333
1 0.7319444444444444 0.8802083333333334 0.04722222222222222 0.0625
1 0.4701388888888889 0.8663194444444444 0.05138888888888889 0.06597222222222222
1 0.35694444444444445 0.9661458333333334 0.041666666666666664 0.05381944444444445
1 0.5583333333333333 0.8350694444444444 0.044444444444444446 0.059027777777777776
1 0.5194444444444445 0.9071180555555556 0.05277777777777778 0.0642361111111111
1 0.5784722222222223 0.875 0.043055555555555555 0.059027777777777776
1 0.7034722222222223 0.7326388888888888 0.04583333333333333 0.059027777777777776
1 0.7319444444444444 0.6814236111111112 0.04722222222222222 0.06076388888888889
3 0.7666666666666667 0.6571180555555556 0.04722222222222222 0.07465277777777778
1 0.9847222222222223 0.8611111111111112 0.030555555555555555 0.06944444444444445
1 0.8527777777777777 0.9756944444444444 0.044444444444444446 0.034722222222222224
1 0.011805555555555555 0.5616319444444444 0.020833333333333332 0.05381944444444445
1 0.14791666666666667 0.012152777777777778 0.043055555555555555 0.020833333333333332
