1 0.9423611111111111 0.2881944444444444 0.05416666666666667 0.06597222222222222
1 0.8743055555555556 0.421875 0.05416666666666667 0.07291666666666667
1 0.7423611111111111 0.4826388888888889 0.04861111111111111 0.06597222222222222
1 0.8875 0.6666666666666666 0.05 0.0625
1 0.8569444444444444 0.203125 0.04722222222222222 0.0625
1 0.9666666666666667 0.1293402777777778 0.05277777777777778 0.06770833333333333
1 0.8027777777777778 0.07552083333333333 0.05 0.0642361111111111
1 0.7284722222222222 0.14930555555555555 0.04861111111111111 0.06597222222222222
1 0.5458333333333333 0.25 0.05 0.06597222222222222
1 0.6458333333333334 0.4314236111111111 0.041666666666666664 0.06076388888888889
1 0.5027777777777778 0.4965277777777778 0.04722222222222222 0.0625
1 0.4722222222222222 0.6414930555555556 0.05 0.0642361111111111
1 0.3458333333333333 0.3654513888888889 0.05555555555555555 0.0642361111111111
1 0.1638888888888889 0.3263888888888889 0.04722222222222222 0.0625
1 0.23402777777777778 0.06597222222222222 0.04861111111111111 0.0625
1 0.2986111111111111 0.0998263888888889 0.04722222222222222 0.0642361111111111
1 0.3284722222222222 0.1831597222222222 0.05138888888888889 0.06076388888888889
1 0.24444444444444444 0.3012152777777778 0.04722222222222222 0.06076388888888889
1 0.17083333333333334 0.17708333333333334 0.044444444444444446 0.059027777777777776
1 0.21388888888888888 0.11631944444444445 0.05 0.05555555555555555
1 0.11388888888888889 0.125 0.04722222222222222 0.0625
1 0.08263888888888889 0.16493055555555555 0.04861111111111111 0.0625
1 0.09583333333333334 0.5373263888888888 0.044444444444444446 0.06770833333333333
1 0.11319444444444444 0.6319444444444444 0.04583333333333333 0.06597222222222222
1 0.17916666666666667 0.8732638888888888 0.044444444444444446 0.0625
1 0.29930555555555555 0.8845486111111112 0.04861111111111111 0.0642361111111111
1 0.5875 0.7534722222222222 0.05 0.0625
1 0.7506944444444444 0.6979166666666666 0.04861111111111111 0.06944444444444445
1 0.6138888888888889 0.5633680555555556 0.05 0.0642361111111111
1 0.6555555555555556 0.6215277777777778 0.05 0.06597222222222222
1 0.7840277777777778 0.8046875 0.05138888888888889 0.06076388888888889
1 0.5854166666666667 0.8671875 0.04861111111111111 0.0642361111111111
1 0.6895833333333333 0.8697916666666666 0.04861111111111111 0.06597222222222222
1 0.1111111111111111 0.7803819444444444 0.05 0.06076388888888889
1 0.06388888888888888 0.9105902777777778 0.05 0.0642361111111111
1 0.3416666666666667 0.515625 0.05555555555555555 0.0625
1 0.9555555555555556 0.6553819444444444 0.05277777777777778 0.07118055555555555
1 0.9701388888888889 0.7682291666666666 0.05138888888888889 0.06770833333333333
1 0.9055555555555556 0.7734375 0.044444444444444446 0.06076388888888889
1 0.9756944444444444 0.8897569444444444 0.04861111111111111 0.07118055555555555
1 0.9173611111111111 0.9609375 0.04861111111111111 0.06770833333333333
1 0.42777777777777776 0.3029513888888889 0.05277777777777778 0.057291666666666664
1 0.5243055555555556 0.12586805555555555 0.05138888888888889 0.0642361111111111
1 0.5347222222222222 0.046875 0.04722222222222222 0.0625
1 0.07083333333333333 0.9748263888888888 0.05277777777777778 0.050347222222222224
1 0.7680555555555556 0.390625 0.03888888888888889 0.059027777777777776
1 0.7347222222222223 0.390625 0.05 0.0625
1 0.6701388888888888 0.8020833333333334 0.043055555555555555 0.0625
1 0.7090277777777778 0.8055555555555556 0.04861111111111111 0.06597222222222222
1 0.4131944444444444 0.6692708333333334 0.04861111111111111 0.06076388888888889
7 0.27152777777777776 0.6111111111111112 0.06805555555555555 0.0798611111111111
1 0.3423611111111111 0.9861111111111112 0.04583333333333333 0.024305555555555556
1 0.725 0.016493055555555556 0.04722222222222222 0.029513888888888888
1 0.9895833333333334 0.6284722222222222 0.020833333333333332 0.06597222222222222
