1 0.05347222222222222 0.2838541666666667 0.04861111111111111 0.0642361111111111
1 0.12638888888888888 0.3072916666666667 0.04722222222222222 0.059027777777777776
1 0.01875 0.4010416666666667 0.034722222222222224 0.059027777777777776
1 0.19375 0.4748263888888889 0.05138888888888889 0.0642361111111111
1 0.03194444444444444 0.6892361111111112 0.05 0.05555555555555555
1 0.2520833333333333 0.2092013888888889 0.05138888888888889 0.06076388888888889
1 0.33194444444444443 0.1684027777777778 0.05277777777777778 0.06597222222222222
1 0.5340277777777778 0.1076388888888889 0.05138888888888889 0.059027777777777776
1 0.7048611111111112 0.1076388888888889 0.04583333333333333 0.059027777777777776
1 0.8131944444444444 0.03125 0.05138888888888889 0.059027777777777776
1 0.6381944444444444 0.026909722222222224 0.05416666666666667 0.050347222222222224
1 0.33541666666666664 0.4184027777777778 0.043055555555555555 0.05555555555555555
1 0.3763888888888889 0.4331597222222222 0.04722222222222222 0.057291666666666664
1 0.4173611111111111 0.4800347222222222 0.04861111111111111 0.057291666666666664
1 0.19583333333333333 0.5859375 0.04722222222222222 0.06076388888888889
1 0.17708333333333334 0.7907986111111112 0.04861111111111111 0.057291666666666664
1 0.15416666666666667 0.8463541666666666 0.044444444444444446 0.05381944444444445
1 0.6770833333333334 0.3619791666666667 0.04861111111111111 0.06076388888888889
1 0.9131944444444444 0.2934027777777778 0.04861111111111111 0.06597222222222222
1 0.48333333333333334 0.7170138888888888 0.05277777777777778 0.0625
1 0.8597222222222223 0.4947916666666667 0.05 0.0625
1 0.9291666666666667 0.4565972222222222 0.04722222222222222 0.0625
1 0.9368055555555556 0.3888888888888889 0.05138888888888889 0.06944444444444445
1 0.9833333333333333 0.5711805555555556 0.03333333333333333 0.06597222222222222
1 0.9020833333333333 0.6310763888888888 0.05138888888888889 0.0642361111111111
1 0.8305555555555556 0.7604166666666666 0.05 0.06597222222222222
1 0.4027777777777778 0.9574652777777778 0.04722222222222222 0.05381944444444445
1 0.8194444444444444 0.8854166666666666 0.04722222222222222 0.0625
1 0.83125 0.9366319444444444 0.05138888888888889 0.057291666666666664
1 0.7638888888888888 0.9678819444444444 0.05277777777777778 0.05381944444444445
1 0.9805555555555555 0.8828125 0.03888888888888889 0.06770833333333333
1 0.8854166666666666 0.9670138888888888 0.04861111111111111 0.052083333333333336
7 0.2659722222222222 0.7065972222222222 0.0625 0.0763888888888889
1 0.34305555555555556 0.9791666666666666 0.044444444444444446 0.03819444444444445
1 0.20902777777777778 0.9791666666666666 0.04583333333333333 0.03819444444444445
1 0.9847222222222223 0.4236111111111111 0.030555555555555555 0.0625
1 0.26666666666666666 0.013888888888888888 0.05 0.024305555555555556
1 0.49166666666666664 0.9835069444444444 0.05 0.03298611111111111
1 0.07013888888888889 0.9809027777777778 0.04861111111111111 0.024305555555555556
