1 0.3375 0.3810763888888889 0.06944444444444445 0.08159722222222222
1 0.15 0.5460069444444444 0.058333333333333334 0.08159722222222222
1 0.38958333333333334 0.6788194444444444 0.059722222222222225 0.06944444444444445
1 0.7270833333333333 0.5347222222222222 0.06805555555555555 0.09375
1 0.5951388888888889 0.5416666666666666 0.0625 0.06944444444444445
1 0.5381944444444444 0.3680555555555556 0.05694444444444444 0.06944444444444445
1 0.5291666666666667 0.2829861111111111 0.06111111111111111 0.0763888888888889
1 0.7694444444444445 0.2899305555555556 0.06388888888888888 0.0798611111111111
1 0.6673611111111111 0.28125 0.06805555555555555 0.08333333333333333
1 0.9013888888888889 0.04600694444444445 0.06111111111111111 0.06770833333333333
1 0.6444444444444445 0.06770833333333333 0.058333333333333334 0.0798611111111111
1 0.25555555555555554 0.5989583333333334 0.058333333333333334 0.06944444444444445
