2 0.5645833333333333 0.1736111111111111 0.0763888888888889 0.0798611111111111
2 0.60625 0.036458333333333336 0.06805555555555555 0.06944444444444445
2 0.6520833333333333 0.5868055555555556 0.07361111111111111 0.09027777777777778
2 0.6152777777777778 0.6875 0.075 0.09722222222222222
2 0.7944444444444444 0.6961805555555556 0.05555555555555555 0.0798611111111111
2 0.21180555555555555 0.2282986111111111 0.07083333333333333 0.09895833333333333
2 0.024305555555555556 0.296875 0.04583333333333333 0.09722222222222222
2 0.2111111111111111 0.8802083333333334 0.06944444444444445 0.09027777777777778
2 0.2652777777777778 0.7803819444444444 0.06944444444444445 0.11631944444444445
2 0.475 0.7621527777777778 0.06944444444444445 0.1111111111111111
2 0.5180555555555556 0.9227430555555556 0.08611111111111111 0.08506944444444445
2 0.5340277777777778 0.8307291666666666 0.06805555555555555 0.0954861111111111
2 0.8027777777777778 0.9461805555555556 0.06944444444444445 0.08333333333333333
2 0.875 0.9661458333333334 0.06666666666666667 0.06076388888888889
2 0.6493055555555556 0.2439236111111111 0.06805555555555555 0.0920138888888889
0 0.8916666666666667 0.2482638888888889 0.06111111111111111 0.09375
0 0.7534722222222222 0.0842013888888889 0.0625 0.0920138888888889
0 0.6604166666666667 0.3298611111111111 0.05694444444444444 0.07291666666666667
0 0.7902777777777777 0.5260416666666666 0.06388888888888888 0.0798611111111111
2 0.225 0.4253472222222222 0.07777777777777778 0.1111111111111111
2 0.43333333333333335 0.08246527777777778 0.07777777777777778 0.09895833333333333
0 0.8180555555555555 0.7899305555555556 0.06666666666666667 0.0798611111111111
2 0.3902777777777778 0.6822916666666666 0.06944444444444445 0.08333333333333333
0 0.1388888888888889 0.8654513888888888 0.058333333333333334 0.078125
0 0.3229166666666667 0.1171875 0.0625 0.06770833333333333
2 0.3173611111111111 0.328125 0.06805555555555555 0.0798611111111111
2 0.7256944444444444 0.3237847222222222 0.06527777777777778 0.0954861111111111
2 0.325 0.18229166666666666 0.058333333333333334 0.07291666666666667
1 0.35138888888888886 0.2439236111111111 0.04722222222222222 0.06770833333333333
7 0.16527777777777777 0.5347222222222222 0.08055555555555556 0.10069444444444445
7 0.5861111111111111 0.9748263888888888 0.07222222222222222 0.03993055555555555
2 0.08472222222222223 0.9748263888888888 0.06666666666666667 0.03993055555555555
7 0.36944444444444446 0.953125 0.044444444444444446 0.059027777777777776
2 0.011805555555555555 0.1935763888888889 0.020833333333333332 0.078125
