6 0.11736111111111111 0.09809027777777778 0.08194444444444444 0.07465277777777778
6 0.13472222222222222 0.17708333333333334 0.08611111111111111 0.10416666666666667
6 0.16527777777777777 0.2586805555555556 0.10277777777777777 0.12152777777777778
6 0.058333333333333334 0.6041666666666666 0.09722222222222222 0.1076388888888889
6 0.2534722222222222 0.6241319444444444 0.07916666666666666 0.109375
6 0.46319444444444446 0.7699652777777778 0.09861111111111111 0.11979166666666667
6 0.6173611111111111 0.5243055555555556 0.0875 0.10416666666666667
6 0.5486111111111112 0.2708333333333333 0.06666666666666667 0.09375
6 0.33819444444444446 0.1597222222222222 0.05694444444444444 0.11458333333333333
6 0.5861111111111111 0.044270833333333336 0.09444444444444444 0.08506944444444445
6 0.6666666666666666 0.04079861111111111 0.08333333333333333 0.078125
6 0.9041666666666667 0.203125 0.08888888888888889 0.11458333333333333
6 0.9381944444444444 0.2552083333333333 0.0625 0.08680555555555555
6 0.7819444444444444 0.5190972222222222 0.08611111111111111 0.10416666666666667
6 0.7243055555555555 0.6501736111111112 0.08194444444444444 0.109375
6 0.8493055555555555 0.6041666666666666 0.10694444444444444 0.0763888888888889
6 0.9354166666666667 0.6449652777777778 0.08472222222222223 0.08159722222222222
6 0.9756944444444444 0.6189236111111112 0.04861111111111111 0.078125
6 0.8388888888888889 0.7664930555555556 0.08611111111111111 0.08854166666666667
6 0.37777777777777777 0.8975694444444444 0.06666666666666667 0.11458333333333333
6 0.06180555555555556 0.8697916666666666 0.08194444444444444 0.08680555555555555
7 0.2326388888888889 0.13802083333333334 0.04861111111111111 0.07465277777777778
6 0.84375 0.021701388888888888 0.06805555555555555 0.03993055555555555
6 0.9583333333333334 0.8576388888888888 0.07222222222222222 0.11805555555555555
6 0.5145833333333333 0.044270833333333336 0.05138888888888889 0.08506944444444445
6 0.027083333333333334 0.8663194444444444 0.05138888888888889 0.08333333333333333
