6 0.19166666666666668 0.3819444444444444 0.06944444444444445 0.1076388888888889
6 0.3263888888888889 0.22743055555555555 0.08055555555555556 0.08680555555555555
6 0.18888888888888888 0.5338541666666666 0.08888888888888889 0.0920138888888889
6 0.5368055555555555 0.5711805555555556 0.09305555555555556 0.1076388888888889
6 0.7534722222222222 0.7717013888888888 0.0875 0.1371527777777778
6 0.6715277777777777 0.2760416666666667 0.07361111111111111 0.08680555555555555
6 0.6881944444444444 0.17708333333333334 0.1125 0.1111111111111111
6 0.2923611111111111 0.6848958333333334 0.07916666666666666 0.08506944444444445
6 0.27291666666666664 0.4826388888888889 0.08194444444444444 0.1076388888888889
6 0.88125 0.8368055555555556 0.07916666666666666 0.10069444444444445
6 0.5402777777777777 0.9375 0.11388888888888889 0.11805555555555555
6 0.7604166666666666 0.029513888888888888 0.07916666666666666 0.05555555555555555
6 0.4513888888888889 0.3862847222222222 0.06944444444444445 0.06770833333333333
6 0.03263888888888889 0.546875 0.0625 0.0763888888888889
6 0.22916666666666666 0.020833333333333332 0.08888888888888889 0.03819444444444445
6 0.3326388888888889 0.0234375 0.10138888888888889 0.043402777777777776
