1 0.10625 0.3289930555555556 0.05416666666666667 0.08159722222222222
1 0.029166666666666667 0.6067708333333334 0.05555555555555555 0.07118055555555555
1 0.2798611111111111 0.8706597222222222 0.059722222222222225 0.07465277777777778
1 0.30486111111111114 0.10503472222222222 0.06527777777777778 0.07118055555555555
1 0.4534722222222222 0.03732638888888889 0.0625 0.07118055555555555
1 0.41805555555555557 0.17100694444444445 0.05555555555555555 0.08159722222222222
1 0.5222222222222223 0.25 0.07222222222222222 0.0763888888888889
1 0.8576388888888888 0.19270833333333334 0.05694444444444444 0.08333333333333333
1 0.9486111111111111 0.04600694444444445 0.06388888888888888 0.078125
1 0.22152777777777777 0.28125 0.06805555555555555 0.0763888888888889
1 0.4041666666666667 0.5338541666666666 0.05 0.06770833333333333
