0 0.47638888888888886 0.1232638888888889 0.06111111111111111 0.0798611111111111
0 0.48194444444444445 0.3532986111111111 0.058333333333333334 0.08506944444444445
2 0.5326388888888889 0.1388888888888889 0.0625 0.09375
2 0.6618055555555555 0.2065972222222222 0.07083333333333333 0.10069444444444445
2 0.9520833333333333 0.4236111111111111 0.07083333333333333 0.11458333333333333
2 0.93125 0.5772569444444444 0.07361111111111111 0.1232638888888889
2 0.6993055555555555 0.7282986111111112 0.07916666666666666 0.08854166666666667
2 0.5263888888888889 0.6944444444444444 0.06944444444444445 0.09375
2 0.45416666666666666 0.7404513888888888 0.075 0.09895833333333333
2 0.6145833333333334 0.9678819444444444 0.07083333333333333 0.057291666666666664
2 0.5486111111111112 0.4947916666666667 0.07222222222222222 0.09027777777777778
2 0.5361111111111111 0.5859375 0.075 0.078125
2 0.45208333333333334 0.5546875 0.07916666666666666 0.0920138888888889
0 0.3902777777777778 0.5651041666666666 0.058333333333333334 0.0920138888888889
2 0.3125 0.4375 0.06388888888888888 0.09027777777777778
2 0.33611111111111114 0.3090277777777778 0.075 0.10069444444444445
2 0.4 0.1831597222222222 0.07777777777777778 0.09895833333333333
2 0.35833333333333334 0.0642361111111111 0.06944444444444445 0.08333333333333333
2 0.19583333333333333 0.07378472222222222 0.06388888888888888 0.08854166666666667
2 0.2513888888888889 0.2890625 0.08055555555555556 0.08159722222222222
2 0.04236111111111111 0.2725694444444444 0.07916666666666666 0.1076388888888889
1 0.016666666666666666 0.4331597222222222 0.030555555555555555 0.06076388888888889
1 0.12083333333333333 0.7456597222222222 0.04722222222222222 0.06076388888888889
0 0.021527777777777778 0.14322916666666666 0.04027777777777778 0.08506944444444445
2 0.42083333333333334 0.016493055555555556 0.06111111111111111 0.029513888888888888
2 0.5319444444444444 0.021701388888888888 0.058333333333333334 0.03993055555555555
