4 0.29444444444444445 0.3611111111111111 0.06666666666666667 0.06597222222222222
4 0.09166666666666666 0.484375 0.06111111111111111 0.052083333333333336
4 0.49722222222222223 0.71875 0.06666666666666667 0.0625
4 0.40555555555555556 0.8177083333333334 0.041666666666666664 0.0625
4 0.34375 0.9140625 0.05138888888888889 0.0920138888888889
4 0.5625 0.9201388888888888 0.03888888888888889 0.059027777777777776
4 0.7138888888888889 0.875 0.06111111111111111 0.09027777777777778
1 0.6111111111111112 0.4661458333333333 0.03888888888888889 0.050347222222222224
7 0.19583333333333333 0.20225694444444445 0.06111111111111111 0.08506944444444445
4 0.9868055555555556 0.859375 0.02638888888888889 0.041666666666666664
