6 0.19930555555555557 0.09461805555555555 0.04583333333333333 0.10243055555555555
6 0.31666666666666665 0.0763888888888889 0.08055555555555556 0.09027777777777778
6 0.2777777777777778 0.2942708333333333 0.07222222222222222 0.11631944444444445
6 0.5006944444444444 0.4618055555555556 0.10416666666666667 0.1111111111111111
6 0.37430555555555556 0.6701388888888888 0.0875 0.11458333333333333
6 0.26180555555555557 0.6276041666666666 0.0875 0.11631944444444445
6 0.5902777777777778 0.7256944444444444 0.08055555555555556 0.11458333333333333
6 0.6451388888888889 0.6909722222222222 0.07361111111111111 0.10069444444444445
6 0.8048611111111111 0.7899305555555556 0.0875 0.1111111111111111
6 0.8895833333333333 0.7873263888888888 0.06805555555555555 0.08506944444444445
6 0.7666666666666667 0.8845486111111112 0.06944444444444445 0.11979166666666667
6 0.6972222222222222 0.8862847222222222 0.07777777777777778 0.10243055555555555
6 0.20833333333333334 0.7413194444444444 0.075 0.08333333333333333
6 0.24791666666666667 0.7578125 0.09583333333333334 0.06770833333333333
6 0.20347222222222222 0.9366319444444444 0.08194444444444444 0.11284722222222222
6 0.06597222222222222 0.46875 0.04583333333333333 0.0625
6 0.059722222222222225 0.5807291666666666 0.05277777777777778 0.07465277777777778
6 0.3034722222222222 0.1987847222222222 0.05694444444444444 0.08506944444444445
6 0.9819444444444444 0.4713541666666667 0.03611111111111111 0.0954861111111111
6 0.3923611111111111 0.10503472222222222 0.08472222222222223 0.17881944444444445
6 0.6243055555555556 0.9713541666666666 0.07361111111111111 0.050347222222222224
6 0.8590277777777777 0.1310763888888889 0.0375 0.07465277777777778
6 0.8875 0.9774305555555556 0.06666666666666667 0.03819444444444445
