6 0.4041666666666667 0.04774305555555555 0.08055555555555556 0.08159722222222222
6 0.51875 0.13802083333333334 0.0763888888888889 0.06076388888888889
6 0.3958333333333333 0.22916666666666666 0.07222222222222222 0.0625
6 0.5430555555555555 0.3090277777777778 0.06111111111111111 0.06597222222222222
6 0.45625 0.3428819444444444 0.07083333333333333 0.050347222222222224
6 0.3402777777777778 0.5295138888888888 0.06111111111111111 0.09027777777777778
6 0.30833333333333335 0.6241319444444444 0.07222222222222222 0.08159722222222222
6 0.3993055555555556 0.6770833333333334 0.0763888888888889 0.10069444444444445
6 0.5020833333333333 0.7821180555555556 0.0875 0.07465277777777778
6 0.6458333333333334 0.7335069444444444 0.08333333333333333 0.13020833333333334
6 0.825 0.7126736111111112 0.07222222222222222 0.078125
6 0.9194444444444444 0.9053819444444444 0.04722222222222222 0.050347222222222224
6 0.46875 0.8993055555555556 0.059722222222222225 0.07291666666666667
6 0.12569444444444444 0.1579861111111111 0.04583333333333333 0.07291666666666667
6 0.7486111111111111 0.030381944444444444 0.08888888888888889 0.057291666666666664
6 0.65 0.028645833333333332 0.06666666666666667 0.05381944444444445
6 0.9784722222222222 0.7465277777777778 0.043055555555555555 0.1076388888888889
6 0.17152777777777778 0.9722222222222222 0.07083333333333333 0.04513888888888889
6 0.0798611111111111 0.8880208333333334 0.05138888888888889 0.057291666666666664
6 0.14027777777777778 0.9053819444444444 0.08611111111111111 0.078125
6 0.2701388888888889 0.4930555555555556 0.05138888888888889 0.07291666666666667
6 0.5680555555555555 0.9548611111111112 0.04722222222222222 0.08333333333333333
7 0.6430555555555556 0.4826388888888889 0.04722222222222222 0.05555555555555555
7 0.3486111111111111 0.3663194444444444 0.05 0.04861111111111111
6 0.9493055555555555 0.11284722222222222 0.08194444444444444 0.04513888888888889
6 0.013888888888888888 0.7439236111111112 0.025 0.08159722222222222
