2 0.06388888888888888 0.03993055555555555 0.07777777777777778 0.0763888888888889
2 0.3576388888888889 0.10677083333333333 0.07083333333333333 0.07465277777777778
2 0.4236111111111111 0.17274305555555555 0.07222222222222222 0.07465277777777778
2 0.5243055555555556 0.1371527777777778 0.07361111111111111 0.10069444444444445
2 0.6333333333333333 0.03819444444444445 0.08055555555555556 0.07291666666666667
2 0.5631944444444444 0.3133680555555556 0.0763888888888889 0.10590277777777778
2 0.4708333333333333 0.4027777777777778 0.06388888888888888 0.09722222222222222
2 0.4638888888888889 0.4930555555555556 0.08888888888888889 0.09027777777777778
2 0.23194444444444445 0.3958333333333333 0.075 0.08333333333333333
2 0.2638888888888889 0.5642361111111112 0.06944444444444445 0.09027777777777778
2 0.3055555555555556 0.6736111111111112 0.07222222222222222 0.08333333333333333
2 0.09166666666666666 0.7309027777777778 0.075 0.09722222222222222
2 0.18194444444444444 0.7673611111111112 0.07222222222222222 0.10069444444444445
2 0.3798611111111111 0.8133680555555556 0.08194444444444444 0.08854166666666667
2 0.5486111111111112 0.7335069444444444 0.06666666666666667 0.0920138888888889
2 0.6444444444444445 0.3263888888888889 0.07222222222222222 0.09722222222222222
2 0.9416666666666667 0.5503472222222222 0.09722222222222222 0.08333333333333333
2 0.8298611111111112 0.7005208333333334 0.059722222222222225 0.08506944444444445
2 0.5597222222222222 0.5329861111111112 0.07222222222222222 0.08680555555555555
2 0.6027777777777777 0.6137152777777778 0.07222222222222222 0.0920138888888889
0 0.9208333333333333 0.9019097222222222 0.06944444444444445 0.08506944444444445
0 0.8972222222222223 0.1623263888888889 0.06666666666666667 0.09895833333333333
2 0.3055555555555556 0.024305555555555556 0.06666666666666667 0.04513888888888889
1 0.23819444444444443 0.22743055555555555 0.04583333333333333 0.05555555555555555
2 0.58125 0.9678819444444444 0.06527777777777778 0.05381944444444445
2 0.45555555555555555 0.9644097222222222 0.05555555555555555 0.06076388888888889
0 0.2972222222222222 0.1371527777777778 0.05277777777777778 0.06944444444444445
1 0.4486111111111111 0.6579861111111112 0.03611111111111111 0.052083333333333336
2 0.013194444444444444 0.4027777777777778 0.02361111111111111 0.08333333333333333
7 0.8423611111111111 0.0685763888888889 0.029166666666666667 0.036458333333333336
