2 0.4875 0.05381944444444445 0.07777777777777778 0.09722222222222222
2 0.6395833333333333 0.1293402777777778 0.07916666666666666 0.0954861111111111
2 0.8694444444444445 0.3550347222222222 0.08055555555555556 0.10243055555555555
2 0.9430555555555555 0.5416666666666666 0.075 0.08333333333333333
2 0.9277777777777778 0.6848958333333334 0.07777777777777778 0.09895833333333333
2 0.7673611111111112 0.640625 0.08472222222222223 0.1423611111111111
2 0.6090277777777777 0.6588541666666666 0.07083333333333333 0.08854166666666667
2 0.5041666666666667 0.4357638888888889 0.06944444444444445 0.0798611111111111
2 0.46597222222222223 0.2994791666666667 0.07916666666666666 0.0954861111111111
2 0.21805555555555556 0.20225694444444445 0.06944444444444445 0.078125
2 0.24166666666666667 0.6475694444444444 0.06666666666666667 0.09375
2 0.07916666666666666 0.6345486111111112 0.07222222222222222 0.08506944444444445
2 0.3215277777777778 0.4748263888888889 0.06527777777777778 0.10590277777777778
0 0.2659722222222222 0.4592013888888889 0.06527777777777778 0.08506944444444445
2 0.44513888888888886 0.5208333333333334 0.07083333333333333 0.09027777777777778
2 0.49583333333333335 0.5651041666666666 0.07222222222222222 0.08854166666666667
1 0.12777777777777777 0.2795138888888889 0.05 0.0625
0 0.3729166666666667 0.0920138888888889 0.06805555555555555 0.07291666666666667
1 0.12083333333333333 0.9592013888888888 0.05555555555555555 0.06076388888888889
1 0.1388888888888889 0.7899305555555556 0.058333333333333334 0.06944444444444445
2 0.03263888888888889 0.9600694444444444 0.0625 0.07291666666666667
2 0.019444444444444445 0.5772569444444444 0.03611111111111111 0.08159722222222222
2 0.6555555555555556 0.4123263888888889 0.058333333333333334 0.09895833333333333
2 0.6090277777777777 0.4131944444444444 0.05416666666666667 0.0763888888888889
2 0.4708333333333333 0.9583333333333334 0.07222222222222222 0.0763888888888889
2 0.9826388888888888 0.9027777777777778 0.034722222222222224 0.10416666666666667
1 0.9868055555555556 0.03125 0.02638888888888889 0.059027777777777776
7 0.020833333333333332 0.5034722222222222 0.03888888888888889 0.09722222222222222
