2 0.04861111111111111 0.06597222222222222 0.06944444444444445 0.09375
2 0.4465277777777778 0.4244791666666667 0.06805555555555555 0.109375
2 0.54375 0.4939236111111111 0.06805555555555555 0.10590277777777778
2 0.8645833333333334 0.5651041666666666 0.07361111111111111 0.08506944444444445
2 0.6555555555555556 0.11197916666666667 0.07222222222222222 0.09895833333333333
2 0.65 0.7847222222222222 0.06111111111111111 0.09027777777777778
2 0.21736111111111112 0.4756944444444444 0.06527777777777778 0.08680555555555555
2 0.1909722222222222 0.8706597222222222 0.05694444444444444 0.08854166666666667
2 0.18611111111111112 0.9609375 0.06388888888888888 0.0642361111111111
0 0.5409722222222222 0.6128472222222222 0.06527777777777778 0.09027777777777778
0 0.3597222222222222 0.3810763888888889 0.07222222222222222 0.0920138888888889
2 0.12708333333333333 0.09809027777777778 0.08472222222222223 0.09895833333333333
2 0.2652777777777778 0.041666666666666664 0.08055555555555556 0.07291666666666667
0 0.26805555555555555 0.10590277777777778 0.06111111111111111 0.0798611111111111
2 0.8388888888888889 0.4809027777777778 0.06944444444444445 0.08333333333333333
0 0.9465277777777777 0.24479166666666666 0.059722222222222225 0.0798611111111111
0 0.6930555555555555 0.059027777777777776 0.05555555555555555 0.07291666666666667
1 0.21736111111111112 0.7543402777777778 0.0375 0.06076388888888889
1 0.024305555555555556 0.6762152777777778 0.034722222222222224 0.046875
1 0.20347222222222222 0.3836805555555556 0.04583333333333333 0.059027777777777776
2 0.6923611111111111 0.9704861111111112 0.07083333333333333 0.052083333333333336
1 0.18125 0.7682291666666666 0.04027777777777778 0.057291666666666664
2 0.3638888888888889 0.024305555555555556 0.06666666666666667 0.04513888888888889
0 0.6215277777777778 0.9748263888888888 0.06805555555555555 0.043402777777777776
1 0.9875 0.6571180555555556 0.025 0.06076388888888889
0 0.8583333333333333 0.017361111111111112 0.06944444444444445 0.03125
7 0.8243055555555555 0.7352430555555556 0.05416666666666667 0.07118055555555555
