1 0.54375 0.1501736111111111 0.05416666666666667 0.0642361111111111
1 0.1388888888888889 0.9756944444444444 0.05555555555555555 0.04513888888888889
1 0.13333333333333333 0.5946180555555556 0.05277777777777778 0.06076388888888889
0 0.5534722222222223 0.7864583333333334 0.07083333333333333 0.10069444444444445
0 0.7305555555555555 0.2777777777777778 0.075 0.09027777777777778
0 0.8826388888888889 0.4253472222222222 0.0625 0.09027777777777778
0 0.9361111111111111 0.4522569444444444 0.07222222222222222 0.08506944444444445
0 0.9 0.4939236111111111 0.06388888888888888 0.08159722222222222
0 0.8548611111111111 0.4861111111111111 0.06805555555555555 0.08680555555555555
1 0.23125 0.6536458333333334 0.05416666666666667 0.06770833333333333
7 0.04861111111111111 0.2578125 0.05 0.06770833333333333
