1 0.02361111111111111 0.1171875 0.044444444444444446 0.06076388888888889
1 0.03888888888888889 0.3142361111111111 0.05 0.06597222222222222
1 0.14375 0.3064236111111111 0.04861111111111111 0.06770833333333333
1 0.025694444444444443 0.6458333333333334 0.04861111111111111 0.059027777777777776
1 0.075 0.90625 0.05 0.06597222222222222
1 0.020833333333333332 0.9461805555555556 0.03888888888888889 0.059027777777777776
1 0.05625 0.9774305555555556 0.04861111111111111 0.04513888888888889
1 0.22430555555555556 0.8940972222222222 0.05138888888888889 0.0625
1 0.42083333333333334 0.042534722222222224 0.06111111111111111 0.07465277777777778
1 0.2902777777777778 0.20833333333333334 0.05277777777777778 0.0625
1 0.3263888888888889 0.2534722222222222 0.05277777777777778 0.06597222222222222
1 0.22361111111111112 0.2777777777777778 0.05 0.0625
1 0.22569444444444445 0.3411458333333333 0.05138888888888889 0.06076388888888889
1 0.3090277777777778 0.3949652777777778 0.05416666666666667 0.06770833333333333
1 0.25 0.5920138888888888 0.04722222222222222 0.06944444444444445
1 0.23194444444444445 0.6623263888888888 0.05555555555555555 0.0642361111111111
1 0.30694444444444446 0.6380208333333334 0.05277777777777778 0.0642361111111111
1 0.3784722222222222 0.6006944444444444 0.05138888888888889 0.0625
1 0.4861111111111111 0.7265625 0.05555555555555555 0.06770833333333333
1 0.4576388888888889 0.9730902777777778 0.05416666666666667 0.05381944444444445
1 0.48194444444444445 0.15538194444444445 0.05 0.0642361111111111
1 0.5166666666666667 0.2916666666666667 0.05555555555555555 0.06944444444444445
1 0.5590277777777778 0.09375 0.04583333333333333 0.059027777777777776
1 0.7833333333333333 0.1171875 0.05277777777777778 0.07118055555555555
1 0.6229166666666667 0.7855902777777778 0.05416666666666667 0.0642361111111111
1 0.7090277777777778 0.3368055555555556 0.04583333333333333 0.0625
1 0.6875 0.3697916666666667 0.05277777777777778 0.06597222222222222
1 0.8305555555555556 0.3020833333333333 0.05277777777777778 0.06944444444444445
1 0.7993055555555556 0.3385416666666667 0.05138888888888889 0.06944444444444445
1 0.9020833333333333 0.2673611111111111 0.04861111111111111 0.0625
1 0.9847222222222223 0.13020833333333334 0.030555555555555555 0.06944444444444445
1 0.9666666666666667 0.3532986111111111 0.05555555555555555 0.06770833333333333
1 0.9666666666666667 0.4045138888888889 0.05277777777777778 0.059027777777777776
1 0.9423611111111111 0.5720486111111112 0.05138888888888889 0.06770833333333333
1 0.7694444444444445 0.6649305555555556 0.05 0.06597222222222222
1 0.8111111111111111 0.6901041666666666 0.05277777777777778 0.07118055555555555
1 0.7722222222222223 0.7621527777777778 0.05555555555555555 0.06944444444444445
1 0.6965277777777777 0.8194444444444444 0.05694444444444444 0.0763888888888889
1 0.6472222222222223 0.9140625 0.05555555555555555 0.06770833333333333
1 0.8368055555555556 0.9331597222222222 0.05416666666666667 0.06770833333333333
1 0.8805555555555555 0.8611111111111112 0.058333333333333334 0.0763888888888889
1 0.8944444444444445 0.7204861111111112 0.05 0.06597222222222222
1 0.9534722222222223 0.6736111111111112 0.05694444444444444 0.06944444444444445
1 0.9416666666666667 0.7309027777777778 0.05277777777777778 0.06944444444444445
1 0.9180555555555555 0.7769097222222222 0.058333333333333334 0.07118055555555555
1 0.8208333333333333 0.7890625 0.05555555555555555 0.06770833333333333
1 0.71875 0.016493055555555556 0.04861111111111111 0.029513888888888888
1 0.010416666666666666 0.5894097222222222 0.018055555555555554 0.0642361111111111
1 0.7388888888888889 0.984375 0.05277777777777778 0.03125
