2 0.41388888888888886 0.2361111111111111 0.07222222222222222 0.09027777777777778
3 0.05763888888888889 0.0546875 0.05138888888888889 0.057291666666666664
2 0.09930555555555555 0.578125 0.07361111111111111 0.10069444444444445
2 0.5902777777777778 0.7916666666666666 0.07222222222222222 0.10416666666666667
2 0.4479166666666667 0.7456597222222222 0.07361111111111111 0.0920138888888889
2 0.42291666666666666 0.9505208333333334 0.09027777777777778 0.09895833333333333
2 0.5833333333333334 0.035590277777777776 0.08055555555555556 0.06770833333333333
1 0.5243055555555556 0.3289930555555556 0.05138888888888889 0.0642361111111111
1 0.42430555555555555 0.3350694444444444 0.05694444444444444 0.06597222222222222
1 0.20555555555555555 0.4678819444444444 0.044444444444444446 0.06770833333333333
1 0.3736111111111111 0.6102430555555556 0.04722222222222222 0.07118055555555555
1 0.9722222222222222 0.9331597222222222 0.05 0.06076388888888889
2 0.7680555555555556 0.9036458333333334 0.06388888888888888 0.11284722222222222
1 0.9097222222222222 0.7395833333333334 0.05 0.059027777777777776
1 0.9222222222222223 0.4392361111111111 0.03888888888888889 0.04861111111111111
