2 0.08333333333333333 0.06336805555555555 0.07777777777777778 0.10590277777777778
2 0.06180555555555556 0.6996527777777778 0.07083333333333333 0.09722222222222222
2 0.41041666666666665 0.6744791666666666 0.0763888888888889 0.0954861111111111
2 0.13680555555555557 0.7847222222222222 0.0763888888888889 0.09027777777777778
2 0.5756944444444444 0.8654513888888888 0.07361111111111111 0.1232638888888889
2 0.8048611111111111 0.3888888888888889 0.07916666666666666 0.09722222222222222
2 0.7076388888888889 0.7786458333333334 0.0763888888888889 0.0920138888888889
2 0.1736111111111111 0.3263888888888889 0.08055555555555556 0.1076388888888889
2 0.06805555555555555 0.2907986111111111 0.06388888888888888 0.08506944444444445
1 0.11388888888888889 0.5850694444444444 0.05277777777777778 0.059027777777777776
1 0.2152777777777778 0.6197916666666666 0.044444444444444446 0.05555555555555555
2 0.9673611111111111 0.4661458333333333 0.06527777777777778 0.0920138888888889
2 0.4652777777777778 0.10503472222222222 0.07777777777777778 0.10590277777777778
7 0.41875 0.8342013888888888 0.04861111111111111 0.057291666666666664
7 0.5513888888888889 0.6380208333333334 0.044444444444444446 0.06076388888888889
0 0.8451388888888889 0.9791666666666666 0.07361111111111111 0.03125
7 0.8701388888888889 0.1909722222222222 0.034722222222222224 0.041666666666666664
7 0.016666666666666666 0.9678819444444444 0.030555555555555555 0.0642361111111111
7 0.011805555555555555 0.8350694444444444 0.020833333333333332 0.04861111111111111
