1 0.81875 0.04774305555555555 0.059722222222222225 0.07465277777777778
1 0.26319444444444445 0.953125 0.04861111111111111 0.059027777777777776
0 0.18611111111111112 0.328125 0.075 0.10416666666666667
0 0.33958333333333335 0.328125 0.07916666666666666 0.1076388888888889
0 0.7652777777777777 0.9105902777777778 0.06944444444444445 0.08854166666666667
1 0.8548611111111111 0.9131944444444444 0.04027777777777778 0.052083333333333336
5 0.7861111111111111 0.3862847222222222 0.03888888888888889 0.043402777777777776
5 0.5208333333333334 0.7864583333333334 0.03611111111111111 0.041666666666666664
1 0.41875 0.8671875 0.05138888888888889 0.06076388888888889
0 0.775 0.2387152777777778 0.08055555555555556 0.10243055555555555
7 0.6375 0.5885416666666666 0.08333333333333333 0.11458333333333333
