2 0.029861111111111113 0.11024305555555555 0.05694444444444444 0.08854166666666667
2 0.08611111111111111 0.20399305555555555 0.08055555555555556 0.0920138888888889
2 0.16666666666666666 0.3776041666666667 0.07777777777777778 0.08854166666666667
2 0.30069444444444443 0.6293402777777778 0.07916666666666666 0.08854166666666667
2 0.17847222222222223 0.8098958333333334 0.0875 0.08854166666666667
2 0.4152777777777778 0.8098958333333334 0.07777777777777778 0.0954861111111111
2 0.59375 0.7717013888888888 0.08472222222222223 0.10243055555555555
2 0.8736111111111111 0.6553819444444444 0.07777777777777778 0.0954861111111111
2 0.6763888888888889 0.9479166666666666 0.07777777777777778 0.08680555555555555
2 0.6819444444444445 0.4696180555555556 0.06944444444444445 0.08506944444444445
2 0.7270833333333333 0.2743055555555556 0.0763888888888889 0.10416666666666667
2 0.5645833333333333 0.3350694444444444 0.06527777777777778 0.12152777777777778
2 0.6479166666666667 0.3480902777777778 0.06527777777777778 0.0920138888888889
2 0.22361111111111112 0.034722222222222224 0.075 0.06597222222222222
0 0.41944444444444445 0.04600694444444445 0.06944444444444445 0.08506944444444445
1 0.08125 0.7300347222222222 0.04861111111111111 0.06076388888888889
1 0.2590277777777778 0.9565972222222222 0.043055555555555555 0.05555555555555555
2 0.1875 0.96875 0.06666666666666667 0.059027777777777776
2 0.5236111111111111 0.9704861111111112 0.06944444444444445 0.052083333333333336
1 0.9256944444444445 0.051215277777777776 0.05138888888888889 0.07118055555555555
0 0.7534722222222222 0.1640625 0.06805555555555555 0.08506944444444445
7 0.6319444444444444 0.6293402777777778 0.05555555555555555 0.06076388888888889
2 0.011805555555555555 0.2690972222222222 0.020833333333333332 0.05555555555555555
