2 0.07222222222222222 0.08680555555555555 0.08611111111111111 0.08333333333333333
2 0.24930555555555556 0.050347222222222224 0.07083333333333333 0.09027777777777778
2 0.3451388888888889 0.11805555555555555 0.07916666666666666 0.08680555555555555
2 0.6381944444444444 0.2647569444444444 0.07361111111111111 0.08854166666666667
2 0.5875 0.5086805555555556 0.06666666666666667 0.09722222222222222
2 0.07777777777777778 0.4548611111111111 0.06666666666666667 0.09027777777777778
2 0.1638888888888889 0.3975694444444444 0.07222222222222222 0.09375
2 0.3215277777777778 0.5711805555555556 0.0625 0.09027777777777778
2 0.2125 0.6137152777777778 0.08888888888888889 0.08854166666666667
2 0.5458333333333333 0.7352430555555556 0.08055555555555556 0.10590277777777778
2 0.7152777777777778 0.7699652777777778 0.07222222222222222 0.0954861111111111
2 0.8784722222222222 0.8046875 0.07083333333333333 0.10590277777777778
2 0.9513888888888888 0.7569444444444444 0.06944444444444445 0.10416666666666667
2 0.6020833333333333 0.8828125 0.09583333333333334 0.08159722222222222
0 0.3854166666666667 0.7630208333333334 0.07083333333333333 0.07465277777777778
0 0.8868055555555555 0.4175347222222222 0.0625 0.078125
0 0.68125 0.059895833333333336 0.0625 0.078125
1 0.8069444444444445 0.052083333333333336 0.05 0.06944444444444445
1 0.53125 0.4461805555555556 0.04583333333333333 0.0625
1 0.9298611111111111 0.2873263888888889 0.05138888888888889 0.057291666666666664
2 0.02013888888888889 0.6432291666666666 0.0375 0.0954861111111111
2 0.6111111111111112 0.9635416666666666 0.07222222222222222 0.059027777777777776
2 0.01875 0.17708333333333334 0.034722222222222224 0.0798611111111111
2 0.6201388888888889 0.8237847222222222 0.0763888888888889 0.08506944444444445
2 0.5409722222222222 0.018229166666666668 0.05416666666666667 0.03298611111111111
2 0.9826388888888888 0.7942708333333334 0.034722222222222224 0.1232638888888889
