0 0.14930555555555555 0.4296875 0.07361111111111111 0.08506944444444445
0 0.7173611111111111 0.1362847222222222 0.05694444444444444 0.078125
0 0.8541666666666666 0.7039930555555556 0.06944444444444445 0.0920138888888889
0 0.9375 0.033854166666666664 0.06388888888888888 0.0642361111111111
0 0.7701388888888889 0.23958333333333334 0.09305555555555556 0.10069444444444445
0 0.5 0.7803819444444444 0.058333333333333334 0.08159722222222222
1 0.5777777777777777 0.2421875 0.05555555555555555 0.06770833333333333
1 0.875 0.8888888888888888 0.05277777777777778 0.06944444444444445
7 0.8715277777777778 0.4557291666666667 0.08194444444444444 0.0920138888888889
7 0.9125 0.21614583333333334 0.10277777777777777 0.15104166666666666
7 0.6256944444444444 0.1840277777777778 0.06527777777777778 0.0763888888888889
7 0.5270833333333333 0.059895833333333336 0.0625 0.07465277777777778
7 0.49027777777777776 0.1623263888888889 0.09444444444444444 0.14756944444444445
7 0.32708333333333334 0.014756944444444444 0.05138888888888889 0.026041666666666668
7 0.47430555555555554 0.6579861111111112 0.043055555555555555 0.05555555555555555
7 0.04722222222222222 0.7595486111111112 0.03888888888888889 0.050347222222222224
7 0.35208333333333336 0.9756944444444444 0.05138888888888889 0.041666666666666664
1 0.7256944444444444 0.625 0.04861111111111111 0.0625
7 0.8236111111111111 0.5980902777777778 0.16944444444444445 0.19270833333333334
7 0.975 0.24913194444444445 0.04722222222222222 0.0642361111111111
7 0.6854166666666667 0.2621527777777778 0.04583333333333333 0.06597222222222222
