1 0.09444444444444444 0.04513888888888889 0.05555555555555555 0.05555555555555555
1 0.13055555555555556 0.12239583333333333 0.05555555555555555 0.06076388888888889
1 0.1423611111111111 0.3689236111111111 0.04861111111111111 0.06076388888888889
1 0.42430555555555555 0.1753472222222222 0.05416666666666667 0.06597222222222222
1 0.5736111111111111 0.11284722222222222 0.058333333333333334 0.07291666666666667
1 0.7083333333333334 0.05381944444444445 0.05277777777777778 0.06944444444444445
1 0.8548611111111111 0.052083333333333336 0.04861111111111111 0.059027777777777776
1 0.825 0.13975694444444445 0.058333333333333334 0.0642361111111111
1 0.7854166666666667 0.2109375 0.05416666666666667 0.06770833333333333
1 0.6625 0.2934027777777778 0.05 0.059027777777777776
1 0.38680555555555557 0.2560763888888889 0.05138888888888889 0.06076388888888889
1 0.3680555555555556 0.3125 0.044444444444444446 0.04861111111111111
1 0.33819444444444446 0.390625 0.04583333333333333 0.04861111111111111
1 0.37430555555555556 0.4453125 0.04583333333333333 0.05381944444444445
1 0.30833333333333335 0.6336805555555556 0.04722222222222222 0.05555555555555555
1 0.3576388888888889 0.7057291666666666 0.05138888888888889 0.0642361111111111
1 0.4215277777777778 0.7005208333333334 0.04861111111111111 0.07465277777777778
1 0.64375 0.6449652777777778 0.043055555555555555 0.07118055555555555
1 0.8020833333333334 0.5407986111111112 0.04861111111111111 0.06076388888888889
1 0.0798611111111111 0.859375 0.05416666666666667 0.06597222222222222
1 0.15694444444444444 0.8828125 0.05 0.057291666666666664
1 0.5708333333333333 0.7378472222222222 0.04722222222222222 0.06597222222222222
1 0.8284722222222223 0.7118055555555556 0.04583333333333333 0.0625
1 0.8694444444444445 0.8333333333333334 0.05277777777777778 0.059027777777777776
1 0.9798611111111111 0.7491319444444444 0.04027777777777778 0.0642361111111111
1 0.7826388888888889 0.9383680555555556 0.05416666666666667 0.06770833333333333
