1 0.034027777777777775 0.05295138888888889 0.04861111111111111 0.06770833333333333
1 0.27361111111111114 0.09635416666666667 0.05277777777777778 0.07118055555555555
1 0.3729166666666667 0.06510416666666667 0.05416666666666667 0.0642361111111111
1 0.5013888888888889 0.0920138888888889 0.05277777777777778 0.0763888888888889
1 0.5680555555555555 0.0720486111111111 0.041666666666666664 0.050347222222222224
1 0.7284722222222222 0.2144097222222222 0.05694444444444444 0.06076388888888889
1 0.7395833333333334 0.2864583333333333 0.04583333333333333 0.04861111111111111
1 0.6916666666666667 0.3298611111111111 0.05277777777777778 0.0625
1 0.25277777777777777 0.3585069444444444 0.05277777777777778 0.0642361111111111
1 0.31527777777777777 0.3489583333333333 0.05277777777777778 0.06597222222222222
1 0.3548611111111111 0.4583333333333333 0.04861111111111111 0.059027777777777776
1 0.1 0.4097222222222222 0.05277777777777778 0.0625
1 0.1423611111111111 0.5234375 0.05138888888888889 0.06770833333333333
1 0.09166666666666666 0.5269097222222222 0.05 0.0642361111111111
1 0.2590277777777778 0.4401041666666667 0.05416666666666667 0.07118055555555555
1 0.5138888888888888 0.4756944444444444 0.05555555555555555 0.059027777777777776
1 0.7215277777777778 0.5251736111111112 0.04861111111111111 0.06770833333333333
1 0.9006944444444445 0.5034722222222222 0.04861111111111111 0.0625
1 0.9388888888888889 0.7751736111111112 0.05 0.07118055555555555
1 0.8270833333333333 0.8671875 0.05138888888888889 0.06076388888888889
1 0.7166666666666667 0.8151041666666666 0.05 0.06076388888888889
1 0.6305555555555555 0.6571180555555556 0.05 0.0642361111111111
1 0.48819444444444443 0.3142361111111111 0.04583333333333333 0.0625
1 0.40069444444444446 0.5303819444444444 0.04583333333333333 0.05381944444444445
1 0.5020833333333333 0.6822916666666666 0.04861111111111111 0.052083333333333336
1 0.36180555555555555 0.5842013888888888 0.043055555555555555 0.05381944444444445
1 0.03680555555555556 0.6024305555555556 0.04861111111111111 0.07291666666666667
1 0.030555555555555555 0.8689236111111112 0.05555555555555555 0.06770833333333333
1 0.19236111111111112 0.8576388888888888 0.05416666666666667 0.059027777777777776
1 0.3451388888888889 0.8428819444444444 0.04861111111111111 0.0642361111111111
1 0.7416666666666667 0.9670138888888888 0.05 0.059027777777777776
1 0.8069444444444445 0.5920138888888888 0.041666666666666664 0.052083333333333336
