0 0.12083333333333333 0.050347222222222224 0.06388888888888888 0.08680555555555555
0 0.025 0.3576388888888889 0.04722222222222222 0.09027777777777778
0 0.23125 0.3888888888888889 0.0625 0.08333333333333333
0 0.3125 0.7682291666666666 0.07222222222222222 0.11284722222222222
0 0.48125 0.7222222222222222 0.07361111111111111 0.09375
0 0.3645833333333333 0.9296875 0.059722222222222225 0.08159722222222222
0 0.8381944444444445 0.08854166666666667 0.06527777777777778 0.10069444444444445
7 0.17916666666666667 0.8949652777777778 0.05277777777777778 0.07465277777777778
7 0.7708333333333334 0.5321180555555556 0.07222222222222222 0.109375
7 0.9131944444444444 0.4331597222222222 0.09027777777777778 0.11284722222222222
7 0.9666666666666667 0.3619791666666667 0.04722222222222222 0.08506944444444445
7 0.9423611111111111 0.051215277777777776 0.034722222222222224 0.05381944444444445
7 0.9826388888888888 0.4835069444444444 0.034722222222222224 0.078125
7 0.9777777777777777 0.7387152777777778 0.044444444444444446 0.06770833333333333
7 0.5638888888888889 0.96875 0.041666666666666664 0.052083333333333336
7 0.8618055555555556 0.23524305555555555 0.04027777777777778 0.043402777777777776
7 0.9604166666666667 0.7829861111111112 0.04027777777777778 0.04861111111111111
