1 0.11875 0.4991319444444444 0.05416666666666667 0.07118055555555555
1 0.03333333333333333 0.5772569444444444 0.058333333333333334 0.07118055555555555
1 0.02847222222222222 0.8602430555555556 0.05138888888888889 0.057291666666666664
1 0.24513888888888888 0.7300347222222222 0.04583333333333333 0.057291666666666664
1 0.3194444444444444 0.6371527777777778 0.044444444444444446 0.052083333333333336
1 0.38333333333333336 0.6128472222222222 0.04722222222222222 0.06597222222222222
1 0.38263888888888886 0.7586805555555556 0.04861111111111111 0.0625
1 0.35208333333333336 0.8828125 0.05416666666666667 0.06770833333333333
1 0.2826388888888889 0.9227430555555556 0.04861111111111111 0.0642361111111111
1 0.5902777777777778 0.6970486111111112 0.044444444444444446 0.06770833333333333
1 0.6819444444444445 0.7925347222222222 0.05 0.06076388888888889
1 0.7152777777777778 0.7282986111111112 0.05 0.0642361111111111
1 0.88125 0.7673611111111112 0.05138888888888889 0.0625
1 0.8451388888888889 0.6302083333333334 0.05138888888888889 0.059027777777777776
1 0.5694444444444444 0.3159722222222222 0.058333333333333334 0.06597222222222222
1 0.6493055555555556 0.4201388888888889 0.05138888888888889 0.0625
1 0.7361111111111112 0.3029513888888889 0.05555555555555555 0.0642361111111111
1 0.8388888888888889 0.17447916666666666 0.04722222222222222 0.05381944444444445
1 0.6361111111111111 0.09722222222222222 0.041666666666666664 0.04861111111111111
1 0.8104166666666667 0.3984375 0.05138888888888889 0.0642361111111111
1 0.8201388888888889 0.9496527777777778 0.04583333333333333 0.059027777777777776
