0 0.10486111111111111 0.08680555555555555 0.04583333333333333 0.059027777777777776
0 0.24375 0.2664930555555556 0.06527777777777778 0.08506944444444445
0 0.40694444444444444 0.2604166666666667 0.06388888888888888 0.1076388888888889
0 0.5666666666666667 0.1423611111111111 0.07222222222222222 0.0763888888888889
0 0.55625 0.4852430555555556 0.07361111111111111 0.0954861111111111
0 0.4125 0.4401041666666667 0.06388888888888888 0.08854166666666667
0 0.8354166666666667 0.375 0.0625 0.1076388888888889
0 0.8013888888888889 0.5625 0.07222222222222222 0.10069444444444445
0 0.7541666666666667 0.6631944444444444 0.06666666666666667 0.08680555555555555
0 0.9083333333333333 0.6102430555555556 0.06111111111111111 0.07118055555555555
0 0.2659722222222222 0.6822916666666666 0.06805555555555555 0.09027777777777778
0 0.22847222222222222 0.9053819444444444 0.05694444444444444 0.09895833333333333
7 0.5534722222222223 0.04513888888888889 0.04861111111111111 0.06597222222222222
7 0.9201388888888888 0.1232638888888889 0.05416666666666667 0.0625
7 0.9319444444444445 0.18055555555555555 0.04722222222222222 0.06944444444444445
7 0.9326388888888889 0.5269097222222222 0.05416666666666667 0.05381944444444445
7 0.9513888888888888 0.6362847222222222 0.03888888888888889 0.05381944444444445
7 0.79375 0.7673611111111112 0.05138888888888889 0.06597222222222222
7 0.6083333333333333 0.8871527777777778 0.044444444444444446 0.059027777777777776
7 0.45416666666666666 0.6467013888888888 0.05277777777777778 0.06770833333333333
7 0.2673611111111111 0.4904513888888889 0.05138888888888889 0.0642361111111111
7 0.34305555555555556 0.2578125 0.04722222222222222 0.057291666666666664
7 0.018055555555555554 0.5008680555555556 0.03333333333333333 0.06076388888888889
7 0.5840277777777778 0.4027777777777778 0.043055555555555555 0.052083333333333336
7 0.027777777777777776 0.7361111111111112 0.044444444444444446 0.052083333333333336
7 0.47638888888888886 0.9713541666666666 0.07222222222222222 0.05381944444444445
7 0.5083333333333333 0.07725694444444445 0.03611111111111111 0.046875
