1 0.10416666666666667 0.051215277777777776 0.05277777777777778 0.06076388888888889
1 0.15833333333333333 0.08159722222222222 0.04722222222222222 0.06597222222222222
1 0.24861111111111112 0.09895833333333333 0.04722222222222222 0.07291666666666667
1 0.041666666666666664 0.14149305555555555 0.04722222222222222 0.06076388888888889
1 0.12916666666666668 0.2326388888888889 0.05277777777777778 0.07291666666666667
1 0.3138888888888889 0.2092013888888889 0.041666666666666664 0.0642361111111111
1 0.35555555555555557 0.1232638888888889 0.05555555555555555 0.06597222222222222
1 0.43819444444444444 0.09288194444444445 0.04861111111111111 0.0642361111111111
1 0.5208333333333334 0.08159722222222222 0.05277777777777778 0.06597222222222222
1 0.39305555555555555 0.2925347222222222 0.04722222222222222 0.05381944444444445
1 0.35 0.3619791666666667 0.05 0.06076388888888889
1 0.2902777777777778 0.4201388888888889 0.05555555555555555 0.06597222222222222
1 0.2652777777777778 0.2526041666666667 0.06111111111111111 0.07465277777777778
1 0.13472222222222222 0.5538194444444444 0.058333333333333334 0.08333333333333333
1 0.22361111111111112 0.5269097222222222 0.05 0.06770833333333333
1 0.25972222222222224 0.6206597222222222 0.044444444444444446 0.057291666666666664
1 0.5138888888888888 0.5815972222222222 0.06111111111111111 0.0798611111111111
1 0.5041666666666667 0.7690972222222222 0.06388888888888888 0.0763888888888889
1 0.5326388888888889 0.3680555555555556 0.043055555555555555 0.05555555555555555
1 0.5805555555555556 0.3949652777777778 0.04722222222222222 0.06770833333333333
1 0.7256944444444444 0.049479166666666664 0.043055555555555555 0.06076388888888889
1 0.8652777777777778 0.09114583333333333 0.05 0.06770833333333333
1 0.9354166666666667 0.25 0.05138888888888889 0.059027777777777776
1 0.9708333333333333 0.3454861111111111 0.05555555555555555 0.059027777777777776
1 0.81875 0.4357638888888889 0.05694444444444444 0.06944444444444445
1 0.6118055555555556 0.6901041666666666 0.05138888888888889 0.06076388888888889
1 0.8 0.6197916666666666 0.05555555555555555 0.0625
1 0.9784722222222222 0.6102430555555556 0.043055555555555555 0.0642361111111111
1 0.9361111111111111 0.7491319444444444 0.05277777777777778 0.06076388888888889
1 0.9555555555555556 0.8637152777777778 0.05277777777777778 0.07118055555555555
1 0.8277777777777777 0.8315972222222222 0.06944444444444445 0.07291666666666667
1 0.7569444444444444 0.9427083333333334 0.05 0.059027777777777776
1 0.7236111111111111 0.8020833333333334 0.06111111111111111 0.08333333333333333
1 0.5951388888888889 0.8151041666666666 0.04861111111111111 0.05381944444444445
1 0.6402777777777777 0.9565972222222222 0.06111111111111111 0.05555555555555555
1 0.5618055555555556 0.8828125 0.04861111111111111 0.07118055555555555
1 0.3770833333333333 0.7491319444444444 0.05138888888888889 0.06770833333333333
1 0.39305555555555555 0.8333333333333334 0.058333333333333334 0.0625
1 0.30625 0.7213541666666666 0.043055555555555555 0.057291666666666664
1 0.23402777777777778 0.7960069444444444 0.04583333333333333 0.06770833333333333
