1 0.03819444444444445 0.06684027777777778 0.059722222222222225 0.06770833333333333
1 0.11041666666666666 0.051215277777777776 0.05138888888888889 0.05381944444444445
1 0.06527777777777778 0.2829861111111111 0.04722222222222222 0.06597222222222222
1 0.30833333333333335 0.13194444444444445 0.058333333333333334 0.0763888888888889
1 0.39444444444444443 0.052083333333333336 0.05 0.059027777777777776
1 0.5638888888888889 0.08940972222222222 0.05 0.06076388888888889
1 0.5680555555555555 0.1527777777777778 0.058333333333333334 0.059027777777777776
1 0.7708333333333334 0.15538194444444445 0.05 0.0642361111111111
1 0.8013888888888889 0.2204861111111111 0.044444444444444446 0.05555555555555555
1 0.95 0.3012152777777778 0.058333333333333334 0.06770833333333333
1 0.9131944444444444 0.359375 0.04861111111111111 0.06944444444444445
1 0.7708333333333334 0.5625 0.05 0.07291666666666667
1 0.7784722222222222 0.4296875 0.043055555555555555 0.057291666666666664
1 0.7527777777777778 0.24305555555555555 0.05 0.05555555555555555
1 0.7826388888888889 0.3246527777777778 0.043055555555555555 0.0625
1 0.32708333333333334 0.2534722222222222 0.04027777777777778 0.059027777777777776
1 0.21736111111111112 0.2699652777777778 0.043055555555555555 0.057291666666666664
1 0.08958333333333333 0.2404513888888889 0.05416666666666667 0.05381944444444445
1 0.08819444444444445 0.5303819444444444 0.05138888888888889 0.06770833333333333
1 0.15138888888888888 0.5277777777777778 0.05277777777777778 0.0625
1 0.2 0.5737847222222222 0.04722222222222222 0.05381944444444445
1 0.30625 0.4019097222222222 0.043055555555555555 0.057291666666666664
1 0.43472222222222223 0.4409722222222222 0.05 0.06944444444444445
1 0.49930555555555556 0.4904513888888889 0.04027777777777778 0.07465277777777778
1 0.6006944444444444 0.5243055555555556 0.04583333333333333 0.06944444444444445
1 0.6215277777777778 0.6640625 0.04861111111111111 0.06770833333333333
1 0.5465277777777777 0.6970486111111112 0.0625 0.06770833333333333
1 0.42083333333333334 0.6744791666666666 0.04722222222222222 0.06076388888888889
1 0.49722222222222223 0.8168402777777778 0.05277777777777778 0.06076388888888889
1 0.22569444444444445 0.7439236111111112 0.04861111111111111 0.05381944444444445
1 0.7986111111111112 0.7838541666666666 0.04722222222222222 0.057291666666666664
1 0.9638888888888889 0.7630208333333334 0.04722222222222222 0.0642361111111111
1 0.6861111111111111 0.5104166666666666 0.044444444444444446 0.07291666666666667
1 0.9472222222222222 0.9366319444444444 0.05555555555555555 0.057291666666666664
