0 0.5270833333333333 0.1310763888888889 0.0763888888888889 0.09895833333333333
0 0.5847222222222223 0.3072916666666667 0.075 0.09375
0 0.33402777777777776 0.7612847222222222 0.0763888888888889 0.11631944444444445
0 0.24722222222222223 0.6380208333333334 0.06666666666666667 0.10590277777777778
0 0.37222222222222223 0.8541666666666666 0.058333333333333334 0.09375
0 0.6020833333333333 0.9071180555555556 0.06527777777777778 0.11631944444444445
0 0.5222222222222223 0.6727430555555556 0.06944444444444445 0.0920138888888889
0 0.84375 0.5164930555555556 0.0763888888888889 0.08854166666666667
0 0.6069444444444444 0.0954861111111111 0.06666666666666667 0.09027777777777778
7 0.1673611111111111 0.4947916666666667 0.12083333333333333 0.2048611111111111
7 0.32569444444444445 0.9618055555555556 0.06527777777777778 0.06597222222222222
7 0.43680555555555556 0.8046875 0.05694444444444444 0.0642361111111111
7 0.6527777777777778 0.4913194444444444 0.05 0.0798611111111111
7 0.3854166666666667 0.75 0.04861111111111111 0.06597222222222222
7 0.8395833333333333 0.6050347222222222 0.05416666666666667 0.07465277777777778
7 0.9826388888888888 0.23958333333333334 0.034722222222222224 0.0763888888888889
7 0.9555555555555556 0.026909722222222224 0.06111111111111111 0.050347222222222224
7 0.8083333333333333 0.034722222222222224 0.06944444444444445 0.06597222222222222
7 0.27291666666666664 0.05381944444444445 0.043055555555555555 0.05555555555555555
7 0.015277777777777777 0.9383680555555556 0.027777777777777776 0.057291666666666664
