1 0.07847222222222222 0.203125 0.05416666666666667 0.05555555555555555
1 0.2111111111111111 0.2708333333333333 0.058333333333333334 0.0625
1 0.30069444444444443 0.2421875 0.059722222222222225 0.07118055555555555
1 0.3784722222222222 0.14149305555555555 0.05138888888888889 0.057291666666666664
1 0.4131944444444444 0.2404513888888889 0.05138888888888889 0.057291666666666664
1 0.5256944444444445 0.2109375 0.05416666666666667 0.06076388888888889
1 0.5201388888888889 0.13802083333333334 0.05138888888888889 0.06076388888888889
1 0.6291666666666667 0.13020833333333334 0.05555555555555555 0.0625
1 0.3111111111111111 0.4548611111111111 0.058333333333333334 0.07291666666666667
1 0.33611111111111114 0.3559027777777778 0.041666666666666664 0.052083333333333336
1 0.21666666666666667 0.3932291666666667 0.04722222222222222 0.05381944444444445
1 0.1076388888888889 0.5017361111111112 0.05138888888888889 0.0625
1 0.08611111111111111 0.8116319444444444 0.05 0.06076388888888889
1 0.2972222222222222 0.6006944444444444 0.04722222222222222 0.06597222222222222
1 0.35694444444444445 0.5989583333333334 0.044444444444444446 0.06944444444444445
1 0.3090277777777778 0.7039930555555556 0.04027777777777778 0.057291666666666664
1 0.2625 0.7465277777777778 0.05 0.06597222222222222
1 0.34375 0.8793402777777778 0.07083333333333333 0.07118055555555555
1 0.5916666666666667 0.8003472222222222 0.05277777777777778 0.07291666666666667
1 0.59375 0.4670138888888889 0.04861111111111111 0.059027777777777776
1 0.5527777777777778 0.5364583333333334 0.05 0.059027777777777776
1 0.8930555555555556 0.4444444444444444 0.044444444444444446 0.0625
1 0.8527777777777777 0.8993055555555556 0.05 0.07291666666666667
1 0.7444444444444445 0.08159722222222222 0.04722222222222222 0.07291666666666667
1 0.53125 0.3819444444444444 0.0375 0.05555555555555555
