1 0.17152777777777778 0.0390625 0.05138888888888889 0.0642361111111111
1 0.29791666666666666 0.06336805555555555 0.05138888888888889 0.06770833333333333
1 0.20208333333333334 0.1154513888888889 0.043055555555555555 0.05381944444444445
1 0.15902777777777777 0.3506944444444444 0.04861111111111111 0.0625
1 0.27291666666666664 0.3307291666666667 0.04583333333333333 0.06076388888888889
1 0.2638888888888889 0.5399305555555556 0.05 0.06597222222222222
1 0.09861111111111111 0.4192708333333333 0.04722222222222222 0.057291666666666664
1 0.06597222222222222 0.4696180555555556 0.05138888888888889 0.057291666666666664
1 0.175 0.6206597222222222 0.05555555555555555 0.0642361111111111
1 0.034027777777777775 0.8229166666666666 0.04583333333333333 0.059027777777777776
1 0.11944444444444445 0.8993055555555556 0.044444444444444446 0.0625
1 0.175 0.8064236111111112 0.05277777777777778 0.057291666666666664
1 0.23958333333333334 0.9201388888888888 0.04861111111111111 0.06597222222222222
1 0.47638888888888886 0.8342013888888888 0.04722222222222222 0.06076388888888889
1 0.5069444444444444 0.5755208333333334 0.044444444444444446 0.0642361111111111
1 0.5513888888888889 0.6215277777777778 0.05277777777777778 0.05555555555555555
1 0.3923611111111111 0.4097222222222222 0.04027777777777778 0.05555555555555555
1 0.5555555555555556 0.18663194444444445 0.041666666666666664 0.06076388888888889
1 0.7916666666666666 0.1388888888888889 0.04722222222222222 0.059027777777777776
1 0.6513888888888889 0.1909722222222222 0.04722222222222222 0.05555555555555555
1 0.8923611111111112 0.3489583333333333 0.05138888888888889 0.06597222222222222
1 0.7243055555555555 0.3689236111111111 0.043055555555555555 0.05381944444444445
1 0.7097222222222223 0.16927083333333334 0.05277777777777778 0.07118055555555555
1 0.6798611111111111 0.4982638888888889 0.04027777777777778 0.059027777777777776
1 0.9041666666666667 0.6675347222222222 0.04722222222222222 0.0642361111111111
1 0.9666666666666667 0.8038194444444444 0.05555555555555555 0.06944444444444445
1 0.6631944444444444 0.8463541666666666 0.04861111111111111 0.05381944444444445
