1 0.18541666666666667 0.11631944444444445 0.05138888888888889 0.05555555555555555
1 0.034722222222222224 0.6571180555555556 0.04722222222222222 0.0642361111111111
1 0.18819444444444444 0.5920138888888888 0.043055555555555555 0.06944444444444445
1 0.34375 0.6414930555555556 0.04583333333333333 0.06076388888888889
1 0.4083333333333333 0.6440972222222222 0.044444444444444446 0.059027777777777776
1 0.11458333333333333 0.8151041666666666 0.04861111111111111 0.05381944444444445
1 0.050694444444444445 0.9548611111111112 0.05694444444444444 0.0763888888888889
1 0.17569444444444443 0.8741319444444444 0.04583333333333333 0.07118055555555555
1 0.225 0.8472222222222222 0.05 0.0625
1 0.2791666666666667 0.8237847222222222 0.05277777777777778 0.06770833333333333
1 0.45 0.06076388888888889 0.058333333333333334 0.06597222222222222
1 0.5326388888888889 0.1015625 0.04861111111111111 0.06770833333333333
1 0.6680555555555555 0.2638888888888889 0.058333333333333334 0.07291666666666667
1 0.8319444444444445 0.1953125 0.05277777777777778 0.06770833333333333
1 0.9173611111111111 0.1909722222222222 0.04583333333333333 0.059027777777777776
1 0.8479166666666667 0.4053819444444444 0.05138888888888889 0.0642361111111111
1 0.59375 0.4635416666666667 0.05138888888888889 0.059027777777777776
1 0.7027777777777777 0.4618055555555556 0.05277777777777778 0.06944444444444445
1 0.8875 0.6241319444444444 0.05 0.06770833333333333
1 0.8402777777777778 0.6519097222222222 0.04722222222222222 0.07465277777777778
1 0.6631944444444444 0.7335069444444444 0.05138888888888889 0.06770833333333333
1 0.7493055555555556 0.7439236111111112 0.059722222222222225 0.08159722222222222
1 0.9173611111111111 0.8177083333333334 0.06527777777777778 0.07291666666666667
1 0.7694444444444445 0.8428819444444444 0.05277777777777778 0.06770833333333333
1 0.68125 0.8888888888888888 0.05416666666666667 0.059027777777777776
