1 0.03888888888888889 0.2204861111111111 0.05277777777777778 0.06597222222222222
1 0.26666666666666666 0.044270833333333336 0.04722222222222222 0.050347222222222224
1 0.15069444444444444 0.23697916666666666 0.05138888888888889 0.057291666666666664
1 0.05416666666666667 0.7413194444444444 0.06388888888888888 0.0763888888888889
1 0.4548611111111111 0.078125 0.04861111111111111 0.0625
1 0.7923611111111111 0.03125 0.05416666666666667 0.059027777777777776
1 0.7291666666666666 0.1909722222222222 0.05555555555555555 0.059027777777777776
1 0.78125 0.1371527777777778 0.04861111111111111 0.05555555555555555
1 0.7576388888888889 0.2699652777777778 0.04861111111111111 0.06076388888888889
1 0.5618055555555556 0.23958333333333334 0.04861111111111111 0.059027777777777776
1 0.5791666666666667 0.3168402777777778 0.05277777777777778 0.07118055555555555
1 0.6993055555555555 0.3932291666666667 0.05138888888888889 0.0642361111111111
1 0.45208333333333334 0.2786458333333333 0.043055555555555555 0.046875
1 0.24513888888888888 0.3611111111111111 0.04861111111111111 0.059027777777777776
1 0.5305555555555556 0.5651041666666666 0.05 0.057291666666666664
1 0.4201388888888889 0.7447916666666666 0.043055555555555555 0.0625
1 0.70625 0.6753472222222222 0.043055555555555555 0.059027777777777776
1 0.9652777777777778 0.6822916666666666 0.044444444444444446 0.06597222222222222
1 0.9159722222222222 0.7265625 0.05138888888888889 0.05381944444444445
1 0.9451388888888889 0.7925347222222222 0.04027777777777778 0.057291666666666664
1 0.59375 0.8689236111111112 0.04861111111111111 0.057291666666666664
1 0.66875 0.8072916666666666 0.05694444444444444 0.059027777777777776
1 0.7770833333333333 0.8263888888888888 0.04861111111111111 0.052083333333333336
1 0.7645833333333333 0.7734375 0.05416666666666667 0.057291666666666664
1 0.44722222222222224 0.5842013888888888 0.044444444444444446 0.0642361111111111
1 0.6145833333333334 0.4357638888888889 0.04583333333333333 0.059027777777777776
