1 0.14652777777777778 0.12413194444444445 0.04861111111111111 0.057291666666666664
1 0.25833333333333336 0.2204861111111111 0.05 0.06944444444444445
1 0.4708333333333333 0.1388888888888889 0.044444444444444446 0.059027777777777776
1 0.06041666666666667 0.24305555555555555 0.04583333333333333 0.06944444444444445
1 0.11666666666666667 0.25 0.05 0.06597222222222222
1 0.03611111111111111 0.5538194444444444 0.044444444444444446 0.059027777777777776
1 0.12638888888888888 0.6319444444444444 0.04722222222222222 0.0625
1 0.24375 0.6475694444444444 0.04583333333333333 0.0625
1 0.12569444444444444 0.8663194444444444 0.04861111111111111 0.059027777777777776
1 0.2659722222222222 0.8376736111111112 0.04861111111111111 0.06076388888888889
1 0.35555555555555557 0.8645833333333334 0.05277777777777778 0.06597222222222222
1 0.04375 0.9288194444444444 0.034722222222222224 0.04861111111111111
1 0.5076388888888889 0.3072916666666667 0.043055555555555555 0.059027777777777776
1 0.575 0.4296875 0.04722222222222222 0.06770833333333333
1 0.4409722222222222 0.4105902777777778 0.05138888888888889 0.0642361111111111
1 0.3013888888888889 0.4809027777777778 0.05555555555555555 0.06597222222222222
1 0.5048611111111111 0.6215277777777778 0.043055555555555555 0.059027777777777776
1 0.48333333333333334 0.7291666666666666 0.05 0.059027777777777776
1 0.5902777777777778 0.8081597222222222 0.05 0.057291666666666664
1 0.6958333333333333 0.5190972222222222 0.041666666666666664 0.0625
1 0.8805555555555555 0.049479166666666664 0.058333333333333334 0.07465277777777778
1 0.9354166666666667 0.17447916666666666 0.05694444444444444 0.078125
1 0.9583333333333334 0.4201388888888889 0.04722222222222222 0.06597222222222222
1 0.8416666666666667 0.3385416666666667 0.04722222222222222 0.05555555555555555
1 0.7756944444444445 0.5842013888888888 0.05416666666666667 0.06770833333333333
1 0.9027777777777778 0.5868055555555556 0.05 0.05555555555555555
1 0.8541666666666666 0.6727430555555556 0.06111111111111111 0.07465277777777778
1 0.7923611111111111 0.9036458333333334 0.04583333333333333 0.06076388888888889
1 0.9291666666666667 0.9635416666666666 0.05 0.0625
