1 0.022916666666666665 0.1423611111111111 0.043055555555555555 0.0625
1 0.1486111111111111 0.0920138888888889 0.04722222222222222 0.0625
1 0.4027777777777778 0.04079861111111111 0.04722222222222222 0.05381944444444445
1 0.6298611111111111 0.0842013888888889 0.05694444444444444 0.06770833333333333
1 0.37430555555555556 0.3402777777777778 0.043055555555555555 0.05555555555555555
1 0.43125 0.3489583333333333 0.04861111111111111 0.05555555555555555
1 0.5736111111111111 0.359375 0.041666666666666664 0.0625
1 0.9472222222222222 0.051215277777777776 0.044444444444444446 0.0642361111111111
1 0.8826388888888889 0.15885416666666666 0.05138888888888889 0.06076388888888889
1 0.8243055555555555 0.1779513888888889 0.05416666666666667 0.06770833333333333
1 0.79375 0.375 0.04861111111111111 0.0625
1 0.9756944444444444 0.4921875 0.04861111111111111 0.07118055555555555
1 0.8409722222222222 0.4973958333333333 0.0625 0.07118055555555555
1 0.9020833333333333 0.71875 0.043055555555555555 0.06597222222222222
1 0.9159722222222222 0.8125 0.043055555555555555 0.0625
1 0.8305555555555556 0.6111111111111112 0.05 0.05555555555555555
1 0.7118055555555556 0.6189236111111112 0.05138888888888889 0.07118055555555555
1 0.027777777777777776 0.3003472222222222 0.044444444444444446 0.06597222222222222
1 0.07916666666666666 0.4201388888888889 0.04722222222222222 0.059027777777777776
1 0.13819444444444445 0.4878472222222222 0.04027777777777778 0.059027777777777776
1 0.2965277777777778 0.4253472222222222 0.04861111111111111 0.059027777777777776
1 0.43125 0.4869791666666667 0.05416666666666667 0.06770833333333333
1 0.46041666666666664 0.5694444444444444 0.04861111111111111 0.06597222222222222
1 0.3159722222222222 0.5138888888888888 0.05694444444444444 0.0625
1 0.28125 0.5616319444444444 0.05138888888888889 0.06076388888888889
1 0.20972222222222223 0.5190972222222222 0.04722222222222222 0.05555555555555555
1 0.07916666666666666 0.5390625 0.04722222222222222 0.06076388888888889
1 0.02638888888888889 0.7847222222222222 0.05 0.07291666666666667
1 0.30069444444444443 0.6432291666666666 0.05138888888888889 0.0642361111111111
1 0.3020833333333333 0.7326388888888888 0.05138888888888889 0.0625
1 0.39791666666666664 0.7170138888888888 0.05416666666666667 0.07291666666666667
1 0.30416666666666664 0.8307291666666666 0.058333333333333334 0.0642361111111111
1 0.42777777777777776 0.8203125 0.04722222222222222 0.0642361111111111
1 0.5340277777777778 0.6875 0.04027777777777778 0.0625
1 0.5576388888888889 0.6371527777777778 0.043055555555555555 0.06597222222222222
1 0.73125 0.7934027777777778 0.04861111111111111 0.0625
1 0.7361111111111112 0.9253472222222222 0.044444444444444446 0.05555555555555555
1 0.7951388888888888 0.8411458333333334 0.043055555555555555 0.057291666666666664
1 0.49583333333333335 0.8602430555555556 0.041666666666666664 0.057291666666666664
1 0.6090277777777777 0.9027777777777778 0.05694444444444444 0.06597222222222222
1 0.6527777777777778 0.8463541666666666 0.04722222222222222 0.06770833333333333
1 0.4638888888888889 0.9453125 0.05 0.057291666666666664
1 0.32569444444444445 0.96875 0.05416666666666667 0.0625
