0 0.04513888888888889 0.052083333333333336 0.06805555555555555 0.10069444444444445
0 0.3819444444444444 0.07118055555555555 0.06666666666666667 0.08333333333333333
0 0.6902777777777778 0.11197916666666667 0.08888888888888889 0.08506944444444445
0 0.7229166666666667 0.2569444444444444 0.06805555555555555 0.09722222222222222
0 0.8569444444444444 0.3263888888888889 0.08055555555555556 0.09375
0 0.9423611111111111 0.203125 0.07916666666666666 0.08333333333333333
0 0.9736111111111111 0.2916666666666667 0.05277777777777778 0.10069444444444445
0 0.6277777777777778 0.4600694444444444 0.075 0.09027777777777778
0 0.5416666666666666 0.5243055555555556 0.06666666666666667 0.0798611111111111
0 0.5777777777777777 0.5833333333333334 0.07222222222222222 0.0798611111111111
0 0.7020833333333333 0.7595486111111112 0.06527777777777778 0.08854166666666667
0 0.9493055555555555 0.8550347222222222 0.07361111111111111 0.11284722222222222
0 0.6958333333333333 0.8810763888888888 0.07222222222222222 0.08159722222222222
0 0.2520833333333333 0.7673611111111112 0.06527777777777778 0.09375
0 0.3020833333333333 0.8098958333333334 0.06527777777777778 0.08159722222222222
0 0.2590277777777778 0.9045138888888888 0.08194444444444444 0.08333333333333333
0 0.45555555555555555 0.2638888888888889 0.06944444444444445 0.10069444444444445
0 0.45069444444444445 0.1232638888888889 0.0763888888888889 0.07291666666666667
7 0.41458333333333336 0.2760416666666667 0.05138888888888889 0.06944444444444445
7 0.035416666666666666 0.640625 0.0625 0.09375
7 0.1625 0.8967013888888888 0.06944444444444445 0.08854166666666667
7 0.4826388888888889 0.5737847222222222 0.05138888888888889 0.06076388888888889
7 0.55 0.7482638888888888 0.04722222222222222 0.06597222222222222
7 0.575 0.4826388888888889 0.08888888888888889 0.11458333333333333
