0 0.09444444444444444 0.3741319444444444 0.075 0.0954861111111111
0 0.7270833333333333 0.1189236111111111 0.06805555555555555 0.08854166666666667
0 0.6631944444444444 0.2248263888888889 0.0763888888888889 0.0920138888888889
0 0.8048611111111111 0.15625 0.07916666666666666 0.10416666666666667
0 0.6090277777777777 0.5720486111111112 0.07361111111111111 0.08506944444444445
0 0.04652777777777778 0.9262152777777778 0.06805555555555555 0.109375
0 0.043055555555555555 0.6770833333333334 0.08333333333333333 0.11458333333333333
1 0.48125 0.2673611111111111 0.05138888888888889 0.06597222222222222
1 0.43125 0.8385416666666666 0.05416666666666667 0.06597222222222222
1 0.9236111111111112 0.9748263888888888 0.05555555555555555 0.03993055555555555
1 0.9729166666666667 0.4157986111111111 0.04861111111111111 0.06076388888888889
1 0.5159722222222223 0.1267361111111111 0.04583333333333333 0.05555555555555555
