1 0.04861111111111111 0.1605902777777778 0.05277777777777778 0.06076388888888889
1 0.225 0.15538194444444445 0.05 0.06076388888888889
1 0.42291666666666666 0.15711805555555555 0.04861111111111111 0.07118055555555555
1 0.30694444444444446 0.5243055555555556 0.05555555555555555 0.059027777777777776
1 0.24722222222222223 0.3428819444444444 0.04722222222222222 0.057291666666666664
1 0.3416666666666667 0.7534722222222222 0.058333333333333334 0.059027777777777776
1 0.1388888888888889 0.8168402777777778 0.06388888888888888 0.057291666666666664
1 0.1486111111111111 0.9557291666666666 0.058333333333333334 0.06076388888888889
1 0.4798611111111111 0.7248263888888888 0.043055555555555555 0.057291666666666664
1 0.5333333333333333 0.8133680555555556 0.05 0.05381944444444445
1 0.6458333333333334 0.8133680555555556 0.05555555555555555 0.0642361111111111
1 0.66875 0.6623263888888888 0.05694444444444444 0.057291666666666664
1 0.49583333333333335 0.5286458333333334 0.04722222222222222 0.06770833333333333
1 0.46805555555555556 0.5902777777777778 0.04722222222222222 0.059027777777777776
1 0.6451388888888889 0.4105902777777778 0.05416666666666667 0.06770833333333333
1 0.7097222222222223 0.2890625 0.05555555555555555 0.078125
1 0.6166666666666667 0.2682291666666667 0.05 0.05381944444444445
1 0.5472222222222223 0.3411458333333333 0.04722222222222222 0.06076388888888889
1 0.46875 0.3602430555555556 0.04861111111111111 0.057291666666666664
1 0.6465277777777778 0.1501736111111111 0.04861111111111111 0.0642361111111111
1 0.8777777777777778 0.7699652777777778 0.05 0.0642361111111111
1 0.9666666666666667 0.6753472222222222 0.05277777777777778 0.0763888888888889
1 0.8465277777777778 0.2456597222222222 0.06527777777777778 0.078125
1 0.8194444444444444 0.05381944444444445 0.05555555555555555 0.06597222222222222
