1 0.10625 0.3046875 0.059722222222222225 0.06770833333333333
1 0.125 0.4678819444444444 0.058333333333333334 0.078125
1 0.08958333333333333 0.6180555555555556 0.0625 0.06944444444444445
1 0.16041666666666668 0.6310763888888888 0.059722222222222225 0.078125
1 0.11319444444444444 0.7960069444444444 0.0625 0.078125
1 0.40694444444444444 0.6996527777777778 0.05555555555555555 0.06597222222222222
1 0.22083333333333333 0.5425347222222222 0.06666666666666667 0.07465277777777778
1 0.5020833333333333 0.12065972222222222 0.06527777777777778 0.08159722222222222
1 0.7631944444444444 0.16319444444444445 0.0625 0.0798611111111111
1 0.9423611111111111 0.22916666666666666 0.05694444444444444 0.07291666666666667
1 0.6694444444444444 0.3741319444444444 0.044444444444444446 0.07118055555555555
1 0.6805555555555556 0.1987847222222222 0.058333333333333334 0.06770833333333333
1 0.9652777777777778 0.6206597222222222 0.06111111111111111 0.078125
1 0.80625 0.8185763888888888 0.06527777777777778 0.0642361111111111
1 0.7145833333333333 0.9427083333333334 0.059722222222222225 0.0625
1 0.38472222222222224 0.9505208333333334 0.08055555555555556 0.06770833333333333
1 0.5722222222222222 0.2821180555555556 0.07222222222222222 0.07465277777777778
