1 0.19722222222222222 0.09461805555555555 0.05 0.0642361111111111
1 0.35347222222222224 0.0954861111111111 0.05138888888888889 0.05555555555555555
1 0.15208333333333332 0.1484375 0.05138888888888889 0.06076388888888889
1 0.13055555555555556 0.2821180555555556 0.044444444444444446 0.057291666666666664
1 0.08125 0.3168402777777778 0.043055555555555555 0.06076388888888889
1 0.02847222222222222 0.3888888888888889 0.04583333333333333 0.0625
1 0.10277777777777777 0.4904513888888889 0.06666666666666667 0.078125
1 0.22847222222222222 0.4991319444444444 0.04583333333333333 0.06770833333333333
1 0.22083333333333333 0.3420138888888889 0.058333333333333334 0.06944444444444445
1 0.2701388888888889 0.7404513888888888 0.0625 0.07465277777777778
1 0.06666666666666667 0.8585069444444444 0.05555555555555555 0.0642361111111111
1 0.2569444444444444 0.8498263888888888 0.044444444444444446 0.06770833333333333
1 0.2152777777777778 0.8784722222222222 0.044444444444444446 0.0625
1 0.39444444444444443 0.7578125 0.03888888888888889 0.05381944444444445
1 0.35555555555555557 0.9730902777777778 0.044444444444444446 0.05381944444444445
1 0.47847222222222224 0.859375 0.04583333333333333 0.05555555555555555
1 0.5326388888888889 0.8220486111111112 0.04861111111111111 0.06076388888888889
1 0.49236111111111114 0.6128472222222222 0.04583333333333333 0.059027777777777776
1 0.6145833333333334 0.08506944444444445 0.05416666666666667 0.059027777777777776
1 0.8444444444444444 0.05295138888888889 0.05277777777777778 0.0642361111111111
1 0.5277777777777778 0.17447916666666666 0.05 0.06076388888888889
1 0.5326388888888889 0.25 0.05138888888888889 0.059027777777777776
1 0.6326388888888889 0.4513888888888889 0.05138888888888889 0.06944444444444445
1 0.6402777777777777 0.3081597222222222 0.05 0.0642361111111111
1 0.8611111111111112 0.2916666666666667 0.05 0.05555555555555555
1 0.94375 0.4817708333333333 0.043055555555555555 0.0642361111111111
1 0.8020833333333334 0.5598958333333334 0.05694444444444444 0.07465277777777778
1 0.8229166666666666 0.7387152777777778 0.04583333333333333 0.046875
1 0.8972222222222223 0.7925347222222222 0.05277777777777778 0.07118055555555555
1 0.9256944444444445 0.9383680555555556 0.05416666666666667 0.07118055555555555
