0 0.4125 0.1284722222222222 0.08333333333333333 0.0798611111111111
0 0.4041666666666667 0.23177083333333334 0.06666666666666667 0.0954861111111111
0 0.37222222222222223 0.4210069444444444 0.07222222222222222 0.0920138888888889
0 0.6486111111111111 0.15625 0.07777777777777778 0.09722222222222222
0 0.7326388888888888 0.3741319444444444 0.06527777777777778 0.10590277777777778
0 0.6333333333333333 0.4401041666666667 0.06944444444444445 0.10590277777777778
0 0.7868055555555555 0.5850694444444444 0.06805555555555555 0.09375
0 0.5638888888888889 0.875 0.058333333333333334 0.07291666666666667
0 0.5777777777777777 0.9236111111111112 0.06388888888888888 0.0798611111111111
0 0.7291666666666666 0.9453125 0.058333333333333334 0.078125
0 0.8763888888888889 0.8723958333333334 0.058333333333333334 0.08506944444444445
0 0.9472222222222222 0.9201388888888888 0.05 0.0625
0 0.030555555555555555 0.8133680555555556 0.058333333333333334 0.08159722222222222
0 0.9701388888888889 0.07899305555555555 0.059722222222222225 0.11631944444444445
7 0.058333333333333334 0.3142361111111111 0.06388888888888888 0.0763888888888889
7 0.1 0.6111111111111112 0.04722222222222222 0.0625
7 0.3506944444444444 0.9609375 0.04583333333333333 0.05381944444444445
7 0.06111111111111111 0.96875 0.06944444444444445 0.052083333333333336
7 0.9097222222222222 0.11458333333333333 0.08333333333333333 0.12152777777777778
0 0.9270833333333334 0.9696180555555556 0.07361111111111111 0.057291666666666664
7 0.9840277777777777 0.9722222222222222 0.03194444444444444 0.04513888888888889
