0 0.10138888888888889 0.08506944444444445 0.06666666666666667 0.09375
0 0.15416666666666667 0.109375 0.06944444444444445 0.09027777777777778
0 0.12916666666666668 0.18229166666666666 0.08333333333333333 0.08333333333333333
0 0.1388888888888889 0.2621527777777778 0.075 0.08680555555555555
0 0.2798611111111111 0.4956597222222222 0.07916666666666666 0.10243055555555555
0 0.6388888888888888 0.4131944444444444 0.07222222222222222 0.0763888888888889
0 0.7694444444444445 0.049479166666666664 0.05555555555555555 0.06770833333333333
0 0.8666666666666667 0.3177083333333333 0.06666666666666667 0.09375
0 0.9104166666666667 0.4774305555555556 0.08194444444444444 0.10416666666666667
0 0.6916666666666667 0.7022569444444444 0.06388888888888888 0.08506944444444445
0 0.34097222222222223 0.90625 0.0875 0.09027777777777778
0 0.4826388888888889 0.7899305555555556 0.07361111111111111 0.0763888888888889
0 0.20277777777777778 0.5677083333333334 0.08055555555555556 0.08333333333333333
0 0.28958333333333336 0.5920138888888888 0.08194444444444444 0.06944444444444445
0 0.07916666666666666 0.8333333333333334 0.08888888888888889 0.09375
0 0.3736111111111111 0.96875 0.06944444444444445 0.059027777777777776
1 0.40069444444444446 0.3940972222222222 0.05138888888888889 0.06944444444444445
7 0.48125 0.5954861111111112 0.04027777777777778 0.059027777777777776
7 0.022222222222222223 0.5451388888888888 0.041666666666666664 0.1076388888888889
7 0.11805555555555555 0.9635416666666666 0.07222222222222222 0.0625
7 0.8118055555555556 0.9487847222222222 0.07083333333333333 0.0920138888888889
7 0.2986111111111111 0.4105902777777778 0.08333333333333333 0.1440972222222222
