0 0.05347222222222222 0.2795138888888889 0.04583333333333333 0.0625
1 0.11319444444444444 0.4826388888888889 0.05138888888888889 0.059027777777777776
1 0.05486111111111111 0.5164930555555556 0.04861111111111111 0.057291666666666664
1 0.029166666666666667 0.6006944444444444 0.04722222222222222 0.05555555555555555
1 0.04236111111111111 0.6979166666666666 0.05138888888888889 0.06944444444444445
1 0.15486111111111112 0.7986111111111112 0.04583333333333333 0.06597222222222222
1 0.2298611111111111 0.9340277777777778 0.043055555555555555 0.05555555555555555
1 0.23680555555555555 0.71875 0.0375 0.052083333333333336
1 0.2861111111111111 0.5295138888888888 0.05555555555555555 0.0763888888888889
1 0.33402777777777776 0.6397569444444444 0.05138888888888889 0.06076388888888889
1 0.33541666666666664 0.7118055555555556 0.04583333333333333 0.05555555555555555
1 0.3736111111111111 0.7664930555555556 0.04722222222222222 0.057291666666666664
1 0.22569444444444445 0.08506944444444445 0.04861111111111111 0.059027777777777776
1 0.29791666666666666 0.13020833333333334 0.04583333333333333 0.059027777777777776
1 0.2548611111111111 0.23177083333333334 0.05694444444444444 0.06076388888888889
1 0.36875 0.1840277777777778 0.05416666666666667 0.06597222222222222
1 0.45625 0.3142361111111111 0.04583333333333333 0.05555555555555555
1 0.32569444444444445 0.3567708333333333 0.0625 0.0642361111111111
1 0.4305555555555556 0.4895833333333333 0.04722222222222222 0.05555555555555555
1 0.55625 0.4817708333333333 0.04583333333333333 0.0642361111111111
1 0.4736111111111111 0.6302083333333334 0.05555555555555555 0.06597222222222222
1 0.5902777777777778 0.6423611111111112 0.05555555555555555 0.0763888888888889
1 0.5277777777777778 0.7925347222222222 0.05277777777777778 0.06076388888888889
1 0.4583333333333333 0.828125 0.05 0.06597222222222222
1 0.5131944444444444 0.9609375 0.04861111111111111 0.0642361111111111
1 0.6583333333333333 0.8185763888888888 0.041666666666666664 0.046875
1 0.6722222222222223 0.6953125 0.044444444444444446 0.06076388888888889
1 0.7194444444444444 0.7256944444444444 0.044444444444444446 0.059027777777777776
1 0.7673611111111112 0.7717013888888888 0.04583333333333333 0.06076388888888889
1 0.8229166666666666 0.8090277777777778 0.05416666666666667 0.06597222222222222
1 0.7270833333333333 0.14930555555555555 0.059722222222222225 0.06597222222222222
1 0.8368055555555556 0.10416666666666667 0.05138888888888889 0.059027777777777776
1 0.7951388888888888 0.2534722222222222 0.04861111111111111 0.06944444444444445
1 0.9236111111111112 0.4861111111111111 0.05555555555555555 0.06597222222222222
1 0.8451388888888889 0.4982638888888889 0.05416666666666667 0.06944444444444445
1 0.8111111111111111 0.6102430555555556 0.05 0.06076388888888889
1 0.9284722222222223 0.9661458333333334 0.05416666666666667 0.06076388888888889
