1 0.16527777777777777 0.06770833333333333 0.044444444444444446 0.0625
1 0.31666666666666665 0.19010416666666666 0.05555555555555555 0.0642361111111111
1 0.4444444444444444 0.059027777777777776 0.04722222222222222 0.05555555555555555
1 0.4125 0.23177083333333334 0.044444444444444446 0.06076388888888889
1 0.6833333333333333 0.14322916666666666 0.044444444444444446 0.0642361111111111
1 0.9361111111111111 0.2170138888888889 0.041666666666666664 0.0625
1 0.7152777777777778 0.2881944444444444 0.05277777777777778 0.06944444444444445
1 0.8145833333333333 0.3064236111111111 0.04583333333333333 0.0642361111111111
1 0.8513888888888889 0.3776041666666667 0.05 0.057291666666666664
1 0.8777777777777778 0.4366319444444444 0.04722222222222222 0.057291666666666664
1 0.9277777777777778 0.5095486111111112 0.05277777777777778 0.06076388888888889
1 0.9756944444444444 0.5625 0.04861111111111111 0.0625
1 0.9395833333333333 0.7777777777777778 0.05138888888888889 0.0625
1 0.9277777777777778 0.8732638888888888 0.05555555555555555 0.07291666666666667
1 0.8131944444444444 0.6128472222222222 0.04583333333333333 0.05555555555555555
1 0.7277777777777777 0.6059027777777778 0.04722222222222222 0.05555555555555555
1 0.6965277777777777 0.6701388888888888 0.05138888888888889 0.0625
1 0.7222222222222222 0.7543402777777778 0.05555555555555555 0.078125
1 0.18611111111111112 0.2682291666666667 0.044444444444444446 0.06076388888888889
1 0.34930555555555554 0.3480902777777778 0.043055555555555555 0.0642361111111111
1 0.21805555555555556 0.390625 0.05277777777777778 0.06944444444444445
1 0.30972222222222223 0.515625 0.044444444444444446 0.059027777777777776
1 0.23402777777777778 0.5894097222222222 0.04861111111111111 0.057291666666666664
1 0.1625 0.6536458333333334 0.03888888888888889 0.05381944444444445
1 0.4013888888888889 0.3585069444444444 0.041666666666666664 0.050347222222222224
1 0.5680555555555555 0.4522569444444444 0.03611111111111111 0.057291666666666664
1 0.4527777777777778 0.4505208333333333 0.041666666666666664 0.046875
1 0.46111111111111114 0.5355902777777778 0.044444444444444446 0.057291666666666664
1 0.5263888888888889 0.5685763888888888 0.04722222222222222 0.057291666666666664
1 0.23541666666666666 0.6614583333333334 0.034722222222222224 0.04513888888888889
1 0.16041666666666668 0.7847222222222222 0.0375 0.05555555555555555
1 0.12986111111111112 0.9652777777777778 0.04861111111111111 0.06944444444444445
1 0.44513888888888886 0.7256944444444444 0.04027777777777778 0.059027777777777776
1 0.4708333333333333 0.7873263888888888 0.03888888888888889 0.05381944444444445
1 0.5701388888888889 0.6171875 0.0375 0.057291666666666664
