1 0.31319444444444444 0.10069444444444445 0.05416666666666667 0.06597222222222222
1 0.03263888888888889 0.3524305555555556 0.04861111111111111 0.05555555555555555
1 0.22083333333333333 0.4166666666666667 0.05 0.059027777777777776
1 0.12013888888888889 0.4774305555555556 0.06805555555555555 0.06944444444444445
1 0.2652777777777778 0.5442708333333334 0.044444444444444446 0.07118055555555555
1 0.3638888888888889 0.4357638888888889 0.05277777777777778 0.059027777777777776
1 0.33819444444444446 0.3185763888888889 0.04861111111111111 0.057291666666666664
1 0.39791666666666664 0.3142361111111111 0.04027777777777778 0.041666666666666664
1 0.5201388888888889 0.3081597222222222 0.04861111111111111 0.057291666666666664
1 0.4423611111111111 0.3272569444444444 0.04027777777777778 0.05381944444444445
1 0.4708333333333333 0.17881944444444445 0.044444444444444446 0.05555555555555555
1 0.5645833333333333 0.16666666666666666 0.05138888888888889 0.06597222222222222
1 0.675 0.20572916666666666 0.05 0.06770833333333333
1 0.6006944444444444 0.3133680555555556 0.05416666666666667 0.06770833333333333
1 0.6979166666666666 0.3046875 0.043055555555555555 0.0642361111111111
1 0.7458333333333333 0.2890625 0.05555555555555555 0.0642361111111111
1 0.96875 0.0842013888888889 0.059722222222222225 0.08159722222222222
1 0.9229166666666667 0.5034722222222222 0.0625 0.06597222222222222
1 0.66875 0.4105902777777778 0.05416666666666667 0.06076388888888889
1 0.7458333333333333 0.5885416666666666 0.05 0.0625
1 0.8430555555555556 0.4939236111111111 0.030555555555555555 0.0642361111111111
1 0.8041666666666667 0.5217013888888888 0.041666666666666664 0.06076388888888889
1 0.43333333333333335 0.5026041666666666 0.04722222222222222 0.057291666666666664
1 0.3840277777777778 0.6579861111111112 0.04027777777777778 0.0763888888888889
1 0.2590277777777778 0.7152777777777778 0.04583333333333333 0.059027777777777776
1 0.15347222222222223 0.5885416666666666 0.0625 0.06597222222222222
1 0.1527777777777778 0.7005208333333334 0.06388888888888888 0.06770833333333333
1 0.2125 0.8255208333333334 0.04722222222222222 0.057291666666666664
1 0.3472222222222222 0.7951388888888888 0.06388888888888888 0.06944444444444445
1 0.5673611111111111 0.8802083333333334 0.05694444444444444 0.07291666666666667
1 0.43680555555555556 0.8776041666666666 0.05694444444444444 0.07118055555555555
1 0.33055555555555555 0.8836805555555556 0.05 0.0625
1 0.2659722222222222 0.8819444444444444 0.043055555555555555 0.05555555555555555
1 0.1284722222222222 0.9288194444444444 0.043055555555555555 0.052083333333333336
1 0.08055555555555556 0.9444444444444444 0.05 0.0625
1 0.6236111111111111 0.8307291666666666 0.041666666666666664 0.06770833333333333
1 0.5791666666666667 0.6866319444444444 0.04722222222222222 0.06076388888888889
1 0.6402777777777777 0.7230902777777778 0.041666666666666664 0.057291666666666664
1 0.6854166666666667 0.8168402777777778 0.05694444444444444 0.07465277777777778
1 0.6847222222222222 0.9505208333333334 0.044444444444444446 0.07118055555555555
1 0.7340277777777777 0.9626736111111112 0.05138888888888889 0.06076388888888889
