1 0.1701388888888889 0.026041666666666668 0.0375 0.04861111111111111
1 0.14930555555555555 0.18663194444444445 0.043055555555555555 0.057291666666666664
1 0.2861111111111111 0.19444444444444445 0.044444444444444446 0.052083333333333336
1 0.20208333333333334 0.2586805555555556 0.04861111111111111 0.059027777777777776
1 0.30625 0.3046875 0.04861111111111111 0.057291666666666664
1 0.23402777777777778 0.3090277777777778 0.04583333333333333 0.05555555555555555
1 0.25416666666666665 0.3958333333333333 0.044444444444444446 0.059027777777777776
1 0.12152777777777778 0.3506944444444444 0.043055555555555555 0.04513888888888889
1 0.19583333333333333 0.5980902777777778 0.05277777777777778 0.0642361111111111
1 0.17777777777777778 0.6701388888888888 0.05 0.059027777777777776
1 0.27708333333333335 0.7699652777777778 0.04583333333333333 0.06076388888888889
1 0.3701388888888889 0.6059027777777778 0.04861111111111111 0.059027777777777776
1 0.4236111111111111 0.4609375 0.05 0.0642361111111111
1 0.4930555555555556 0.2144097222222222 0.05277777777777778 0.06770833333333333
1 0.6416666666666667 0.1779513888888889 0.05555555555555555 0.07118055555555555
1 0.8284722222222223 0.3784722222222222 0.059722222222222225 0.06944444444444445
1 0.8638888888888889 0.4635416666666667 0.04722222222222222 0.059027777777777776
1 0.83125 0.6319444444444444 0.05138888888888889 0.059027777777777776
1 0.9173611111111111 0.6909722222222222 0.04861111111111111 0.0625
1 0.8590277777777777 0.7039930555555556 0.04861111111111111 0.0642361111111111
1 0.6104166666666667 0.7352430555555556 0.05138888888888889 0.0642361111111111
1 0.49583333333333335 0.8246527777777778 0.05 0.059027777777777776
1 0.55 0.7925347222222222 0.05 0.057291666666666664
1 0.7527777777777778 0.875 0.04722222222222222 0.0625
1 0.8243055555555555 0.9288194444444444 0.04861111111111111 0.059027777777777776
1 0.6451388888888889 0.6736111111111112 0.05416666666666667 0.0625
1 0.6145833333333334 0.4053819444444444 0.04583333333333333 0.06076388888888889
1 0.9180555555555555 0.2526041666666667 0.05277777777777778 0.0642361111111111
1 0.9763888888888889 0.5086805555555556 0.04722222222222222 0.07291666666666667
1 0.71875 0.7256944444444444 0.04583333333333333 0.059027777777777776
