0 0.029166666666666667 0.1232638888888889 0.05555555555555555 0.08333333333333333
0 0.14097222222222222 0.15625 0.06805555555555555 0.1111111111111111
0 0.22083333333333333 0.3081597222222222 0.07222222222222222 0.0954861111111111
0 0.4375 0.23958333333333334 0.09166666666666666 0.1111111111111111
0 0.7222222222222222 0.3498263888888889 0.06666666666666667 0.08159722222222222
0 0.9006944444444445 0.03298611111111111 0.05138888888888889 0.0625
0 0.7493055555555556 0.6414930555555556 0.07083333333333333 0.08159722222222222
0 0.4284722222222222 0.6319444444444444 0.07361111111111111 0.08680555555555555
0 0.4895833333333333 0.7925347222222222 0.06805555555555555 0.078125
0 0.3055555555555556 0.7907986111111112 0.06666666666666667 0.08506944444444445
0 0.18541666666666667 0.8133680555555556 0.08194444444444444 0.0920138888888889
0 0.04097222222222222 0.9227430555555556 0.0625 0.09895833333333333
0 0.40069444444444446 0.9661458333333334 0.07083333333333333 0.057291666666666664
1 0.6833333333333333 0.06597222222222222 0.05 0.0625
1 0.7736111111111111 0.4956597222222222 0.05555555555555555 0.07465277777777778
1 0.7645833333333333 0.7057291666666666 0.04861111111111111 0.0642361111111111
7 0.8666666666666667 0.6927083333333334 0.06111111111111111 0.08333333333333333
1 0.16180555555555556 0.6814236111111112 0.0625 0.08159722222222222
7 0.3680555555555556 0.7413194444444444 0.04722222222222222 0.06944444444444445
7 0.11875 0.9618055555555556 0.07361111111111111 0.06944444444444445
7 0.027777777777777776 0.4730902777777778 0.05277777777777778 0.057291666666666664
7 0.2548611111111111 0.1111111111111111 0.04583333333333333 0.059027777777777776
7 0.5354166666666667 0.3880208333333333 0.04583333333333333 0.06076388888888889
7 0.5611111111111111 0.4453125 0.05277777777777778 0.07118055555555555
7 0.7861111111111111 0.051215277777777776 0.03888888888888889 0.043402777777777776
7 0.6013888888888889 0.796875 0.044444444444444446 0.052083333333333336
7 0.6333333333333333 0.9626736111111112 0.03611111111111111 0.050347222222222224
7 0.36527777777777776 0.6770833333333334 0.041666666666666664 0.05555555555555555
0 0.9715277777777778 0.11197916666666667 0.05694444444444444 0.11631944444444445
