0 0.10347222222222222 0.046875 0.04583333333333333 0.05555555555555555
0 0.07430555555555556 0.11024305555555555 0.043055555555555555 0.06770833333333333
0 0.15069444444444444 0.2604166666666667 0.05694444444444444 0.06944444444444445
0 0.22013888888888888 0.24131944444444445 0.043055555555555555 0.05555555555555555
0 0.24513888888888888 0.09722222222222222 0.05138888888888889 0.059027777777777776
0 0.3104166666666667 0.030381944444444444 0.04583333333333333 0.057291666666666664
0 0.27361111111111114 0.4461805555555556 0.05 0.08680555555555555
0 0.44722222222222224 0.2482638888888889 0.05555555555555555 0.0763888888888889
0 0.3388888888888889 0.4210069444444444 0.044444444444444446 0.06076388888888889
0 0.11597222222222223 0.4279513888888889 0.05138888888888889 0.06770833333333333
0 0.1423611111111111 0.5243055555555556 0.04583333333333333 0.0625
0 0.19791666666666666 0.46875 0.04583333333333333 0.059027777777777776
0 0.2791666666666667 0.5512152777777778 0.05555555555555555 0.06076388888888889
0 0.29583333333333334 0.6458333333333334 0.05 0.07291666666666667
0 0.11944444444444445 0.8559027777777778 0.05 0.07291666666666667
0 0.029861111111111113 0.6944444444444444 0.04027777777777778 0.05555555555555555
0 0.26666666666666666 0.8776041666666666 0.05277777777777778 0.06076388888888889
0 0.5291666666666667 0.6675347222222222 0.058333333333333334 0.07465277777777778
0 0.6541666666666667 0.6770833333333334 0.05555555555555555 0.06597222222222222
0 0.7444444444444445 0.7560763888888888 0.05277777777777778 0.06076388888888889
0 0.7333333333333333 0.3394097222222222 0.05277777777777778 0.07118055555555555
0 0.7583333333333333 0.14322916666666666 0.05555555555555555 0.07118055555555555
0 0.9555555555555556 0.3515625 0.058333333333333334 0.06076388888888889
0 0.9694444444444444 0.4357638888888889 0.05 0.059027777777777776
0 0.9381944444444444 0.5520833333333334 0.05694444444444444 0.06597222222222222
0 0.8409722222222222 0.6076388888888888 0.059722222222222225 0.07291666666666667
0 0.8375 0.7013888888888888 0.04722222222222222 0.06597222222222222
0 0.9048611111111111 0.7083333333333334 0.04861111111111111 0.07291666666666667
0 0.9513888888888888 0.8151041666666666 0.05555555555555555 0.06770833333333333
0 0.8923611111111112 0.8619791666666666 0.04583333333333333 0.0642361111111111
0 0.59375 0.5225694444444444 0.05694444444444444 0.0625
0 0.5694444444444444 0.23958333333333334 0.058333333333333334 0.05555555555555555
