0 0.23958333333333334 0.4678819444444444 0.07083333333333333 0.10590277777777778
0 0.32569444444444445 0.5876736111111112 0.07361111111111111 0.11979166666666667
0 0.3659722222222222 0.6857638888888888 0.05694444444444444 0.08680555555555555
0 0.59375 0.7326388888888888 0.07083333333333333 0.12152777777777778
0 0.5756944444444444 0.1328125 0.07361111111111111 0.09895833333333333
0 0.5159722222222223 0.5043402777777778 0.06805555555555555 0.0920138888888889
0 0.8319444444444445 0.3480902777777778 0.07777777777777778 0.09895833333333333
7 0.15416666666666667 0.3194444444444444 0.11388888888888889 0.21180555555555555
7 0.6430555555555556 0.3194444444444444 0.05277777777777778 0.0763888888888889
7 0.5256944444444445 0.1032986111111111 0.043055555555555555 0.06076388888888889
7 0.9770833333333333 0.0703125 0.04583333333333333 0.07465277777777778
7 0.3159722222222222 0.8038194444444444 0.06527777777777778 0.1076388888888889
7 0.4270833333333333 0.6293402777777778 0.05694444444444444 0.0642361111111111
7 0.6979166666666666 0.9045138888888888 0.04583333333333333 0.05555555555555555
7 0.3763888888888889 0.5737847222222222 0.04722222222222222 0.06076388888888889
7 0.3840277777777778 0.4713541666666667 0.059722222222222225 0.06076388888888889
7 0.8347222222222223 0.4348958333333333 0.05 0.06770833333333333
