0 0.04791666666666667 0.3368055555555556 0.08472222222222223 0.1076388888888889
0 0.043055555555555555 0.5833333333333334 0.07222222222222222 0.11458333333333333
0 0.09375 0.03732638888888889 0.07361111111111111 0.07118055555555555
0 0.6069444444444444 0.22569444444444445 0.07222222222222222 0.08333333333333333
1 0.9270833333333334 0.6423611111111112 0.05694444444444444 0.0763888888888889
7 0.45625 0.3828125 0.04583333333333333 0.05381944444444445
7 0.5006944444444444 0.2439236111111111 0.05694444444444444 0.09895833333333333
7 0.9763888888888889 0.06684027777777778 0.04722222222222222 0.078125
7 0.95 0.4470486111111111 0.044444444444444446 0.057291666666666664
7 0.9416666666666667 0.7005208333333334 0.08888888888888889 0.0642361111111111
7 0.8701388888888889 0.765625 0.059722222222222225 0.06597222222222222
7 0.8854166666666666 0.9331597222222222 0.05416666666666667 0.057291666666666664
7 0.6826388888888889 0.9288194444444444 0.0763888888888889 0.09027777777777778
7 0.5854166666666667 0.8619791666666666 0.08472222222222223 0.0954861111111111
7 0.5402777777777777 0.9071180555555556 0.041666666666666664 0.05381944444444445
7 0.48680555555555555 0.9730902777777778 0.0625 0.050347222222222224
7 0.4326388888888889 0.8263888888888888 0.10138888888888889 0.10416666666666667
7 0.42569444444444443 0.4869791666666667 0.04861111111111111 0.07118055555555555
7 0.6458333333333334 0.5173611111111112 0.058333333333333334 0.06597222222222222
7 0.06458333333333334 0.3880208333333333 0.04027777777777778 0.046875
