1 0.09583333333333334 0.0685763888888889 0.04722222222222222 0.06076388888888889
1 0.2013888888888889 0.11805555555555555 0.05555555555555555 0.06944444444444445
1 0.1111111111111111 0.1623263888888889 0.05 0.057291666666666664
1 0.050694444444444445 0.3602430555555556 0.05138888888888889 0.07465277777777778
1 0.23472222222222222 0.3671875 0.05277777777777778 0.0642361111111111
1 0.23472222222222222 0.4930555555555556 0.05555555555555555 0.0625
1 0.4305555555555556 0.3715277777777778 0.05277777777777778 0.0625
1 0.48055555555555557 0.11371527777777778 0.05555555555555555 0.0642361111111111
1 0.41597222222222224 0.5355902777777778 0.04583333333333333 0.0642361111111111
1 0.1597222222222222 0.6128472222222222 0.06666666666666667 0.06597222222222222
1 0.05138888888888889 0.6276041666666666 0.06388888888888888 0.07118055555555555
1 0.33055555555555555 0.7508680555555556 0.06388888888888888 0.07118055555555555
1 0.5743055555555555 0.7092013888888888 0.04861111111111111 0.07465277777777778
1 0.63125 0.8289930555555556 0.05138888888888889 0.07465277777777778
1 0.3055555555555556 0.8923611111111112 0.05 0.059027777777777776
1 0.1625 0.8810763888888888 0.044444444444444446 0.05381944444444445
1 0.6833333333333333 0.2543402777777778 0.03611111111111111 0.0642361111111111
1 0.78125 0.1657986111111111 0.05138888888888889 0.0642361111111111
1 0.83125 0.1519097222222222 0.043055555555555555 0.05381944444444445
1 0.9319444444444445 0.2065972222222222 0.03888888888888889 0.059027777777777776
1 0.76875 0.4522569444444444 0.05138888888888889 0.057291666666666664
1 0.8180555555555555 0.5850694444444444 0.04722222222222222 0.06944444444444445
1 0.7416666666666667 0.5607638888888888 0.05 0.06597222222222222
