0 0.2263888888888889 0.2092013888888889 0.06111111111111111 0.10243055555555555
0 0.4576388888888889 0.3888888888888889 0.06805555555555555 0.09375
0 0.9055555555555556 0.6171875 0.06111111111111111 0.08159722222222222
0 0.7916666666666666 0.125 0.075 0.09722222222222222
0 0.7111111111111111 0.1293402777777778 0.07222222222222222 0.0920138888888889
0 0.9590277777777778 0.3237847222222222 0.05416666666666667 0.07118055555555555
1 0.6923611111111111 0.8975694444444444 0.04583333333333333 0.06597222222222222
1 0.05416666666666667 0.5121527777777778 0.041666666666666664 0.04861111111111111
3 0.07361111111111111 0.4696180555555556 0.058333333333333334 0.057291666666666664
1 0.10555555555555556 0.4401041666666667 0.044444444444444446 0.05381944444444445
1 0.02638888888888889 0.6258680555555556 0.044444444444444446 0.0642361111111111
0 0.8638888888888889 0.0390625 0.058333333333333334 0.07465277777777778
7 0.5680555555555555 0.5303819444444444 0.06666666666666667 0.0642361111111111
7 0.8604166666666667 0.2595486111111111 0.04861111111111111 0.0642361111111111
7 0.8368055555555556 0.4991319444444444 0.09861111111111111 0.09895833333333333
7 0.8958333333333334 0.5546875 0.041666666666666664 0.057291666666666664
7 0.6027777777777777 0.20225694444444445 0.06111111111111111 0.08506944444444445
7 0.6701388888888888 0.1796875 0.07361111111111111 0.078125
7 0.42986111111111114 0.8177083333333334 0.13472222222222222 0.14930555555555555
7 0.45208333333333334 0.9565972222222222 0.07916666666666666 0.07291666666666667
7 0.6784722222222223 0.9817708333333334 0.09305555555555556 0.03298611111111111
7 0.91875 0.7638888888888888 0.05416666666666667 0.0798611111111111
7 0.013888888888888888 0.1684027777777778 0.025 0.09375
7 0.06180555555555556 0.026909722222222224 0.034722222222222224 0.043402777777777776
7 0.24861111111111112 0.4548611111111111 0.03888888888888889 0.04861111111111111
