1 0.021527777777777778 0.1527777777777778 0.04027777777777778 0.04861111111111111
1 0.10416666666666667 0.19270833333333334 0.044444444444444446 0.052083333333333336
1 0.36527777777777776 0.0763888888888889 0.05 0.0625
1 0.5305555555555556 0.035590277777777776 0.05277777777777778 0.0642361111111111
1 0.7888888888888889 0.035590277777777776 0.05555555555555555 0.06770833333333333
1 0.9173611111111111 0.078125 0.04861111111111111 0.06944444444444445
1 0.7680555555555556 0.1519097222222222 0.05555555555555555 0.06076388888888889
1 0.4263888888888889 0.3524305555555556 0.05277777777777778 0.0625
1 0.4236111111111111 0.4288194444444444 0.058333333333333334 0.0763888888888889
1 0.49930555555555556 0.3576388888888889 0.05416666666666667 0.0625
1 0.2798611111111111 0.5277777777777778 0.05416666666666667 0.06597222222222222
1 0.2152777777777778 0.6901041666666666 0.05277777777777778 0.06770833333333333
1 0.3840277777777778 0.6467013888888888 0.04861111111111111 0.06076388888888889
1 0.46041666666666664 0.7326388888888888 0.05694444444444444 0.06597222222222222
1 0.5611111111111111 0.7682291666666666 0.05555555555555555 0.06770833333333333
1 0.5763888888888888 0.8993055555555556 0.044444444444444446 0.07291666666666667
1 0.27847222222222223 0.671875 0.043055555555555555 0.052083333333333336
1 0.29583333333333334 0.734375 0.05277777777777778 0.0625
1 0.04583333333333333 0.8307291666666666 0.05277777777777778 0.0642361111111111
1 0.05555555555555555 0.9045138888888888 0.04722222222222222 0.0625
1 0.23958333333333334 0.8828125 0.04861111111111111 0.0642361111111111
1 0.34791666666666665 0.9557291666666666 0.05416666666666667 0.078125
1 0.7666666666666667 0.4444444444444444 0.058333333333333334 0.0625
1 0.9222222222222223 0.4557291666666667 0.05 0.07465277777777778
1 0.8729166666666667 0.5277777777777778 0.05416666666666667 0.06944444444444445
1 0.9083333333333333 0.6579861111111112 0.05555555555555555 0.0763888888888889
1 0.8027777777777778 0.796875 0.058333333333333334 0.06944444444444445
1 0.9201388888888888 0.8602430555555556 0.05138888888888889 0.07118055555555555
1 0.7451388888888889 0.8680555555555556 0.04861111111111111 0.05555555555555555
1 0.6958333333333333 0.5529513888888888 0.05277777777777778 0.06076388888888889
