0 0.4173611111111111 0.04079861111111111 0.06527777777777778 0.078125
0 0.8833333333333333 0.1527777777777778 0.06666666666666667 0.09722222222222222
0 0.7020833333333333 0.4522569444444444 0.08194444444444444 0.08854166666666667
0 0.8347222222222223 0.6935763888888888 0.06944444444444445 0.0954861111111111
0 0.5458333333333333 0.5894097222222222 0.06666666666666667 0.0920138888888889
0 0.3909722222222222 0.3272569444444444 0.07083333333333333 0.08506944444444445
0 0.4423611111111111 0.4748263888888889 0.0625 0.08506944444444445
0 0.3076388888888889 0.6675347222222222 0.08194444444444444 0.08506944444444445
0 0.4076388888888889 0.8871527777777778 0.0625 0.0798611111111111
0 0.02847222222222222 0.8914930555555556 0.05416666666666667 0.0920138888888889
0 0.6694444444444444 0.049479166666666664 0.07777777777777778 0.0954861111111111
0 0.2298611111111111 0.05555555555555555 0.08472222222222223 0.0763888888888889
7 0.18958333333333333 0.1579861111111111 0.10972222222222222 0.09027777777777778
1 0.18541666666666667 0.2821180555555556 0.04861111111111111 0.0642361111111111
1 0.18611111111111112 0.5130208333333334 0.05 0.07118055555555555
7 0.5381944444444444 0.3845486111111111 0.04583333333333333 0.057291666666666664
7 0.5583333333333333 0.4826388888888889 0.05 0.05555555555555555
0 0.6173611111111111 0.7170138888888888 0.0875 0.09722222222222222
0 0.9784722222222222 0.06597222222222222 0.043055555555555555 0.1076388888888889
1 0.5791666666666667 0.12239583333333333 0.05277777777777778 0.08159722222222222
7 0.7409722222222223 0.9809027777777778 0.05694444444444444 0.024305555555555556
7 0.8881944444444444 0.5850694444444444 0.03194444444444444 0.04861111111111111
