1 0.07708333333333334 0.18836805555555555 0.05416666666666667 0.057291666666666664
1 0.3597222222222222 0.1675347222222222 0.041666666666666664 0.050347222222222224
1 0.5076388888888889 0.04079861111111111 0.04861111111111111 0.0642361111111111
1 0.65 0.10677083333333333 0.05 0.0642361111111111
1 0.7881944444444444 0.033854166666666664 0.043055555555555555 0.05381944444444445
1 0.84375 0.08506944444444445 0.05416666666666667 0.0625
1 0.9305555555555556 0.1840277777777778 0.058333333333333334 0.0763888888888889
1 0.9506944444444444 0.2847222222222222 0.05416666666666667 0.06597222222222222
1 0.6381944444444444 0.2526041666666667 0.05694444444444444 0.07118055555555555
1 0.5006944444444444 0.2977430555555556 0.05138888888888889 0.06076388888888889
1 0.49027777777777776 0.3619791666666667 0.05555555555555555 0.07118055555555555
1 0.7027777777777777 0.3611111111111111 0.05277777777777778 0.06597222222222222
1 0.9034722222222222 0.5434027777777778 0.0625 0.0763888888888889
1 0.7097222222222223 0.53125 0.04722222222222222 0.0625
1 0.8027777777777778 0.5659722222222222 0.05 0.052083333333333336
1 0.6819444444444445 0.6024305555555556 0.05 0.05555555555555555
1 0.6791666666666667 0.7960069444444444 0.05277777777777778 0.06076388888888889
1 0.7569444444444444 0.8524305555555556 0.05277777777777778 0.06944444444444445
1 0.9104166666666667 0.6805555555555556 0.04583333333333333 0.06597222222222222
1 0.9694444444444444 0.7916666666666666 0.05 0.0763888888888889
1 0.12083333333333333 0.4748263888888889 0.044444444444444446 0.05381944444444445
1 0.40902777777777777 0.4357638888888889 0.043055555555555555 0.05555555555555555
1 0.1361111111111111 0.6258680555555556 0.05 0.057291666666666664
1 0.1798611111111111 0.6944444444444444 0.04583333333333333 0.05555555555555555
1 0.2826388888888889 0.7178819444444444 0.05138888888888889 0.06076388888888889
1 0.16527777777777777 0.8003472222222222 0.04722222222222222 0.05555555555555555
1 0.25555555555555554 0.8385416666666666 0.04722222222222222 0.052083333333333336
1 0.03958333333333333 0.890625 0.04583333333333333 0.05555555555555555
1 0.4576388888888889 0.9210069444444444 0.0375 0.05381944444444445
