1 0.19722222222222222 0.09114583333333333 0.04722222222222222 0.050347222222222224
1 0.23541666666666666 0.1328125 0.04027777777777778 0.06076388888888889
1 0.225 0.24479166666666666 0.05277777777777778 0.06597222222222222
1 0.3236111111111111 0.203125 0.03888888888888889 0.05555555555555555
1 0.36875 0.24479166666666666 0.04583333333333333 0.059027777777777776
1 0.2791666666666667 0.2621527777777778 0.03611111111111111 0.052083333333333336
1 0.10902777777777778 0.4019097222222222 0.05138888888888889 0.06076388888888889
1 0.4583333333333333 0.3029513888888889 0.041666666666666664 0.06770833333333333
1 0.44305555555555554 0.3932291666666667 0.05555555555555555 0.06770833333333333
1 0.3923611111111111 0.4331597222222222 0.04583333333333333 0.057291666666666664
1 0.35208333333333336 0.4722222222222222 0.05416666666666667 0.0625
1 0.43333333333333335 0.1328125 0.04722222222222222 0.0642361111111111
1 0.48680555555555555 0.08940972222222222 0.05694444444444444 0.06076388888888889
1 0.5645833333333333 0.04513888888888889 0.04861111111111111 0.0625
1 0.6881944444444444 0.04774305555555555 0.04861111111111111 0.0642361111111111
1 0.8013888888888889 0.11979166666666667 0.05277777777777778 0.06597222222222222
1 0.9326388888888889 0.03732638888888889 0.06805555555555555 0.07118055555555555
1 0.7826388888888889 0.2456597222222222 0.05138888888888889 0.06770833333333333
1 0.5979166666666667 0.2508680555555556 0.05694444444444444 0.06770833333333333
1 0.6861111111111111 0.3333333333333333 0.05 0.06597222222222222
1 0.03125 0.5338541666666666 0.04861111111111111 0.06076388888888889
1 0.23333333333333334 0.6484375 0.04722222222222222 0.06076388888888889
1 0.45555555555555555 0.5286458333333334 0.05 0.05381944444444445
1 0.58125 0.4774305555555556 0.05138888888888889 0.06597222222222222
1 0.8326388888888889 0.4722222222222222 0.04861111111111111 0.059027777777777776
1 0.76875 0.5295138888888888 0.05138888888888889 0.0625
1 0.7805555555555556 0.6362847222222222 0.044444444444444446 0.06076388888888889
1 0.9256944444444445 0.6961805555555556 0.059722222222222225 0.0763888888888889
1 0.6708333333333333 0.6310763888888888 0.06111111111111111 0.07118055555555555
1 0.5840277777777778 0.5720486111111112 0.05416666666666667 0.06076388888888889
1 0.5833333333333334 0.7170138888888888 0.05 0.05555555555555555
1 0.7159722222222222 0.7847222222222222 0.04861111111111111 0.06597222222222222
1 0.9104166666666667 0.9184027777777778 0.05138888888888889 0.06597222222222222
1 0.9743055555555555 0.9496527777777778 0.05138888888888889 0.06944444444444445
1 0.5104166666666666 0.9210069444444444 0.05138888888888889 0.07118055555555555
1 0.46597222222222223 0.7404513888888888 0.0625 0.07118055555555555
1 0.2673611111111111 0.8090277777777778 0.05416666666666667 0.0625
1 0.12361111111111112 0.7395833333333334 0.044444444444444446 0.059027777777777776
1 0.03125 0.7048611111111112 0.04861111111111111 0.059027777777777776
1 0.06458333333333334 0.8064236111111112 0.04583333333333333 0.057291666666666664
1 0.12083333333333333 0.8203125 0.03888888888888889 0.057291666666666664
1 0.06736111111111111 0.8836805555555556 0.04027777777777778 0.052083333333333336
1 0.38472222222222224 0.7899305555555556 0.03888888888888889 0.06597222222222222
