1 0.11736111111111111 0.11197916666666667 0.04861111111111111 0.06076388888888889
1 0.20416666666666666 0.1328125 0.04722222222222222 0.057291666666666664
1 0.03333333333333333 0.24479166666666666 0.041666666666666664 0.05555555555555555
1 0.14791666666666667 0.2873263888888889 0.05138888888888889 0.0642361111111111
1 0.06041666666666667 0.4045138888888889 0.043055555555555555 0.06944444444444445
1 0.14305555555555555 0.5199652777777778 0.05277777777777778 0.07465277777777778
1 0.17777777777777778 0.6145833333333334 0.04722222222222222 0.06597222222222222
1 0.25069444444444444 0.7126736111111112 0.05138888888888889 0.06076388888888889
1 0.058333333333333334 0.8081597222222222 0.04722222222222222 0.057291666666666664
1 0.12013888888888889 0.921875 0.05138888888888889 0.06597222222222222
1 0.3076388888888889 0.9348958333333334 0.043055555555555555 0.050347222222222224
1 0.33541666666666664 0.4236111111111111 0.05138888888888889 0.06597222222222222
1 0.4097222222222222 0.23697916666666666 0.044444444444444446 0.057291666666666664
1 0.4777777777777778 0.050347222222222224 0.06111111111111111 0.0798611111111111
1 0.49722222222222223 0.2465277777777778 0.05555555555555555 0.059027777777777776
1 0.3729166666666667 0.5390625 0.04861111111111111 0.06076388888888889
1 0.48541666666666666 0.6788194444444444 0.04583333333333333 0.05555555555555555
1 0.41597222222222224 0.7847222222222222 0.04861111111111111 0.05555555555555555
1 0.4965277777777778 0.8480902777777778 0.043055555555555555 0.057291666666666664
1 0.48055555555555557 0.4210069444444444 0.05 0.05381944444444445
1 0.6041666666666666 0.4479166666666667 0.04722222222222222 0.06597222222222222
1 0.8145833333333333 0.2300347222222222 0.05416666666666667 0.06076388888888889
1 0.9708333333333333 0.15104166666666666 0.05555555555555555 0.07291666666666667
1 0.9597222222222223 0.5763888888888888 0.05 0.06944444444444445
1 0.78125 0.5286458333333334 0.043055555555555555 0.06076388888888889
1 0.7902777777777777 0.8159722222222222 0.05 0.05555555555555555
1 0.9694444444444444 0.6753472222222222 0.05 0.07291666666666667
