0 0.04791666666666667 0.4123263888888889 0.07083333333333333 0.09895833333333333
0 0.4375 0.3663194444444444 0.06388888888888888 0.08333333333333333
0 0.6305555555555555 0.7335069444444444 0.06666666666666667 0.10590277777777778
0 0.6798611111111111 0.7934027777777778 0.06527777777777778 0.08680555555555555
0 0.5506944444444445 0.8784722222222222 0.08194444444444444 0.09722222222222222
0 0.7694444444444445 0.9053819444444444 0.08055555555555556 0.0954861111111111
0 0.9513888888888888 0.5894097222222222 0.06666666666666667 0.10590277777777778
0 0.5180555555555556 0.3072916666666667 0.08611111111111111 0.10416666666666667
7 0.24166666666666667 0.23524305555555555 0.05277777777777778 0.07118055555555555
7 0.4173611111111111 0.1371527777777778 0.08194444444444444 0.1284722222222222
7 0.04583333333333333 0.265625 0.06666666666666667 0.08333333333333333
0 0.5006944444444444 0.9739583333333334 0.0625 0.04513888888888889
7 0.5298611111111111 0.7751736111111112 0.0763888888888889 0.0954861111111111
0 0.7104166666666667 0.6310763888888888 0.11805555555555555 0.15104166666666666
7 0.8895833333333333 0.4852430555555556 0.08194444444444444 0.08506944444444445
7 0.8395833333333333 0.5729166666666666 0.059722222222222225 0.07291666666666667
7 0.4222222222222222 0.6822916666666666 0.05 0.06597222222222222
7 0.34652777777777777 0.5026041666666666 0.05694444444444444 0.046875
7 0.8763888888888889 0.6467013888888888 0.041666666666666664 0.06076388888888889
