0 0.2569444444444444 0.10416666666666667 0.06944444444444445 0.09722222222222222
0 0.3055555555555556 0.14583333333333334 0.06111111111111111 0.08680555555555555
0 0.2625 0.24305555555555555 0.07777777777777778 0.08333333333333333
0 0.225 0.3715277777777778 0.075 0.0798611111111111
0 0.70625 0.0954861111111111 0.059722222222222225 0.09027777777777778
0 0.7006944444444444 0.22395833333333334 0.07083333333333333 0.0798611111111111
0 0.6402777777777777 0.3776041666666667 0.06666666666666667 0.0954861111111111
0 0.9527777777777777 0.18663194444444445 0.07777777777777778 0.109375
0 0.7354166666666667 0.6397569444444444 0.059722222222222225 0.08506944444444445
0 0.8180555555555555 0.6796875 0.07222222222222222 0.09895833333333333
0 0.6770833333333334 0.7595486111111112 0.06805555555555555 0.08854166666666667
0 0.3347222222222222 0.4887152777777778 0.06388888888888888 0.109375
0 0.2659722222222222 0.4921875 0.0625 0.0954861111111111
0 0.11319444444444444 0.8984375 0.06805555555555555 0.09895833333333333
1 0.4888888888888889 0.7942708333333334 0.05277777777777778 0.06770833333333333
1 0.9798611111111111 0.9383680555555556 0.04027777777777778 0.06076388888888889
