1 0.06527777777777778 0.078125 0.058333333333333334 0.06597222222222222
1 0.01875 0.22135416666666666 0.034722222222222224 0.057291666666666664
1 0.06875 0.1736111111111111 0.04861111111111111 0.0625
1 0.12708333333333333 0.3003472222222222 0.05138888888888889 0.06944444444444445
1 0.36180555555555555 0.2048611111111111 0.043055555555555555 0.059027777777777776
1 0.18194444444444444 0.3758680555555556 0.04722222222222222 0.057291666666666664
1 0.07152777777777777 0.4956597222222222 0.059722222222222225 0.06076388888888889
1 0.04583333333333333 0.5590277777777778 0.05555555555555555 0.0798611111111111
1 0.1798611111111111 0.5737847222222222 0.059722222222222225 0.06770833333333333
1 0.35347222222222224 0.5972222222222222 0.04583333333333333 0.059027777777777776
1 0.3229166666666667 0.6987847222222222 0.059722222222222225 0.07118055555555555
1 0.15416666666666667 0.765625 0.05555555555555555 0.06597222222222222
1 0.3819444444444444 0.8211805555555556 0.05555555555555555 0.06944444444444445
1 0.3215277777777778 0.9461805555555556 0.04583333333333333 0.052083333333333336
1 0.4951388888888889 0.3914930555555556 0.04027777777777778 0.050347222222222224
1 0.5534722222222223 0.2907986111111111 0.05416666666666667 0.0642361111111111
1 0.5493055555555556 0.0720486111111111 0.0625 0.06770833333333333
1 0.6423611111111112 0.11024305555555555 0.04861111111111111 0.06076388888888889
1 0.6236111111111111 0.18229166666666666 0.05 0.059027777777777776
1 0.7284722222222222 0.2664930555555556 0.06527777777777778 0.07118055555555555
1 0.8826388888888889 0.05555555555555555 0.04583333333333333 0.059027777777777776
1 0.9208333333333333 0.1484375 0.06111111111111111 0.06770833333333333
1 0.9020833333333333 0.2612847222222222 0.05416666666666667 0.06770833333333333
1 0.8930555555555556 0.4835069444444444 0.04722222222222222 0.057291666666666664
1 0.7722222222222223 0.5494791666666666 0.05 0.06076388888888889
1 0.6340277777777777 0.6649305555555556 0.04861111111111111 0.06597222222222222
1 0.7076388888888889 0.7803819444444444 0.05694444444444444 0.07118055555555555
1 0.7972222222222223 0.9097222222222222 0.044444444444444446 0.06597222222222222
1 0.65625 0.8802083333333334 0.043055555555555555 0.05555555555555555
1 0.6354166666666666 0.9340277777777778 0.043055555555555555 0.0625
1 0.8604166666666667 0.7664930555555556 0.05138888888888889 0.046875
