0 0.39861111111111114 0.4114583333333333 0.07222222222222222 0.10069444444444445
0 0.8597222222222223 0.3289930555555556 0.06944444444444445 0.0920138888888889
0 0.9034722222222222 0.4479166666666667 0.07083333333333333 0.09375
0 0.8958333333333334 0.059895833333333336 0.06388888888888888 0.0920138888888889
0 0.9555555555555556 0.09635416666666667 0.06388888888888888 0.0920138888888889
0 0.8916666666666667 0.2013888888888889 0.08055555555555556 0.09375
0 0.9680555555555556 0.4427083333333333 0.06388888888888888 0.11805555555555555
0 0.5340277777777778 0.6840277777777778 0.06527777777777778 0.08680555555555555
0 0.05486111111111111 0.03125 0.06805555555555555 0.059027777777777776
0 0.7541666666666667 0.8541666666666666 0.06944444444444445 0.10416666666666667
1 0.5465277777777777 0.9739583333333334 0.043055555555555555 0.052083333333333336
0 0.016666666666666666 0.4331597222222222 0.030555555555555555 0.0920138888888889
7 0.9305555555555556 0.5286458333333334 0.07222222222222222 0.078125
7 0.3798611111111111 0.2734375 0.04583333333333333 0.057291666666666664
7 0.5555555555555556 0.5173611111111112 0.04722222222222222 0.0625
7 0.45069444444444445 0.5581597222222222 0.05694444444444444 0.07465277777777778
0 0.4479166666666667 0.8940972222222222 0.10138888888888889 0.13541666666666666
0 0.4618055555555556 0.4105902777777778 0.059722222222222225 0.1232638888888889
7 0.275 0.6796875 0.044444444444444446 0.05381944444444445
7 0.2375 0.7760416666666666 0.04722222222222222 0.052083333333333336
0 0.1423611111111111 0.8446180555555556 0.09027777777777778 0.13020833333333334
7 0.48333333333333334 0.14756944444444445 0.041666666666666664 0.04513888888888889
7 0.8118055555555556 0.1762152777777778 0.07916666666666666 0.09895833333333333
7 0.9444444444444444 0.5833333333333334 0.05555555555555555 0.06597222222222222
1 0.9680555555555556 0.6527777777777778 0.044444444444444446 0.06597222222222222
