1 0.11597222222222223 0.043402777777777776 0.04861111111111111 0.05555555555555555
1 0.15347222222222223 0.1892361111111111 0.043055555555555555 0.05555555555555555
1 0.2 0.1501736111111111 0.05 0.05381944444444445
1 0.12291666666666666 0.2630208333333333 0.05416666666666667 0.057291666666666664
1 0.07361111111111111 0.4496527777777778 0.05277777777777778 0.0625
1 0.27291666666666664 0.3654513888888889 0.04861111111111111 0.05381944444444445
1 0.34097222222222223 0.4166666666666667 0.043055555555555555 0.05555555555555555
1 0.5270833333333333 0.3654513888888889 0.04861111111111111 0.0642361111111111
1 0.3798611111111111 0.4539930555555556 0.043055555555555555 0.06076388888888889
1 0.17152777777777778 0.6085069444444444 0.05138888888888889 0.0642361111111111
1 0.3541666666666667 0.7439236111111112 0.041666666666666664 0.05381944444444445
1 0.5131944444444444 0.7699652777777778 0.04583333333333333 0.050347222222222224
1 0.49444444444444446 0.8567708333333334 0.04722222222222222 0.06770833333333333
1 0.8395833333333333 0.2378472222222222 0.04861111111111111 0.059027777777777776
1 0.7826388888888889 0.2803819444444444 0.05416666666666667 0.06770833333333333
1 0.7777777777777778 0.4027777777777778 0.04722222222222222 0.059027777777777776
1 0.9194444444444444 0.20052083333333334 0.04722222222222222 0.057291666666666664
1 0.9048611111111111 0.13368055555555555 0.043055555555555555 0.059027777777777776
1 0.93125 0.4513888888888889 0.05416666666666667 0.06944444444444445
1 0.9666666666666667 0.5138888888888888 0.044444444444444446 0.06597222222222222
1 0.7166666666666667 0.6128472222222222 0.05277777777777778 0.0625
1 0.8805555555555555 0.6484375 0.05277777777777778 0.06770833333333333
1 0.8111111111111111 0.7022569444444444 0.04722222222222222 0.0642361111111111
1 0.74375 0.7048611111111112 0.059722222222222225 0.07291666666666667
1 0.9423611111111111 0.8854166666666666 0.04583333333333333 0.0625
