0 0.41944444444444445 0.21788194444444445 0.06388888888888888 0.078125
0 0.46944444444444444 0.6388888888888888 0.06111111111111111 0.0798611111111111
0 0.18541666666666667 0.6814236111111112 0.06527777777777778 0.0920138888888889
0 0.9097222222222222 0.3177083333333333 0.06111111111111111 0.08333333333333333
0 0.9347222222222222 0.7361111111111112 0.06666666666666667 0.08680555555555555
0 0.8979166666666667 0.9513888888888888 0.05694444444444444 0.08680555555555555
0 0.7743055555555556 0.14149305555555555 0.04583333333333333 0.0642361111111111
0 0.9333333333333333 0.5520833333333334 0.04722222222222222 0.059027777777777776
7 0.6756944444444445 0.5486111111111112 0.04861111111111111 0.06597222222222222
7 0.5444444444444444 0.22743055555555555 0.041666666666666664 0.052083333333333336
7 0.7631944444444444 0.022569444444444444 0.06805555555555555 0.041666666666666664
7 0.35833333333333334 0.0234375 0.09444444444444444 0.043402777777777776
7 0.3055555555555556 0.15364583333333334 0.05277777777777778 0.06770833333333333
7 0.17083333333333334 0.16927083333333334 0.06388888888888888 0.078125
7 0.5729166666666666 0.8532986111111112 0.04583333333333333 0.06770833333333333
7 0.6930555555555555 0.7916666666666666 0.05 0.04861111111111111
