0 0.07916666666666666 0.1388888888888889 0.08611111111111111 0.09027777777777778
0 0.33611111111111114 0.21961805555555555 0.08055555555555556 0.078125
0 0.37083333333333335 0.2951388888888889 0.06388888888888888 0.09722222222222222
0 0.48194444444444445 0.1032986111111111 0.06388888888888888 0.08159722222222222
0 0.4777777777777778 0.6701388888888888 0.06388888888888888 0.08333333333333333
0 0.43819444444444444 0.7126736111111112 0.07361111111111111 0.08854166666666667
0 0.3368055555555556 0.8767361111111112 0.06805555555555555 0.11805555555555555
0 0.06666666666666667 0.7543402777777778 0.06111111111111111 0.08506944444444445
0 0.10625 0.8984375 0.07083333333333333 0.07465277777777778
0 0.6402777777777777 0.890625 0.06111111111111111 0.10416666666666667
0 0.6090277777777777 0.3723958333333333 0.06527777777777778 0.1267361111111111
0 0.025694444444444443 0.4765625 0.04861111111111111 0.08854166666666667
0 0.12013888888888889 0.2942708333333333 0.0625 0.08159722222222222
0 0.2590277777777778 0.3489583333333333 0.0875 0.1076388888888889
0 0.6909722222222222 0.025173611111111112 0.0625 0.046875
0 0.8659722222222223 0.9357638888888888 0.0763888888888889 0.11458333333333333
7 0.38958333333333334 0.4392361111111111 0.04027777777777778 0.04861111111111111
7 0.31180555555555556 0.5494791666666666 0.04861111111111111 0.057291666666666664
7 0.8145833333333333 0.7725694444444444 0.04861111111111111 0.0625
7 0.8104166666666667 0.2777777777777778 0.07083333333333333 0.1284722222222222
7 0.38472222222222224 0.9296875 0.07222222222222222 0.08854166666666667
7 0.41180555555555554 0.8116319444444444 0.04861111111111111 0.06770833333333333
