0 0.08402777777777778 0.3046875 0.07916666666666666 0.0954861111111111
0 0.18680555555555556 0.328125 0.07083333333333333 0.08680555555555555
0 0.24375 0.5824652777777778 0.07361111111111111 0.09895833333333333
0 0.30069444444444443 0.6588541666666666 0.06805555555555555 0.0920138888888889
0 0.19444444444444445 0.8888888888888888 0.09444444444444444 0.11805555555555555
0 0.5618055555555556 0.8394097222222222 0.06805555555555555 0.0920138888888889
0 0.525 0.4375 0.07222222222222222 0.09375
0 0.7972222222222223 0.09722222222222222 0.06666666666666667 0.09375
0 0.7402777777777778 0.4791666666666667 0.07222222222222222 0.09027777777777778
0 0.7111111111111111 0.8932291666666666 0.075 0.109375
0 0.7569444444444444 0.5807291666666666 0.07777777777777778 0.10243055555555555
0 0.4736111111111111 0.8671875 0.07777777777777778 0.1232638888888889
0 0.6069444444444444 0.18836805555555555 0.08333333333333333 0.11284722222222222
0 0.4340277777777778 0.3602430555555556 0.07361111111111111 0.109375
0 0.39166666666666666 0.2907986111111111 0.07777777777777778 0.10590277777777778
0 0.9763888888888889 0.5677083333333334 0.04722222222222222 0.09027777777777778
1 0.6388888888888888 0.7265625 0.05277777777777778 0.07118055555555555
1 0.7854166666666667 0.6770833333333334 0.06527777777777778 0.09027777777777778
1 0.12361111111111112 0.9479166666666666 0.06111111111111111 0.06944444444444445
7 0.5583333333333333 0.9444444444444444 0.09166666666666666 0.10069444444444445
1 0.31527777777777777 0.4279513888888889 0.05 0.0642361111111111
7 0.32430555555555557 0.5980902777777778 0.04027777777777778 0.05381944444444445
7 0.9576388888888889 0.3862847222222222 0.043055555555555555 0.057291666666666664
7 0.1527777777777778 0.11371527777777778 0.041666666666666664 0.05381944444444445
