0 0.10833333333333334 0.3194444444444444 0.05277777777777778 0.06944444444444445
0 0.47708333333333336 0.5451388888888888 0.06805555555555555 0.0798611111111111
0 0.6798611111111111 0.2526041666666667 0.06527777777777778 0.07465277777777778
0 0.7868055555555555 0.5121527777777778 0.05416666666666667 0.09722222222222222
0 0.7111111111111111 0.8368055555555556 0.06388888888888888 0.09027777777777778
0 0.7347222222222223 0.9444444444444444 0.06666666666666667 0.0798611111111111
0 0.8340277777777778 0.7803819444444444 0.0763888888888889 0.08159722222222222
0 0.1840277777777778 0.7126736111111112 0.08472222222222223 0.109375
0 0.06319444444444444 0.8333333333333334 0.059722222222222225 0.1111111111111111
1 0.017361111111111112 0.8020833333333334 0.03194444444444444 0.05555555555555555
7 0.4409722222222222 0.3602430555555556 0.08194444444444444 0.13020833333333334
1 0.6125 0.16319444444444445 0.03333333333333333 0.05555555555555555
7 0.1673611111111111 0.21961805555555555 0.07083333333333333 0.0954861111111111
7 0.14791666666666667 0.1284722222222222 0.04861111111111111 0.0625
7 0.6520833333333333 0.03125 0.07916666666666666 0.059027777777777776
7 0.8923611111111112 0.4574652777777778 0.06805555555555555 0.08854166666666667
7 0.5993055555555555 0.9574652777777778 0.0625 0.078125
7 0.38680555555555557 0.7977430555555556 0.04861111111111111 0.057291666666666664
7 0.18472222222222223 0.3645833333333333 0.044444444444444446 0.03819444444444445
