0 0.69375 0.18055555555555555 0.05694444444444444 0.0763888888888889
0 0.9506944444444444 0.4149305555555556 0.0763888888888889 0.0798611111111111
0 0.4423611111111111 0.24479166666666666 0.08194444444444444 0.08333333333333333
0 0.035416666666666666 0.8098958333333334 0.06805555555555555 0.09895833333333333
0 0.09097222222222222 0.9348958333333334 0.059722222222222225 0.08854166666666667
0 0.33125 0.6085069444444444 0.0625 0.11284722222222222
0 0.3993055555555556 0.3055555555555556 0.0625 0.0798611111111111
0 0.3909722222222222 0.3689236111111111 0.05416666666666667 0.0642361111111111
0 0.3576388888888889 0.3055555555555556 0.043055555555555555 0.0763888888888889
0 0.76875 0.4678819444444444 0.07361111111111111 0.10243055555555555
0 0.6 0.7222222222222222 0.05277777777777778 0.052083333333333336
0 0.5951388888888889 0.7664930555555556 0.04861111111111111 0.057291666666666664
0 0.37916666666666665 0.4887152777777778 0.044444444444444446 0.06770833333333333
7 0.034027777777777775 0.171875 0.04861111111111111 0.0625
1 0.5083333333333333 0.0998263888888889 0.05555555555555555 0.06770833333333333
1 0.44027777777777777 0.0954861111111111 0.058333333333333334 0.06944444444444445
1 0.84375 0.3289930555555556 0.059722222222222225 0.06076388888888889
1 0.8777777777777778 0.5347222222222222 0.06111111111111111 0.0763888888888889
7 0.5236111111111111 0.7326388888888888 0.08611111111111111 0.10416666666666667
7 0.2423611111111111 0.5381944444444444 0.04861111111111111 0.0625
7 0.3375 0.4730902777777778 0.044444444444444446 0.0642361111111111
0 0.8048611111111111 0.9765625 0.07083333333333333 0.03298611111111111
7 0.8034722222222223 0.5486111111111112 0.04027777777777778 0.05555555555555555
