0 0.8131944444444444 0.3151041666666667 0.06805555555555555 0.08854166666666667
0 0.9319444444444445 0.5243055555555556 0.07222222222222222 0.09027777777777778
0 0.5020833333333333 0.9592013888888888 0.07361111111111111 0.07118055555555555
0 0.7895833333333333 0.890625 0.09861111111111111 0.1423611111111111
0 0.2548611111111111 0.5390625 0.07361111111111111 0.078125
0 0.5215277777777778 0.4244791666666667 0.05694444444444444 0.08854166666666667
1 0.3625 0.3932291666666667 0.05277777777777778 0.06076388888888889
7 0.18680555555555556 0.3715277777777778 0.0625 0.07291666666666667
7 0.4527777777777778 0.8116319444444444 0.05277777777777778 0.06076388888888889
0 0.9409722222222222 0.2847222222222222 0.07361111111111111 0.08680555555555555
7 0.80625 0.029513888888888888 0.059722222222222225 0.05555555555555555
7 0.8916666666666667 0.6527777777777778 0.058333333333333334 0.09722222222222222
7 0.01597222222222222 0.7630208333333334 0.029166666666666667 0.09895833333333333
0 0.4826388888888889 0.0234375 0.0625 0.043402777777777776
