0 0.2625 0.1831597222222222 0.07222222222222222 0.0920138888888889
0 0.30694444444444446 0.2387152777777778 0.06111111111111111 0.08159722222222222
0 0.26805555555555555 0.3229166666666667 0.07222222222222222 0.0763888888888889
0 0.23819444444444443 0.4522569444444444 0.0763888888888889 0.08854166666666667
0 0.275 0.5746527777777778 0.06944444444444445 0.09375
0 0.3416666666666667 0.5833333333333334 0.08333333333333333 0.11458333333333333
0 0.7145833333333333 0.1831597222222222 0.06527777777777778 0.08506944444444445
0 0.7097222222222223 0.3012152777777778 0.075 0.078125
0 0.6493055555555556 0.4739583333333333 0.06527777777777778 0.09722222222222222
0 0.95625 0.2829861111111111 0.06805555555555555 0.1111111111111111
0 0.7479166666666667 0.7282986111111112 0.0625 0.08506944444444445
0 0.6875 0.8411458333333334 0.07222222222222222 0.08854166666666667
0 0.11805555555555555 0.9583333333333334 0.075 0.0763888888888889
0 0.9770833333333333 0.4921875 0.04583333333333333 0.0920138888888889
1 0.49444444444444446 0.8836805555555556 0.05555555555555555 0.06944444444444445
7 0.31527777777777777 0.6588541666666666 0.04722222222222222 0.0642361111111111
7 0.31527777777777777 0.7092013888888888 0.058333333333333334 0.07465277777777778
7 0.32708333333333334 0.7899305555555556 0.05416666666666667 0.07291666666666667
7 0.5340277777777778 0.7508680555555556 0.04583333333333333 0.0642361111111111
7 0.6 0.7430555555555556 0.06111111111111111 0.07291666666666667
7 0.50625 0.4548611111111111 0.05416666666666667 0.06944444444444445
7 0.5590277777777778 0.17708333333333334 0.04027777777777778 0.0625
7 0.5868055555555556 0.0234375 0.08472222222222223 0.043402777777777776
7 0.03680555555555556 0.06076388888888889 0.0625 0.08333333333333333
7 0.7583333333333333 0.4644097222222222 0.04722222222222222 0.07118055555555555
7 0.825 0.7560763888888888 0.07777777777777778 0.10590277777777778
7 0.9854166666666667 0.3394097222222222 0.029166666666666667 0.0920138888888889
7 0.16875 0.3125 0.07361111111111111 0.0798611111111111
