1 0.1625 0.11024305555555555 0.058333333333333334 0.06770833333333333
1 0.14652777777777778 0.19010416666666666 0.0625 0.0642361111111111
1 0.28888888888888886 0.07552083333333333 0.05555555555555555 0.057291666666666664
1 0.27152777777777776 0.1597222222222222 0.07083333333333333 0.07291666666666667
1 0.09097222222222222 0.359375 0.05694444444444444 0.08333333333333333
1 0.36041666666666666 0.5911458333333334 0.07083333333333333 0.08159722222222222
1 0.47708333333333336 0.3220486111111111 0.05138888888888889 0.06076388888888889
1 0.9208333333333333 0.8680555555555556 0.07222222222222222 0.0798611111111111
1 0.7520833333333333 0.8211805555555556 0.0625 0.08680555555555555
1 0.5125 0.8012152777777778 0.06666666666666667 0.07118055555555555
1 0.6347222222222222 0.8663194444444444 0.058333333333333334 0.07291666666666667
1 0.6041666666666666 0.6805555555555556 0.044444444444444446 0.052083333333333336
1 0.6048611111111111 0.3541666666666667 0.06527777777777778 0.07291666666666667
1 0.9277777777777778 0.1423611111111111 0.058333333333333334 0.0625
