0 0.49027777777777776 0.2630208333333333 0.058333333333333334 0.08159722222222222
0 0.21041666666666667 0.5381944444444444 0.05694444444444444 0.09722222222222222
0 0.22291666666666668 0.6432291666666666 0.0763888888888889 0.08854166666666667
0 0.24375 0.3177083333333333 0.0625 0.10069444444444445
1 0.9361111111111111 0.7786458333333334 0.05277777777777778 0.07465277777777778
7 0.014583333333333334 0.7170138888888888 0.02638888888888889 0.1111111111111111
7 0.014583333333333334 0.9088541666666666 0.02638888888888889 0.08854166666666667
7 0.017361111111111112 0.9739583333333334 0.03194444444444444 0.04513888888888889
7 0.2326388888888889 0.9713541666666666 0.043055555555555555 0.046875
7 0.6215277777777778 0.8871527777777778 0.04861111111111111 0.06944444444444445
7 0.6631944444444444 0.9314236111111112 0.06527777777777778 0.0920138888888889
7 0.8666666666666667 0.7855902777777778 0.041666666666666664 0.07118055555555555
7 0.8930555555555556 0.8142361111111112 0.04722222222222222 0.06944444444444445
7 0.8958333333333334 0.4609375 0.05555555555555555 0.0642361111111111
7 0.5847222222222223 0.22916666666666666 0.041666666666666664 0.05555555555555555
7 0.25416666666666665 0.1501736111111111 0.044444444444444446 0.057291666666666664
1 0.18263888888888888 0.4366319444444444 0.05694444444444444 0.07118055555555555
7 0.26805555555555555 0.5477430555555556 0.07222222222222222 0.08159722222222222
1 0.9701388888888889 0.7899305555555556 0.043055555555555555 0.06944444444444445
7 0.9125 0.9748263888888888 0.06111111111111111 0.036458333333333336
7 0.7847222222222222 0.6519097222222222 0.08333333333333333 0.10590277777777778
