1 0.36180555555555555 0.4236111111111111 0.05416666666666667 0.06597222222222222
1 0.6173611111111111 0.4583333333333333 0.05416666666666667 0.0625
1 0.6708333333333333 0.0546875 0.04722222222222222 0.05381944444444445
1 0.5847222222222223 0.1467013888888889 0.05555555555555555 0.07465277777777778
1 0.4875 0.2065972222222222 0.04722222222222222 0.059027777777777776
1 0.7951388888888888 0.13541666666666666 0.043055555555555555 0.0625
1 0.8645833333333334 0.328125 0.05694444444444444 0.07291666666666667
1 0.9368055555555556 0.3333333333333333 0.05138888888888889 0.0625
1 0.7611111111111111 0.4192708333333333 0.058333333333333334 0.0642361111111111
1 0.8770833333333333 0.4392361111111111 0.059722222222222225 0.06944444444444445
1 0.8118055555555556 0.5651041666666666 0.043055555555555555 0.0642361111111111
1 0.5048611111111111 0.4895833333333333 0.043055555555555555 0.059027777777777776
1 0.41875 0.5052083333333334 0.04861111111111111 0.059027777777777776
1 0.5881944444444445 0.5729166666666666 0.04861111111111111 0.06597222222222222
1 0.5333333333333333 0.7170138888888888 0.058333333333333334 0.0763888888888889
1 0.6097222222222223 0.8767361111111112 0.04722222222222222 0.059027777777777776
1 0.66875 0.9010416666666666 0.04861111111111111 0.059027777777777776
1 0.7666666666666667 0.8967013888888888 0.041666666666666664 0.06770833333333333
1 0.8125 0.9192708333333334 0.044444444444444446 0.057291666666666664
1 0.46041666666666664 0.8671875 0.04861111111111111 0.06770833333333333
1 0.44513888888888886 0.9383680555555556 0.05416666666666667 0.05381944444444445
1 0.2881944444444444 0.9565972222222222 0.04583333333333333 0.052083333333333336
1 0.2701388888888889 0.6276041666666666 0.043055555555555555 0.057291666666666664
1 0.17708333333333334 0.5338541666666666 0.04583333333333333 0.0642361111111111
1 0.1763888888888889 0.5998263888888888 0.04722222222222222 0.05381944444444445
1 0.225 0.8029513888888888 0.05277777777777778 0.07465277777777778
1 0.08263888888888889 0.8003472222222222 0.05138888888888889 0.059027777777777776
1 0.17083333333333334 0.8203125 0.05277777777777778 0.06076388888888889
1 0.2826388888888889 0.4123263888888889 0.04027777777777778 0.057291666666666664
1 0.2902777777777778 0.3454861111111111 0.05 0.05555555555555555
