1 0.08888888888888889 0.2777777777777778 0.044444444444444446 0.05555555555555555
1 0.4111111111111111 0.09114583333333333 0.04722222222222222 0.057291666666666664
1 0.5493055555555556 0.046875 0.05138888888888889 0.059027777777777776
1 0.41597222222222224 0.2482638888888889 0.043055555555555555 0.07291666666666667
1 0.3 0.16145833333333334 0.041666666666666664 0.0625
1 0.25833333333333336 0.4123263888888889 0.044444444444444446 0.06076388888888889
1 0.05486111111111111 0.5642361111111112 0.05138888888888889 0.0625
1 0.13402777777777777 0.8090277777777778 0.04583333333333333 0.059027777777777776
1 0.05486111111111111 0.8602430555555556 0.05416666666666667 0.05381944444444445
1 0.38055555555555554 0.5286458333333334 0.044444444444444446 0.05381944444444445
1 0.23680555555555555 0.5355902777777778 0.04027777777777778 0.057291666666666664
1 0.33402777777777776 0.7361111111111112 0.04583333333333333 0.0625
1 0.4215277777777778 0.7005208333333334 0.04583333333333333 0.05381944444444445
1 0.3347222222222222 0.8211805555555556 0.041666666666666664 0.05555555555555555
1 0.22916666666666666 0.9644097222222222 0.05 0.05381944444444445
1 0.4909722222222222 0.7152777777777778 0.04583333333333333 0.06597222222222222
1 0.7555555555555555 0.4756944444444444 0.05277777777777778 0.06944444444444445
1 0.6215277777777778 0.3958333333333333 0.04583333333333333 0.059027777777777776
1 0.9361111111111111 0.6501736111111112 0.04722222222222222 0.07118055555555555
1 0.95625 0.7482638888888888 0.05138888888888889 0.06597222222222222
1 0.9145833333333333 0.859375 0.043055555555555555 0.05555555555555555
1 0.5972222222222222 0.7126736111111112 0.041666666666666664 0.050347222222222224
1 0.5958333333333333 0.8116319444444444 0.05555555555555555 0.057291666666666664
1 0.8423611111111111 0.03211805555555555 0.05416666666666667 0.06076388888888889
1 0.8256944444444444 0.13541666666666666 0.0375 0.059027777777777776
1 0.8263888888888888 0.21354166666666666 0.05277777777777778 0.0625
1 0.9041666666666667 0.17447916666666666 0.05277777777777778 0.0642361111111111
1 0.95625 0.10590277777777778 0.05138888888888889 0.0625
1 0.9020833333333333 0.3263888888888889 0.05138888888888889 0.0625
1 0.9743055555555555 0.2829861111111111 0.05138888888888889 0.0798611111111111
