0 0.24791666666666667 0.3498263888888889 0.06527777777777778 0.0920138888888889
0 0.29444444444444445 0.3949652777777778 0.06388888888888888 0.08159722222222222
0 0.25 0.4869791666666667 0.08333333333333333 0.078125
0 0.22152777777777777 0.6137152777777778 0.07361111111111111 0.08854166666666667
0 0.029166666666666667 0.2092013888888889 0.05555555555555555 0.11284722222222222
0 0.2604166666666667 0.7387152777777778 0.06805555555555555 0.0954861111111111
0 0.3236111111111111 0.7369791666666666 0.06111111111111111 0.10590277777777778
0 0.6298611111111111 0.6293402777777778 0.06527777777777778 0.10243055555555555
0 0.6909722222222222 0.4635416666666667 0.06527777777777778 0.0763888888888889
0 0.6965277777777777 0.34375 0.059722222222222225 0.08680555555555555
0 0.5666666666666667 0.1701388888888889 0.07777777777777778 0.10069444444444445
0 0.5333333333333333 0.10069444444444445 0.06388888888888888 0.08680555555555555
0 0.6201388888888889 0.046875 0.07083333333333333 0.09027777777777778
0 0.7326388888888888 0.8880208333333334 0.05694444444444444 0.08159722222222222
0 0.80625 0.9262152777777778 0.07361111111111111 0.10590277777777778
0 0.9701388888888889 0.6527777777777778 0.05694444444444444 0.09375
0 0.9430555555555555 0.4366319444444444 0.06666666666666667 0.11284722222222222
7 0.15138888888888888 0.4704861111111111 0.07222222222222222 0.08333333333333333
1 0.4861111111111111 0.6076388888888888 0.04722222222222222 0.07291666666666667
1 0.5180555555555556 0.9097222222222222 0.03888888888888889 0.0625
1 0.31875 0.9418402777777778 0.05416666666666667 0.07118055555555555
7 0.29375 0.84375 0.07361111111111111 0.12152777777777778
7 0.5645833333333333 0.06163194444444445 0.09027777777777778 0.109375
7 0.5423611111111111 0.3289930555555556 0.04027777777777778 0.057291666666666664
7 0.7368055555555556 0.6241319444444444 0.04583333333333333 0.0642361111111111
7 0.9805555555555555 0.5130208333333334 0.03888888888888889 0.13368055555555555
7 0.5833333333333334 0.9019097222222222 0.058333333333333334 0.078125
0 0.6743055555555556 0.9774305555555556 0.07916666666666666 0.04513888888888889
7 0.4701388888888889 0.1501736111111111 0.043055555555555555 0.06076388888888889
