1 0.19444444444444445 0.6727430555555556 0.04722222222222222 0.05381944444444445
1 0.19236111111111112 0.7317708333333334 0.04583333333333333 0.057291666666666664
1 0.17291666666666666 0.8020833333333334 0.04027777777777778 0.059027777777777776
1 0.26944444444444443 0.5989583333333334 0.04722222222222222 0.0625
1 0.2798611111111111 0.6944444444444444 0.04861111111111111 0.0625
1 0.4201388888888889 0.9114583333333334 0.043055555555555555 0.06597222222222222
1 0.5138888888888888 0.9244791666666666 0.058333333333333334 0.07465277777777778
1 0.45902777777777776 0.7274305555555556 0.04583333333333333 0.06597222222222222
1 0.4798611111111111 0.6631944444444444 0.043055555555555555 0.05555555555555555
1 0.7 0.6866319444444444 0.044444444444444446 0.05381944444444445
1 0.6083333333333333 0.8532986111111112 0.04722222222222222 0.057291666666666664
1 0.3972222222222222 0.3203125 0.05555555555555555 0.057291666666666664
1 0.35625 0.0546875 0.043055555555555555 0.05381944444444445
1 0.4840277777777778 0.4852430555555556 0.05416666666666667 0.06770833333333333
1 0.7263888888888889 0.3559027777777778 0.04722222222222222 0.06597222222222222
1 0.8013888888888889 0.4782986111111111 0.05277777777777778 0.07465277777777778
1 0.7729166666666667 0.06770833333333333 0.04583333333333333 0.05555555555555555
1 0.8951388888888889 0.2465277777777778 0.05416666666666667 0.06944444444444445
1 0.9652777777777778 0.2838541666666667 0.05 0.07465277777777778
1 0.8888888888888888 0.3723958333333333 0.04722222222222222 0.07118055555555555
1 0.8368055555555556 0.6180555555555556 0.05138888888888889 0.06597222222222222
1 0.8958333333333334 0.6961805555555556 0.044444444444444446 0.0625
1 0.7819444444444444 0.8142361111111112 0.041666666666666664 0.052083333333333336
1 0.7861111111111111 0.8689236111111112 0.03888888888888889 0.05381944444444445
1 0.8354166666666667 0.7569444444444444 0.05138888888888889 0.07291666666666667
1 0.5576388888888889 0.7048611111111112 0.05416666666666667 0.06944444444444445
