0 0.47430555555555554 0.3420138888888889 0.06805555555555555 0.0798611111111111
0 0.6972222222222222 0.4036458333333333 0.07222222222222222 0.09895833333333333
0 0.9020833333333333 0.0642361111111111 0.05694444444444444 0.08680555555555555
0 0.08472222222222223 0.3315972222222222 0.06944444444444445 0.10069444444444445
0 0.29097222222222224 0.044270833333333336 0.08194444444444444 0.078125
0 0.4131944444444444 0.5572916666666666 0.059722222222222225 0.1111111111111111
0 0.6729166666666667 0.8524305555555556 0.08472222222222223 0.07291666666666667
1 0.017361111111111112 0.16319444444444445 0.03194444444444444 0.06944444444444445
1 0.4013888888888889 0.6909722222222222 0.05277777777777778 0.06597222222222222
7 0.2673611111111111 0.765625 0.043055555555555555 0.059027777777777776
7 0.26458333333333334 0.6319444444444444 0.10694444444444444 0.0798611111111111
7 0.225 0.6901041666666666 0.04722222222222222 0.046875
7 0.22777777777777777 0.7265625 0.058333333333333334 0.043402777777777776
7 0.31319444444444444 0.4487847222222222 0.0625 0.06076388888888889
7 0.4756944444444444 0.19618055555555555 0.034722222222222224 0.04513888888888889
7 0.4013888888888889 0.018229166666666668 0.07777777777777778 0.03298611111111111
7 0.9076388888888889 0.4600694444444444 0.043055555555555555 0.0625
7 0.8951388888888889 0.359375 0.05694444444444444 0.08333333333333333
7 0.6972222222222222 0.10243055555555555 0.05555555555555555 0.0625
7 0.07777777777777778 0.013888888888888888 0.05555555555555555 0.024305555555555556
