0 0.13055555555555556 0.2109375 0.075 0.07118055555555555
0 0.37569444444444444 0.6588541666666666 0.06805555555555555 0.11631944444444445
0 0.775 0.3394097222222222 0.05277777777777778 0.109375
0 0.5305555555555556 0.8567708333333334 0.08611111111111111 0.0920138888888889
0 0.8729166666666667 0.7248263888888888 0.06805555555555555 0.0954861111111111
0 0.6979166666666666 0.8229166666666666 0.07361111111111111 0.07291666666666667
0 0.40208333333333335 0.10503472222222222 0.06527777777777778 0.0920138888888889
0 0.8166666666666667 0.21180555555555555 0.07222222222222222 0.10069444444444445
1 0.24097222222222223 0.07899305555555555 0.05138888888888889 0.06076388888888889
0 0.6715277777777777 0.5581597222222222 0.10416666666666667 0.1579861111111111
7 0.6888888888888889 0.6979166666666666 0.05 0.06597222222222222
7 0.6263888888888889 0.7682291666666666 0.07777777777777778 0.11631944444444445
7 0.6541666666666667 0.9600694444444444 0.075 0.0798611111111111
7 0.17916666666666667 0.9635416666666666 0.05555555555555555 0.059027777777777776
7 0.3298611111111111 0.4869791666666667 0.05694444444444444 0.06076388888888889
7 0.7104166666666667 0.019965277777777776 0.07361111111111111 0.036458333333333336
7 0.09444444444444444 0.046875 0.08055555555555556 0.0798611111111111
