0 0.7770833333333333 0.18663194444444445 0.06805555555555555 0.08854166666666667
0 0.25763888888888886 0.5277777777777778 0.09027777777777778 0.10069444444444445
0 0.5729166666666666 0.7491319444444444 0.06527777777777778 0.078125
0 0.5409722222222222 0.796875 0.05138888888888889 0.0763888888888889
0 0.38333333333333336 0.8064236111111112 0.07777777777777778 0.08854166666666667
0 0.2513888888888889 0.6935763888888888 0.06666666666666667 0.08854166666666667
0 0.10277777777777777 0.9626736111111112 0.06666666666666667 0.06770833333333333
0 0.9048611111111111 0.3949652777777778 0.05694444444444444 0.07118055555555555
1 0.6854166666666667 0.2795138888888889 0.05416666666666667 0.07291666666666667
7 0.08541666666666667 0.24739583333333334 0.07083333333333333 0.07118055555555555
7 0.16805555555555557 0.5269097222222222 0.06388888888888888 0.109375
1 0.2013888888888889 0.5798611111111112 0.03888888888888889 0.052083333333333336
7 0.009027777777777777 0.7178819444444444 0.015277777777777777 0.078125
7 0.013888888888888888 0.9079861111111112 0.025 0.09375
7 0.3 0.8715277777777778 0.05 0.06944444444444445
7 0.5138888888888888 0.15538194444444445 0.07777777777777778 0.08854166666666667
7 0.6173611111111111 0.08506944444444445 0.043055555555555555 0.0625
7 0.9756944444444444 0.09895833333333333 0.04861111111111111 0.0798611111111111
7 0.76875 0.4748263888888889 0.0375 0.046875
1 0.7513888888888889 0.5190972222222222 0.05555555555555555 0.06597222222222222
7 0.8458333333333333 0.7777777777777778 0.09722222222222222 0.13541666666666666
7 0.7375 0.8211805555555556 0.041666666666666664 0.052083333333333336
7 0.7361111111111112 0.9123263888888888 0.05277777777777778 0.06076388888888889
7 0.9145833333333333 0.6866319444444444 0.034722222222222224 0.046875
7 0.20208333333333334 0.1753472222222222 0.034722222222222224 0.041666666666666664
7 0.06180555555555556 0.030381944444444444 0.07361111111111111 0.057291666666666664
7 0.03958333333333333 0.12152777777777778 0.034722222222222224 0.04861111111111111
7 0.013194444444444444 0.3602430555555556 0.02361111111111111 0.07465277777777778
