0 0.03958333333333333 0.034722222222222224 0.05416666666666667 0.06597222222222222
0 0.1361111111111111 0.2916666666666667 0.07777777777777778 0.1076388888888889
0 0.18888888888888888 0.4644097222222222 0.08611111111111111 0.10243055555555555
0 0.6548611111111111 0.3776041666666667 0.0625 0.08159722222222222
0 0.8270833333333333 0.19618055555555555 0.07083333333333333 0.08680555555555555
0 0.7590277777777777 0.16927083333333334 0.07083333333333333 0.08159722222222222
0 0.4125 0.8480902777777778 0.06944444444444445 0.10243055555555555
0 0.07777777777777778 0.9444444444444444 0.07222222222222222 0.1111111111111111
1 0.47152777777777777 0.3940972222222222 0.034722222222222224 0.04861111111111111
1 0.8958333333333334 0.2248263888888889 0.041666666666666664 0.057291666666666664
7 0.6006944444444444 0.6675347222222222 0.05416666666666667 0.0954861111111111
7 0.4625 0.025173611111111112 0.06111111111111111 0.046875
7 0.9013888888888889 0.5763888888888888 0.05 0.0625
7 0.49236111111111114 0.6822916666666666 0.06527777777777778 0.09722222222222222
7 0.50625 0.8107638888888888 0.09027777777777778 0.08680555555555555
7 0.6006944444444444 0.9522569444444444 0.10138888888888889 0.08159722222222222
7 0.4263888888888889 0.9609375 0.06111111111111111 0.07118055555555555
