1 0.16458333333333333 0.2578125 0.059722222222222225 0.07465277777777778
1 0.24444444444444444 0.4861111111111111 0.05 0.06597222222222222
1 0.27708333333333335 0.5416666666666666 0.05138888888888889 0.05555555555555555
1 0.27569444444444446 0.6388888888888888 0.05416666666666667 0.059027777777777776
1 0.54375 0.0798611111111111 0.05138888888888889 0.07291666666666667
1 0.7611111111111111 0.23524305555555555 0.04722222222222222 0.05381944444444445
1 0.6027777777777777 0.1996527777777778 0.04722222222222222 0.06944444444444445
1 0.5076388888888889 0.5789930555555556 0.05694444444444444 0.06770833333333333
1 0.7868055555555555 0.6467013888888888 0.05416666666666667 0.0642361111111111
1 0.875 0.6493055555555556 0.05555555555555555 0.06597222222222222
1 0.6465277777777778 0.796875 0.04583333333333333 0.0625
1 0.7590277777777777 0.8628472222222222 0.04861111111111111 0.06944444444444445
1 0.9694444444444444 0.7803819444444444 0.05 0.0642361111111111
1 0.9444444444444444 0.4444444444444444 0.058333333333333334 0.06944444444444445
1 0.9034722222222222 0.5486111111111112 0.05416666666666667 0.06597222222222222
1 0.15763888888888888 0.5607638888888888 0.04861111111111111 0.0625
1 0.26180555555555557 0.7838541666666666 0.05138888888888889 0.07118055555555555
1 0.33125 0.6953125 0.04861111111111111 0.06076388888888889
1 0.3909722222222222 0.8246527777777778 0.05694444444444444 0.06944444444444445
1 0.08125 0.7413194444444444 0.0625 0.0625
1 0.15347222222222223 0.921875 0.05694444444444444 0.059027777777777776
1 0.7006944444444444 0.5980902777777778 0.05416666666666667 0.057291666666666664
1 0.6243055555555556 0.3046875 0.04583333333333333 0.06076388888888889
1 0.2076388888888889 0.8645833333333334 0.04583333333333333 0.04861111111111111
1 0.64375 0.9574652777777778 0.04861111111111111 0.0642361111111111
1 0.85625 0.9253472222222222 0.04583333333333333 0.06597222222222222
