0 0.12916666666666668 0.9322916666666666 0.08333333333333333 0.09375
0 0.05694444444444444 0.9375 0.07222222222222222 0.09375
0 0.05 0.3038194444444444 0.06666666666666667 0.1076388888888889
0 0.05277777777777778 0.04774305555555555 0.06944444444444445 0.0920138888888889
1 0.4354166666666667 0.21788194444444445 0.05416666666666667 0.057291666666666664
1 0.5743055555555555 0.7595486111111112 0.05138888888888889 0.06770833333333333
1 0.9263888888888889 0.3541666666666667 0.05 0.06944444444444445
0 0.4388888888888889 0.5373263888888888 0.09722222222222222 0.0954861111111111
7 0.06041666666666667 0.09375 0.0375 0.041666666666666664
7 0.5909722222222222 0.5902777777777778 0.07916666666666666 0.09027777777777778
7 0.5402777777777777 0.6180555555555556 0.044444444444444446 0.052083333333333336
7 0.6826388888888889 0.6475694444444444 0.07916666666666666 0.10416666666666667
7 0.8680555555555556 0.4852430555555556 0.058333333333333334 0.0642361111111111
7 0.8833333333333333 0.625 0.05 0.059027777777777776
7 0.4895833333333333 0.7170138888888888 0.06527777777777778 0.09027777777777778
7 0.4083333333333333 0.7847222222222222 0.10277777777777777 0.09027777777777778
7 0.9465277777777777 0.4184027777777778 0.08472222222222223 0.08333333333333333
7 0.9625 0.16319444444444445 0.03888888888888889 0.052083333333333336
7 0.85625 0.8637152777777778 0.05416666666666667 0.078125
7 0.8590277777777777 0.9166666666666666 0.06527777777777778 0.0798611111111111
7 0.9277777777777778 0.9774305555555556 0.06666666666666667 0.034722222222222224
7 0.6506944444444445 0.234375 0.05416666666666667 0.06597222222222222
7 0.4534722222222222 0.0876736111111111 0.04027777777777778 0.06076388888888889
