1 0.16319444444444445 0.059027777777777776 0.04861111111111111 0.059027777777777776
1 0.27361111111111114 0.06510416666666667 0.04722222222222222 0.057291666666666664
1 0.2708333333333333 0.1796875 0.05277777777777778 0.0642361111111111
1 0.125 0.2803819444444444 0.05555555555555555 0.0642361111111111
1 0.1284722222222222 0.3706597222222222 0.05416666666666667 0.0642361111111111
1 0.10833333333333334 0.7517361111111112 0.05277777777777778 0.0625
1 0.25763888888888886 0.7178819444444444 0.05138888888888889 0.0642361111111111
1 0.2763888888888889 0.4357638888888889 0.04722222222222222 0.059027777777777776
1 0.35694444444444445 0.3506944444444444 0.05 0.06597222222222222
1 0.4361111111111111 0.09114583333333333 0.04722222222222222 0.0642361111111111
1 0.81875 0.08246527777777778 0.05138888888888889 0.078125
1 0.7319444444444444 0.1814236111111111 0.05555555555555555 0.06770833333333333
1 0.5708333333333333 0.2786458333333333 0.041666666666666664 0.06770833333333333
1 0.5659722222222222 0.3871527777777778 0.04027777777777778 0.05555555555555555
1 0.6479166666666667 0.3923611111111111 0.05138888888888889 0.0625
1 0.8222222222222222 0.3958333333333333 0.044444444444444446 0.059027777777777776
1 0.9131944444444444 0.20052083333333334 0.05416666666666667 0.06076388888888889
1 0.9729166666666667 0.2586805555555556 0.043055555555555555 0.05555555555555555
1 0.8861111111111111 0.3454861111111111 0.041666666666666664 0.05555555555555555
1 0.9375 0.4626736111111111 0.044444444444444446 0.07118055555555555
1 0.4041666666666667 0.4878472222222222 0.058333333333333334 0.06597222222222222
1 0.4777777777777778 0.3342013888888889 0.04722222222222222 0.07118055555555555
1 0.5256944444444445 0.4565972222222222 0.05138888888888889 0.06597222222222222
1 0.64375 0.6050347222222222 0.04861111111111111 0.0642361111111111
1 0.8875 0.6067708333333334 0.05277777777777778 0.06770833333333333
1 0.9375 0.7717013888888888 0.044444444444444446 0.0642361111111111
1 0.7125 0.7317708333333334 0.05555555555555555 0.06770833333333333
1 0.4375 0.578125 0.04722222222222222 0.06944444444444445
1 0.3576388888888889 0.6171875 0.04861111111111111 0.057291666666666664
1 0.48055555555555557 0.7100694444444444 0.044444444444444446 0.04861111111111111
1 0.6208333333333333 0.8376736111111112 0.04722222222222222 0.0642361111111111
1 0.6729166666666667 0.9253472222222222 0.04861111111111111 0.05555555555555555
1 0.8472222222222222 0.9149305555555556 0.04722222222222222 0.0625
