1 0.09166666666666666 0.07552083333333333 0.04722222222222222 0.0642361111111111
1 0.15416666666666667 0.09895833333333333 0.044444444444444446 0.05555555555555555
1 0.14375 0.1796875 0.04861111111111111 0.06076388888888889
1 0.3229166666666667 0.08506944444444445 0.04583333333333333 0.059027777777777776
1 0.8416666666666667 0.16319444444444445 0.05 0.059027777777777776
1 0.15902777777777777 0.5260416666666666 0.04583333333333333 0.07291666666666667
1 0.03958333333333333 0.6024305555555556 0.04583333333333333 0.059027777777777776
1 0.11597222222222223 0.703125 0.05416666666666667 0.06597222222222222
1 0.38055555555555554 0.5850694444444444 0.05555555555555555 0.059027777777777776
1 0.40555555555555556 0.4505208333333333 0.06666666666666667 0.07118055555555555
1 0.27569444444444446 0.3845486111111111 0.043055555555555555 0.050347222222222224
1 0.7944444444444444 0.3923611111111111 0.041666666666666664 0.05555555555555555
1 0.3680555555555556 0.6892361111111112 0.044444444444444446 0.052083333333333336
1 0.5229166666666667 0.7899305555555556 0.043055555555555555 0.0625
1 0.6833333333333333 0.7300347222222222 0.04722222222222222 0.0642361111111111
1 0.7006944444444444 0.6571180555555556 0.05416666666666667 0.0642361111111111
1 0.7208333333333333 0.8411458333333334 0.04722222222222222 0.0642361111111111
1 0.10694444444444444 0.8663194444444444 0.05 0.0625
1 0.04861111111111111 0.9149305555555556 0.041666666666666664 0.05555555555555555
1 0.5555555555555556 0.2560763888888889 0.044444444444444446 0.0642361111111111
1 0.4354166666666667 0.8767361111111112 0.04583333333333333 0.05555555555555555
1 0.7388888888888889 0.4609375 0.03888888888888889 0.06076388888888889
1 0.22083333333333333 0.4618055555555556 0.041666666666666664 0.05555555555555555
1 0.21388888888888888 0.5182291666666666 0.04722222222222222 0.050347222222222224
1 0.5569444444444445 0.4340277777777778 0.03888888888888889 0.04861111111111111
1 0.6215277777777778 0.8472222222222222 0.04583333333333333 0.059027777777777776
1 0.5361111111111111 0.8532986111111112 0.044444444444444446 0.057291666666666664
