1 0.2 0.08506944444444445 0.05277777777777778 0.06597222222222222
1 0.4354166666666667 0.08072916666666667 0.059722222222222225 0.07118055555555555
1 0.6590277777777778 0.05295138888888889 0.05416666666666667 0.06770833333333333
1 0.6034722222222222 0.2612847222222222 0.04861111111111111 0.05381944444444445
1 0.8694444444444445 0.03211805555555555 0.044444444444444446 0.057291666666666664
1 0.9506944444444444 0.06163194444444445 0.043055555555555555 0.0642361111111111
1 0.7715277777777778 0.2013888888888889 0.04861111111111111 0.059027777777777776
1 0.8527777777777777 0.23350694444444445 0.05555555555555555 0.06770833333333333
1 0.7569444444444444 0.3428819444444444 0.05277777777777778 0.06076388888888889
1 0.5402777777777777 0.3177083333333333 0.04722222222222222 0.06597222222222222
1 0.6409722222222223 0.5138888888888888 0.04861111111111111 0.05555555555555555
1 0.9131944444444444 0.6493055555555556 0.05694444444444444 0.06944444444444445
1 0.9791666666666666 0.7717013888888888 0.03888888888888889 0.05381944444444445
1 0.7048611111111112 0.6163194444444444 0.05416666666666667 0.05555555555555555
1 0.4125 0.5260416666666666 0.05555555555555555 0.06944444444444445
1 0.4798611111111111 0.5347222222222222 0.04027777777777778 0.05555555555555555
1 0.5333333333333333 0.75 0.044444444444444446 0.059027777777777776
1 0.6611111111111111 0.8394097222222222 0.05 0.07118055555555555
1 0.6229166666666667 0.9227430555555556 0.05138888888888889 0.06770833333333333
1 0.48125 0.7899305555555556 0.05138888888888889 0.06597222222222222
1 0.18055555555555555 0.18229166666666666 0.041666666666666664 0.052083333333333336
1 0.14791666666666667 0.3012152777777778 0.04583333333333333 0.05381944444444445
1 0.11319444444444444 0.4548611111111111 0.05694444444444444 0.0625
1 0.17291666666666666 0.4991319444444444 0.05694444444444444 0.057291666666666664
1 0.19236111111111112 0.7890625 0.0625 0.0642361111111111
1 0.17916666666666667 0.8828125 0.05277777777777778 0.07118055555555555
1 0.07569444444444444 0.9236111111111112 0.04027777777777778 0.059027777777777776
1 0.30833333333333335 0.8654513888888888 0.044444444444444446 0.057291666666666664
1 0.38680555555555557 0.9149305555555556 0.04583333333333333 0.059027777777777776
1 0.49375 0.9088541666666666 0.059722222222222225 0.07118055555555555
1 0.13194444444444445 0.8819444444444444 0.05 0.06944444444444445
1 0.6041666666666666 0.3506944444444444 0.03333333333333333 0.04513888888888889
