1 0.03125 0.2612847222222222 0.05416666666666667 0.06770833333333333
1 0.3173611111111111 0.04774305555555555 0.05138888888888889 0.05381944444444445
1 0.4847222222222222 0.051215277777777776 0.05 0.06076388888888889
1 0.6680555555555555 0.0720486111111111 0.05277777777777778 0.06770833333333333
1 0.8097222222222222 0.0998263888888889 0.05555555555555555 0.0642361111111111
1 0.84375 0.18663194444444445 0.05138888888888889 0.06076388888888889
1 0.9104166666666667 0.21614583333333334 0.05138888888888889 0.06076388888888889
1 0.5652777777777778 0.1189236111111111 0.058333333333333334 0.07118055555555555
1 0.39305555555555555 0.2404513888888889 0.058333333333333334 0.0642361111111111
1 0.47152777777777777 0.3524305555555556 0.0625 0.07291666666666667
1 0.5993055555555555 0.3046875 0.05416666666666667 0.07118055555555555
1 0.8631944444444445 0.3428819444444444 0.04583333333333333 0.06076388888888889
1 0.7375 0.3385416666666667 0.06111111111111111 0.07291666666666667
1 0.7541666666666667 0.5269097222222222 0.05277777777777778 0.057291666666666664
1 0.6402777777777777 0.5486111111111112 0.06111111111111111 0.059027777777777776
1 0.7756944444444445 0.6206597222222222 0.059722222222222225 0.078125
1 0.9159722222222222 0.7777777777777778 0.04861111111111111 0.07291666666666667
1 0.9486111111111111 0.9166666666666666 0.058333333333333334 0.06944444444444445
1 0.8902777777777777 0.9574652777777778 0.05 0.06076388888888889
1 0.6277777777777778 0.9609375 0.05277777777777778 0.057291666666666664
1 0.7958333333333333 0.8585069444444444 0.06944444444444445 0.078125
1 0.7291666666666666 0.7005208333333334 0.05277777777777778 0.07118055555555555
1 0.31666666666666665 0.4678819444444444 0.06111111111111111 0.06076388888888889
1 0.21736111111111112 0.4973958333333333 0.04861111111111111 0.05381944444444445
1 0.19444444444444445 0.5789930555555556 0.05555555555555555 0.06076388888888889
1 0.29444444444444445 0.5980902777777778 0.06111111111111111 0.07118055555555555
1 0.4152777777777778 0.7248263888888888 0.05277777777777778 0.0642361111111111
1 0.10416666666666667 0.6961805555555556 0.058333333333333334 0.06944444444444445
1 0.09444444444444444 0.9435763888888888 0.05555555555555555 0.06076388888888889
1 0.2125 0.8975694444444444 0.058333333333333334 0.0763888888888889
1 0.41388888888888886 0.9444444444444444 0.06111111111111111 0.07291666666666667
