1 0.11388888888888889 0.1501736111111111 0.05555555555555555 0.06770833333333333
1 0.22152777777777777 0.07378472222222222 0.059722222222222225 0.06076388888888889
1 0.06666666666666667 0.3107638888888889 0.04722222222222222 0.0625
1 0.2152777777777778 0.3133680555555556 0.05555555555555555 0.06770833333333333
1 0.19236111111111112 0.4670138888888889 0.04861111111111111 0.06944444444444445
1 0.02847222222222222 0.6067708333333334 0.04861111111111111 0.057291666666666664
1 0.0798611111111111 0.8159722222222222 0.059722222222222225 0.0763888888888889
1 0.23333333333333334 0.6996527777777778 0.041666666666666664 0.05555555555555555
1 0.22361111111111112 0.7934027777777778 0.04722222222222222 0.059027777777777776
1 0.34791666666666665 0.6128472222222222 0.05416666666666667 0.06944444444444445
1 0.3729166666666667 0.4965277777777778 0.05416666666666667 0.06944444444444445
1 0.47847222222222224 0.4574652777777778 0.05694444444444444 0.0642361111111111
1 0.4041666666666667 0.2881944444444444 0.05 0.0625
1 0.34097222222222223 0.1111111111111111 0.04861111111111111 0.05555555555555555
1 0.6173611111111111 0.042534722222222224 0.05416666666666667 0.06770833333333333
1 0.5465277777777777 0.24131944444444445 0.04861111111111111 0.05555555555555555
1 0.36944444444444446 0.18229166666666666 0.04722222222222222 0.03819444444444445
1 0.6111111111111112 0.4782986111111111 0.05555555555555555 0.06770833333333333
1 0.8020833333333334 0.026041666666666668 0.04583333333333333 0.04861111111111111
1 0.8541666666666666 0.2986111111111111 0.044444444444444446 0.0625
1 0.7701388888888889 0.5147569444444444 0.05694444444444444 0.06770833333333333
1 0.32222222222222224 0.7282986111111112 0.03611111111111111 0.046875
1 0.5486111111111112 0.7178819444444444 0.04722222222222222 0.06076388888888889
1 0.45069444444444445 0.9114583333333334 0.05138888888888889 0.0625
1 0.3993055555555556 0.8402777777777778 0.05416666666666667 0.0625
1 0.6701388888888888 0.7526041666666666 0.04583333333333333 0.05381944444444445
1 0.6951388888888889 0.6336805555555556 0.04861111111111111 0.06597222222222222
1 0.8194444444444444 0.9583333333333334 0.05 0.059027777777777776
