1 0.035416666666666666 0.043402777777777776 0.04583333333333333 0.0625
1 0.3333333333333333 0.2013888888888889 0.05 0.06944444444444445
1 0.3861111111111111 0.2803819444444444 0.041666666666666664 0.0642361111111111
1 0.47430555555555554 0.3394097222222222 0.05694444444444444 0.07465277777777778
1 0.25069444444444444 0.3654513888888889 0.04583333333333333 0.0642361111111111
1 0.17569444444444443 0.3220486111111111 0.04861111111111111 0.07465277777777778
1 0.06875 0.2508680555555556 0.05416666666666667 0.06770833333333333
1 0.08194444444444444 0.3559027777777778 0.03888888888888889 0.05555555555555555
1 0.11944444444444445 0.6128472222222222 0.05277777777777778 0.0625
1 0.2861111111111111 0.7039930555555556 0.05277777777777778 0.07465277777777778
1 0.40555555555555556 0.7725694444444444 0.05555555555555555 0.07291666666666667
1 0.15833333333333333 0.8342013888888888 0.05277777777777778 0.07118055555555555
1 0.46041666666666664 0.8576388888888888 0.05416666666666667 0.06597222222222222
1 0.6006944444444444 0.23177083333333334 0.05138888888888889 0.07118055555555555
1 0.6527777777777778 0.029513888888888888 0.06388888888888888 0.05555555555555555
1 0.8458333333333333 0.1597222222222222 0.05 0.08333333333333333
1 0.7576388888888889 0.2404513888888889 0.043055555555555555 0.0642361111111111
1 0.6923611111111111 0.3541666666666667 0.05416666666666667 0.07291666666666667
1 0.8423611111111111 0.3602430555555556 0.05138888888888889 0.06076388888888889
1 0.9590277777777778 0.4626736111111111 0.05694444444444444 0.08506944444444445
1 0.6131944444444445 0.5529513888888888 0.05416666666666667 0.06076388888888889
1 0.3416666666666667 0.4149305555555556 0.058333333333333334 0.059027777777777776
1 0.5993055555555555 0.6623263888888888 0.05694444444444444 0.07465277777777778
1 0.8013888888888889 0.6527777777777778 0.05 0.06597222222222222
1 0.8555555555555555 0.6961805555555556 0.05 0.0625
1 0.7763888888888889 0.7760416666666666 0.05555555555555555 0.0763888888888889
1 0.8375 0.8654513888888888 0.04722222222222222 0.06076388888888889
1 0.7145833333333333 0.8029513888888888 0.04861111111111111 0.06770833333333333
1 0.9159722222222222 0.8185763888888888 0.04583333333333333 0.0642361111111111
1 0.88125 0.4296875 0.0375 0.0642361111111111
