1 0.2125 0.034722222222222224 0.05555555555555555 0.06597222222222222
1 0.03611111111111111 0.2222222222222222 0.05277777777777778 0.059027777777777776
1 0.10555555555555556 0.3619791666666667 0.04722222222222222 0.06076388888888889
1 0.2743055555555556 0.3767361111111111 0.05138888888888889 0.052083333333333336
1 0.32430555555555557 0.3168402777777778 0.04861111111111111 0.050347222222222224
1 0.4486111111111111 0.140625 0.04722222222222222 0.05555555555555555
1 0.5784722222222223 0.07378472222222222 0.059722222222222225 0.06076388888888889
1 0.6847222222222222 0.05555555555555555 0.05555555555555555 0.059027777777777776
1 0.8479166666666667 0.08940972222222222 0.05416666666666667 0.06076388888888889
1 0.9451388888888889 0.13368055555555555 0.059722222222222225 0.0763888888888889
1 0.9305555555555556 0.24479166666666666 0.05 0.06944444444444445
1 0.8354166666666667 0.17881944444444445 0.05416666666666667 0.06944444444444445
1 0.8076388888888889 0.2708333333333333 0.05138888888888889 0.059027777777777776
1 0.7041666666666667 0.2916666666666667 0.058333333333333334 0.06597222222222222
1 0.6958333333333333 0.3967013888888889 0.058333333333333334 0.07118055555555555
1 0.4965277777777778 0.2465277777777778 0.043055555555555555 0.059027777777777776
1 0.5423611111111111 0.2690972222222222 0.043055555555555555 0.04861111111111111
1 0.24513888888888888 0.4826388888888889 0.04861111111111111 0.0625
1 0.3888888888888889 0.5199652777777778 0.04722222222222222 0.06076388888888889
1 0.09930555555555555 0.6657986111111112 0.04583333333333333 0.05381944444444445
1 0.31319444444444444 0.8428819444444444 0.06527777777777778 0.07118055555555555
1 0.5451388888888888 0.6467013888888888 0.05694444444444444 0.06770833333333333
1 0.5979166666666667 0.6310763888888888 0.043055555555555555 0.057291666666666664
1 0.6729166666666667 0.7526041666666666 0.04861111111111111 0.06076388888888889
1 0.6916666666666667 0.8645833333333334 0.05 0.06944444444444445
1 0.75625 0.6423611111111112 0.04027777777777778 0.05555555555555555
1 0.7451388888888889 0.5763888888888888 0.05694444444444444 0.06597222222222222
1 0.9229166666666667 0.8046875 0.05416666666666667 0.06076388888888889
1 0.15833333333333333 0.953125 0.05555555555555555 0.059027777777777776
