1 0.1736111111111111 0.22395833333333334 0.04722222222222222 0.06597222222222222
1 0.34097222222222223 0.3107638888888889 0.0625 0.0763888888888889
1 0.10069444444444445 0.3524305555555556 0.059722222222222225 0.06597222222222222
1 0.09444444444444444 0.4670138888888889 0.05555555555555555 0.0625
1 0.052083333333333336 0.5069444444444444 0.05138888888888889 0.0625
1 0.059722222222222225 0.5894097222222222 0.05 0.057291666666666664
1 0.20625 0.6050347222222222 0.043055555555555555 0.07118055555555555
1 0.24722222222222223 0.7934027777777778 0.05277777777777778 0.059027777777777776
1 0.26666666666666666 0.9427083333333334 0.05555555555555555 0.059027777777777776
1 0.41180555555555554 0.9149305555555556 0.04583333333333333 0.059027777777777776
1 0.5736111111111111 0.6284722222222222 0.04722222222222222 0.059027777777777776
1 0.3861111111111111 0.6197916666666666 0.05555555555555555 0.059027777777777776
1 0.4361111111111111 0.4670138888888889 0.058333333333333334 0.06944444444444445
1 0.45902777777777776 0.3463541666666667 0.059722222222222225 0.0642361111111111
1 0.5118055555555555 0.3949652777777778 0.04583333333333333 0.050347222222222224
1 0.6284722222222222 0.4835069444444444 0.04583333333333333 0.057291666666666664
1 0.5534722222222223 0.7317708333333334 0.04027777777777778 0.05381944444444445
1 0.5201388888888889 0.7699652777777778 0.0375 0.057291666666666664
1 0.38125 0.08072916666666667 0.04861111111111111 0.0642361111111111
1 0.4513888888888889 0.0642361111111111 0.04722222222222222 0.0625
1 0.5034722222222222 0.1753472222222222 0.04861111111111111 0.06597222222222222
1 0.5173611111111112 0.24739583333333334 0.05416666666666667 0.06076388888888889
1 0.5715277777777777 0.17274305555555555 0.04861111111111111 0.06076388888888889
1 0.6152777777777778 0.13975694444444445 0.044444444444444446 0.046875
1 0.7118055555555556 0.3194444444444444 0.043055555555555555 0.059027777777777776
1 0.6715277777777777 0.5807291666666666 0.04861111111111111 0.0642361111111111
1 0.8541666666666666 0.5572916666666666 0.041666666666666664 0.06944444444444445
1 0.7798611111111111 0.5659722222222222 0.05138888888888889 0.0763888888888889
1 0.9243055555555556 0.9184027777777778 0.05416666666666667 0.06944444444444445
