0 0.15208333333333332 0.3350694444444444 0.06527777777777778 0.09027777777777778
0 0.19375 0.3975694444444444 0.059722222222222225 0.0798611111111111
0 0.5743055555555555 0.2994791666666667 0.0625 0.08854166666666667
0 0.46805555555555556 0.1623263888888889 0.07222222222222222 0.078125
0 0.5354166666666667 0.625 0.06805555555555555 0.08680555555555555
0 0.6368055555555555 0.8706597222222222 0.0625 0.0920138888888889
0 0.7055555555555556 0.9105902777777778 0.075 0.0954861111111111
0 0.8381944444444445 0.4331597222222222 0.07083333333333333 0.11284722222222222
0 0.8861111111111111 0.4930555555555556 0.06666666666666667 0.09722222222222222
0 0.8652777777777778 0.6475694444444444 0.06944444444444445 0.09027777777777778
0 0.9416666666666667 0.2725694444444444 0.06666666666666667 0.08680555555555555
0 0.5972222222222222 0.4496527777777778 0.07222222222222222 0.0763888888888889
0 0.15347222222222223 0.4800347222222222 0.07916666666666666 0.08159722222222222
0 0.049305555555555554 0.46875 0.06805555555555555 0.08680555555555555
0 0.11666666666666667 0.5954861111111112 0.075 0.09722222222222222
0 0.16111111111111112 0.7300347222222222 0.06666666666666667 0.0954861111111111
0 0.22291666666666668 0.734375 0.07083333333333333 0.1076388888888889
0 0.5201388888888889 0.04079861111111111 0.0763888888888889 0.078125
0 0.4340277777777778 0.10677083333333333 0.06527777777777778 0.08506944444444445
7 0.4618055555555556 0.059027777777777776 0.09583333333333334 0.10069444444444445
0 0.9756944444444444 0.2222222222222222 0.04861111111111111 0.09027777777777778
1 0.6458333333333334 0.5989583333333334 0.05 0.06597222222222222
1 0.3875 0.5859375 0.05277777777777778 0.057291666666666664
1 0.40902777777777777 0.9131944444444444 0.04861111111111111 0.05555555555555555
0 0.5736111111111111 0.9730902777777778 0.06944444444444445 0.046875
7 0.4486111111111111 0.3203125 0.044444444444444446 0.0642361111111111
7 0.37916666666666665 0.1310763888888889 0.044444444444444446 0.06076388888888889
7 0.4847222222222222 0.8897569444444444 0.058333333333333334 0.07465277777777778
7 0.9715277777777778 0.8585069444444444 0.05694444444444444 0.07465277777777778
7 0.9611111111111111 0.7300347222222222 0.07777777777777778 0.10243055555555555
7 0.18194444444444444 0.8133680555555556 0.075 0.06076388888888889
7 0.19166666666666668 0.8680555555555556 0.06388888888888888 0.06597222222222222
7 0.19930555555555557 0.9418402777777778 0.05694444444444444 0.06770833333333333
