1 0.3875 0.2777777777777778 0.05 0.0625
1 0.5618055555555556 0.2838541666666667 0.0375 0.050347222222222224
1 0.6909722222222222 0.2092013888888889 0.043055555555555555 0.07118055555555555
1 0.8645833333333334 0.3151041666666667 0.05694444444444444 0.057291666666666664
1 0.8138888888888889 0.4357638888888889 0.041666666666666664 0.05555555555555555
1 0.8576388888888888 0.4618055555555556 0.04861111111111111 0.059027777777777776
1 0.6256944444444444 0.5364583333333334 0.05416666666666667 0.0625
1 0.4479166666666667 0.5130208333333334 0.04583333333333333 0.06770833333333333
1 0.4097222222222222 0.5711805555555556 0.041666666666666664 0.059027777777777776
1 0.3486111111111111 0.6822916666666666 0.044444444444444446 0.059027777777777776
1 0.5770833333333333 0.6336805555555556 0.043055555555555555 0.0625
1 0.7381944444444445 0.6206597222222222 0.04861111111111111 0.057291666666666664
1 0.9270833333333334 0.5824652777777778 0.043055555555555555 0.05381944444444445
1 0.5611111111111111 0.71875 0.05 0.059027777777777776
1 0.5979166666666667 0.7786458333333334 0.05138888888888889 0.0642361111111111
1 0.1840277777777778 0.6336805555555556 0.05138888888888889 0.052083333333333336
1 0.19027777777777777 0.6927083333333334 0.058333333333333334 0.0625
1 0.3472222222222222 0.8506944444444444 0.05 0.06944444444444445
1 0.4131944444444444 0.7951388888888888 0.05138888888888889 0.05555555555555555
1 0.0875 0.09114583333333333 0.05 0.05381944444444445
1 0.18263888888888888 0.2751736111111111 0.05694444444444444 0.07118055555555555
