0 0.4534722222222222 0.11371527777777778 0.06805555555555555 0.0920138888888889
0 0.5493055555555556 0.3689236111111111 0.06527777777777778 0.08854166666666667
0 0.6180555555555556 0.4036458333333333 0.08055555555555556 0.0920138888888889
0 0.48541666666666666 0.4809027777777778 0.07361111111111111 0.09375
0 0.04027777777777778 0.08333333333333333 0.07777777777777778 0.09375
0 0.07222222222222222 0.21614583333333334 0.06944444444444445 0.0920138888888889
0 0.1388888888888889 0.21875 0.075 0.1111111111111111
0 0.7854166666666667 0.1440972222222222 0.07361111111111111 0.09027777777777778
0 0.8416666666666667 0.5833333333333334 0.07222222222222222 0.10416666666666667
0 0.4305555555555556 0.8298611111111112 0.06666666666666667 0.09375
1 0.30277777777777776 0.5416666666666666 0.06111111111111111 0.0763888888888889
1 0.29930555555555555 0.0685763888888889 0.05138888888888889 0.06076388888888889
1 0.5645833333333333 0.09722222222222222 0.05138888888888889 0.06944444444444445
1 0.8076388888888889 0.6640625 0.05138888888888889 0.0642361111111111
1 0.3229166666666667 0.4123263888888889 0.05138888888888889 0.05381944444444445
7 0.3215277777777778 0.8463541666666666 0.059722222222222225 0.10243055555555555
7 0.11527777777777778 0.4340277777777778 0.05555555555555555 0.06944444444444445
7 0.10138888888888889 0.3315972222222222 0.07222222222222222 0.12152777777777778
7 0.4027777777777778 0.3880208333333333 0.058333333333333334 0.08159722222222222
7 0.8840277777777777 0.2517361111111111 0.07083333333333333 0.14583333333333334
7 0.8861111111111111 0.3472222222222222 0.06111111111111111 0.07291666666666667
7 0.7868055555555555 0.020833333333333332 0.09305555555555556 0.03819444444444445
7 0.9805555555555555 0.7890625 0.03888888888888889 0.0920138888888889
7 0.9868055555555556 0.9375 0.02638888888888889 0.09722222222222222
7 0.27152777777777776 0.9800347222222222 0.04861111111111111 0.03993055555555555
7 0.50625 0.578125 0.04583333333333333 0.07291666666666667
7 0.8736111111111111 0.4791666666666667 0.044444444444444446 0.052083333333333336
