1 0.049305555555555554 0.050347222222222224 0.04861111111111111 0.0625
1 0.16041666666666668 0.07465277777777778 0.05416666666666667 0.06944444444444445
1 0.29375 0.125 0.05416666666666667 0.052083333333333336
1 0.33611111111111114 0.2621527777777778 0.05555555555555555 0.059027777777777776
1 0.4236111111111111 0.2387152777777778 0.03888888888888889 0.05381944444444445
1 0.19652777777777777 0.4010416666666667 0.04861111111111111 0.06597222222222222
1 0.3875 0.5998263888888888 0.05555555555555555 0.07118055555555555
1 0.4388888888888889 0.6267361111111112 0.041666666666666664 0.0625
1 0.4791666666666667 0.6032986111111112 0.03888888888888889 0.050347222222222224
1 0.5930555555555556 0.5920138888888888 0.05 0.059027777777777776
1 0.6569444444444444 0.7057291666666666 0.05 0.0642361111111111
1 0.6465277777777778 0.7864583333333334 0.05694444444444444 0.0798611111111111
1 0.6576388888888889 0.8932291666666666 0.05138888888888889 0.0642361111111111
1 0.4666666666666667 0.9288194444444444 0.058333333333333334 0.0763888888888889
1 0.35 0.8142361111111112 0.05555555555555555 0.059027777777777776
1 0.23055555555555557 0.4644097222222222 0.05 0.06076388888888889
1 0.20069444444444445 0.6927083333333334 0.04583333333333333 0.059027777777777776
1 0.2590277777777778 0.7083333333333334 0.04583333333333333 0.06944444444444445
1 0.2638888888888889 0.7899305555555556 0.05555555555555555 0.05555555555555555
1 0.3729166666666667 0.8897569444444444 0.043055555555555555 0.057291666666666664
1 0.9048611111111111 0.8524305555555556 0.04861111111111111 0.0625
1 0.9590277777777778 0.7248263888888888 0.05416666666666667 0.06770833333333333
1 0.8666666666666667 0.6354166666666666 0.06111111111111111 0.0763888888888889
1 0.825 0.4965277777777778 0.04722222222222222 0.05555555555555555
1 0.6409722222222223 0.2795138888888889 0.05416666666666667 0.0625
1 0.7201388888888889 0.2838541666666667 0.05416666666666667 0.06770833333333333
1 0.8923611111111112 0.7074652777777778 0.05138888888888889 0.0642361111111111
1 0.6826388888888889 0.5338541666666666 0.05138888888888889 0.057291666666666664
1 0.9673611111111111 0.050347222222222224 0.05138888888888889 0.07291666666666667
1 0.7625 0.3515625 0.041666666666666664 0.06076388888888889
1 0.8722222222222222 0.2873263888888889 0.04722222222222222 0.06770833333333333
