0 0.7027777777777777 0.09027777777777778 0.07222222222222222 0.09027777777777778
0 0.6631944444444444 0.2230902777777778 0.05694444444444444 0.07465277777777778
0 0.5520833333333334 0.28125 0.06527777777777778 0.0798611111111111
0 0.2923611111111111 0.3315972222222222 0.0625 0.08333333333333333
0 0.15208333333333332 0.2942708333333333 0.08194444444444444 0.10243055555555555
0 0.6180555555555556 0.53125 0.06666666666666667 0.10416666666666667
0 0.8701388888888889 0.7387152777777778 0.0625 0.07465277777777778
0 0.8354166666666667 0.8550347222222222 0.05416666666666667 0.06770833333333333
0 0.9305555555555556 0.9131944444444444 0.06666666666666667 0.08333333333333333
0 0.8409722222222222 0.9383680555555556 0.059722222222222225 0.08506944444444445
0 0.38055555555555554 0.9340277777777778 0.06944444444444445 0.10069444444444445
0 0.3145833333333333 0.9592013888888888 0.0625 0.07465277777777778
0 0.13125 0.7777777777777778 0.05416666666666667 0.07291666666666667
1 0.8465277777777778 0.3802083333333333 0.04583333333333333 0.06597222222222222
7 0.3527777777777778 0.05642361111111111 0.04722222222222222 0.05381944444444445
7 0.5027777777777778 0.09114583333333333 0.075 0.08159722222222222
7 0.5715277777777777 0.2144097222222222 0.08472222222222223 0.109375
7 0.6638888888888889 0.3385416666666667 0.06944444444444445 0.10416666666666667
7 0.80625 0.2855902777777778 0.05416666666666667 0.057291666666666664
7 0.8840277777777777 0.2560763888888889 0.06527777777777778 0.11631944444444445
7 0.0375 0.7126736111111112 0.04722222222222222 0.0642361111111111
7 0.04791666666666667 0.4765625 0.06805555555555555 0.11284722222222222
7 0.029861111111111113 0.9505208333333334 0.05694444444444444 0.0920138888888889
7 0.013888888888888888 0.2013888888888889 0.025 0.0763888888888889
7 0.3173611111111111 0.026041666666666668 0.05694444444444444 0.04861111111111111
7 0.27361111111111114 0.9192708333333334 0.03333333333333333 0.043402777777777776
7 0.36944444444444446 0.8411458333333334 0.03888888888888889 0.05381944444444445
7 0.5305555555555556 0.9184027777777778 0.03333333333333333 0.052083333333333336
7 0.44513888888888886 0.9539930555555556 0.043055555555555555 0.046875
7 0.6784722222222223 0.9175347222222222 0.0375 0.043402777777777776
7 0.9659722222222222 0.8446180555555556 0.034722222222222224 0.046875
7 0.2 0.859375 0.03888888888888889 0.04861111111111111
7 0.3451388888888889 0.6571180555555556 0.0763888888888889 0.078125
7 0.9131944444444444 0.5138888888888888 0.0625 0.0798611111111111
7 0.9916666666666667 0.6571180555555556 0.016666666666666666 0.050347222222222224
