1 0.16597222222222222 0.2777777777777778 0.0625 0.07291666666666667
1 0.07083333333333333 0.030381944444444444 0.05555555555555555 0.057291666666666664
1 0.19305555555555556 0.028645833333333332 0.05277777777777778 0.05381944444444445
1 0.25277777777777777 0.06336805555555555 0.05277777777777778 0.06076388888888889
1 0.34930555555555554 0.3663194444444444 0.04861111111111111 0.059027777777777776
1 0.06875 0.5295138888888888 0.05138888888888889 0.059027777777777776
1 0.19375 0.5798611111111112 0.0625 0.0763888888888889
1 0.36666666666666664 0.6241319444444444 0.05555555555555555 0.07118055555555555
1 0.45208333333333334 0.4704861111111111 0.05138888888888889 0.06597222222222222
1 0.47708333333333336 0.3333333333333333 0.04861111111111111 0.05555555555555555
1 0.6048611111111111 0.2300347222222222 0.04861111111111111 0.06076388888888889
1 0.5381944444444444 0.059027777777777776 0.05694444444444444 0.0625
1 0.8888888888888888 0.13020833333333334 0.05277777777777778 0.0763888888888889
1 0.7847222222222222 0.3116319444444444 0.05 0.0642361111111111
1 0.7833333333333333 0.4027777777777778 0.05555555555555555 0.06944444444444445
1 0.725 0.4895833333333333 0.058333333333333334 0.0798611111111111
1 0.4888888888888889 0.5954861111111112 0.044444444444444446 0.06597222222222222
1 0.5673611111111111 0.5963541666666666 0.04861111111111111 0.05381944444444445
1 0.5680555555555555 0.7291666666666666 0.05 0.052083333333333336
1 0.6298611111111111 0.7795138888888888 0.05138888888888889 0.06597222222222222
1 0.7520833333333333 0.7230902777777778 0.04583333333333333 0.06076388888888889
1 0.8229166666666666 0.6944444444444444 0.04861111111111111 0.0625
1 0.9395833333333333 0.7430555555555556 0.05416666666666667 0.06597222222222222
1 0.9388888888888889 0.8697916666666666 0.05 0.06597222222222222
1 0.7916666666666666 0.8333333333333334 0.05 0.059027777777777776
1 0.45555555555555555 0.8541666666666666 0.06388888888888888 0.06944444444444445
1 0.20347222222222222 0.7430555555555556 0.05694444444444444 0.059027777777777776
1 0.16944444444444445 0.8506944444444444 0.06388888888888888 0.07291666666666667
1 0.5506944444444445 0.3550347222222222 0.043055555555555555 0.07118055555555555
1 0.9652777777777778 0.4366319444444444 0.041666666666666664 0.057291666666666664
1 0.8444444444444444 0.4913194444444444 0.05 0.06944444444444445
1 0.7361111111111112 0.9140625 0.05 0.0642361111111111
1 0.28888888888888886 0.8463541666666666 0.06388888888888888 0.06076388888888889
1 0.2465277777777778 0.5451388888888888 0.043055555555555555 0.052083333333333336
