0 0.15902777777777777 0.08506944444444445 0.05694444444444444 0.09027777777777778
0 0.55625 0.2873263888888889 0.08194444444444444 0.07465277777777778
0 0.7145833333333333 0.5876736111111112 0.06527777777777778 0.0920138888888889
0 0.80625 0.6050347222222222 0.07361111111111111 0.0920138888888889
0 0.15416666666666667 0.3845486111111111 0.05555555555555555 0.08159722222222222
7 0.9736111111111111 0.5 0.05277777777777778 0.10069444444444445
7 0.7131944444444445 0.1519097222222222 0.0875 0.0954861111111111
7 0.1701388888888889 0.4782986111111111 0.04583333333333333 0.06076388888888889
7 0.9083333333333333 0.7517361111111112 0.041666666666666664 0.07291666666666667
7 0.9173611111111111 0.7977430555555556 0.05416666666666667 0.078125
1 0.7083333333333334 0.7821180555555556 0.044444444444444446 0.06770833333333333
7 0.8590277777777777 0.9713541666666666 0.0625 0.050347222222222224
