0 0.46944444444444444 0.3263888888888889 0.05555555555555555 0.09375
0 0.5930555555555556 0.5677083333333334 0.07222222222222222 0.10069444444444445
0 0.44930555555555557 0.7725694444444444 0.05694444444444444 0.11458333333333333
0 0.6909722222222222 0.7916666666666666 0.06527777777777778 0.10416666666666667
0 0.8618055555555556 0.6128472222222222 0.07083333333333333 0.08680555555555555
0 0.8444444444444444 0.4522569444444444 0.06111111111111111 0.109375
0 0.050694444444444445 0.5373263888888888 0.06527777777777778 0.078125
7 0.21944444444444444 0.034722222222222224 0.058333333333333334 0.06597222222222222
7 0.46805555555555556 0.09288194444444445 0.07222222222222222 0.09895833333333333
7 0.6013888888888889 0.019097222222222224 0.044444444444444446 0.034722222222222224
7 0.9111111111111111 0.2152777777777778 0.05 0.0798611111111111
7 0.9541666666666667 0.2248263888888889 0.03333333333333333 0.07118055555555555
7 0.7847222222222222 0.1684027777777778 0.04722222222222222 0.041666666666666664
7 0.7847222222222222 0.2048611111111111 0.03888888888888889 0.059027777777777776
7 0.6305555555555555 0.3654513888888889 0.044444444444444446 0.06770833333333333
7 0.5604166666666667 0.4201388888888889 0.05138888888888889 0.05555555555555555
7 0.5708333333333333 0.4652777777777778 0.041666666666666664 0.06597222222222222
7 0.49444444444444446 0.6519097222222222 0.058333333333333334 0.10243055555555555
7 0.5486111111111112 0.6328125 0.058333333333333334 0.10243055555555555
7 0.5409722222222222 0.7326388888888888 0.05138888888888889 0.06597222222222222
7 0.6048611111111111 0.7482638888888888 0.05138888888888889 0.0625
7 0.18819444444444444 0.3619791666666667 0.0375 0.046875
7 0.3236111111111111 0.20399305555555555 0.06111111111111111 0.11284722222222222
7 0.9743055555555555 0.8819444444444444 0.05138888888888889 0.10416666666666667
