1 0.027777777777777776 0.059027777777777776 0.05277777777777778 0.06944444444444445
1 0.16041666666666668 0.05555555555555555 0.043055555555555555 0.04513888888888889
1 0.12222222222222222 0.2265625 0.05277777777777778 0.06770833333333333
1 0.15 0.4982638888888889 0.05 0.0798611111111111
1 0.25833333333333336 0.4470486111111111 0.06111111111111111 0.06770833333333333
1 0.16666666666666666 0.6866319444444444 0.05555555555555555 0.06076388888888889
1 0.025694444444444443 0.6875 0.04861111111111111 0.06597222222222222
1 0.1875 0.8602430555555556 0.05 0.05381944444444445
1 0.1763888888888889 0.9314236111111112 0.058333333333333334 0.06076388888888889
1 0.47638888888888886 0.5833333333333334 0.06944444444444445 0.06597222222222222
1 0.47708333333333336 0.3116319444444444 0.05416666666666667 0.07465277777777778
1 0.36736111111111114 0.390625 0.05138888888888889 0.06597222222222222
1 0.5763888888888888 0.2552083333333333 0.05277777777777778 0.06597222222222222
1 0.5131944444444444 0.0720486111111111 0.05138888888888889 0.06076388888888889
1 0.58125 0.09895833333333333 0.05138888888888889 0.0625
1 0.6965277777777777 0.21006944444444445 0.05694444444444444 0.0763888888888889
1 0.7756944444444445 0.24739583333333334 0.059722222222222225 0.06770833333333333
1 0.8597222222222223 0.2664930555555556 0.058333333333333334 0.0642361111111111
1 0.5875 0.4635416666666667 0.05 0.06597222222222222
1 0.6715277777777777 0.5147569444444444 0.05138888888888889 0.07118055555555555
1 0.7881944444444444 0.4956597222222222 0.04861111111111111 0.06076388888888889
1 0.8847222222222222 0.4774305555555556 0.05 0.052083333333333336
1 0.7055555555555556 0.7508680555555556 0.05555555555555555 0.07465277777777778
1 0.6326388888888889 0.765625 0.05416666666666667 0.06944444444444445
