1 0.16666666666666666 0.0876736111111111 0.05 0.06076388888888889
1 0.075 0.4149305555555556 0.05555555555555555 0.06597222222222222
1 0.1527777777777778 0.5963541666666666 0.058333333333333334 0.0642361111111111
1 0.029861111111111113 0.7977430555555556 0.04583333333333333 0.057291666666666664
1 0.31875 0.8072916666666666 0.05138888888888889 0.07291666666666667
1 0.275 0.8940972222222222 0.05 0.0625
1 0.28125 0.9609375 0.0625 0.06076388888888889
1 0.38958333333333334 0.7126736111111112 0.05416666666666667 0.06770833333333333
1 0.40694444444444444 0.5894097222222222 0.05 0.057291666666666664
1 0.21041666666666667 0.2092013888888889 0.043055555555555555 0.050347222222222224
1 0.36041666666666666 0.0954861111111111 0.05416666666666667 0.06597222222222222
1 0.36875 0.24913194444444445 0.05416666666666667 0.06076388888888889
1 0.5909722222222222 0.125 0.04861111111111111 0.0625
1 0.6743055555555556 0.2482638888888889 0.05694444444444444 0.0625
1 0.7944444444444444 0.296875 0.058333333333333334 0.0625
1 0.81875 0.4331597222222222 0.04583333333333333 0.06770833333333333
1 0.6131944444444445 0.3480902777777778 0.05416666666666667 0.057291666666666664
1 0.6576388888888889 0.5980902777777778 0.04583333333333333 0.050347222222222224
1 0.9826388888888888 0.4913194444444444 0.034722222222222224 0.0625
1 0.8548611111111111 0.1840277777777778 0.05416666666666667 0.06944444444444445
1 0.4861111111111111 0.9149305555555556 0.05277777777777778 0.05555555555555555
