1 0.02847222222222222 0.4227430555555556 0.05138888888888889 0.057291666666666664
1 0.17708333333333334 0.3116319444444444 0.0375 0.057291666666666664
1 0.25763888888888886 0.3498263888888889 0.04861111111111111 0.057291666666666664
1 0.20833333333333334 0.4210069444444444 0.05 0.06076388888888889
1 0.2902777777777778 0.4201388888888889 0.05 0.05555555555555555
1 0.44722222222222224 0.2734375 0.05555555555555555 0.0642361111111111
1 0.47708333333333336 0.18229166666666666 0.04583333333333333 0.052083333333333336
1 0.4979166666666667 0.3420138888888889 0.05138888888888889 0.0625
1 0.24166666666666667 0.6631944444444444 0.05 0.06597222222222222
1 0.07847222222222222 0.765625 0.05138888888888889 0.059027777777777776
1 0.025 0.6866319444444444 0.04722222222222222 0.06770833333333333
1 0.4305555555555556 0.4895833333333333 0.05277777777777778 0.059027777777777776
1 0.4 0.6527777777777778 0.05 0.05555555555555555
1 0.15902777777777777 0.9635416666666666 0.04861111111111111 0.07291666666666667
1 0.7618055555555555 0.8142361111111112 0.05138888888888889 0.06944444444444445
1 0.5777777777777777 0.22135416666666666 0.04722222222222222 0.057291666666666664
1 0.8118055555555556 0.4965277777777778 0.05694444444444444 0.0763888888888889
1 0.90625 0.6493055555555556 0.04861111111111111 0.06944444444444445
1 0.4527777777777778 0.859375 0.044444444444444446 0.05555555555555555
1 0.9 0.10590277777777778 0.04722222222222222 0.06597222222222222
