1 0.36875 0.20572916666666666 0.05138888888888889 0.06076388888888889
1 0.36041666666666666 0.2942708333333333 0.04027777777777778 0.05381944444444445
1 0.42430555555555555 0.2803819444444444 0.05138888888888889 0.057291666666666664
1 0.5208333333333334 0.2977430555555556 0.044444444444444446 0.05381944444444445
1 0.54375 0.4340277777777778 0.05138888888888889 0.059027777777777776
1 0.4354166666666667 0.5364583333333334 0.04861111111111111 0.05555555555555555
1 0.18819444444444444 0.4661458333333333 0.06527777777777778 0.06770833333333333
1 0.07152777777777777 0.6015625 0.05138888888888889 0.06076388888888889
1 0.2222222222222222 0.8116319444444444 0.05 0.07465277777777778
1 0.33541666666666664 0.7456597222222222 0.043055555555555555 0.06076388888888889
1 0.39444444444444443 0.59375 0.05 0.059027777777777776
1 0.40069444444444446 0.6605902777777778 0.04861111111111111 0.057291666666666664
1 0.4125 0.7291666666666666 0.05555555555555555 0.06597222222222222
1 0.3611111111111111 0.8836805555555556 0.04722222222222222 0.05555555555555555
1 0.5541666666666667 0.6024305555555556 0.041666666666666664 0.06597222222222222
1 0.6180555555555556 0.6128472222222222 0.03888888888888889 0.0625
1 0.7194444444444444 0.5442708333333334 0.05 0.0642361111111111
1 0.675 0.7005208333333334 0.05 0.0642361111111111
1 0.88125 0.9131944444444444 0.05416666666666667 0.0625
1 0.6756944444444445 0.9418402777777778 0.04861111111111111 0.05381944444444445
1 0.7368055555555556 0.3220486111111111 0.05138888888888889 0.06770833333333333
1 0.8236111111111111 0.3689236111111111 0.05 0.05381944444444445
1 0.8791666666666667 0.0920138888888889 0.05555555555555555 0.07291666666666667
1 0.6486111111111111 0.049479166666666664 0.04722222222222222 0.057291666666666664
1 0.6381944444444444 0.2065972222222222 0.043055555555555555 0.05555555555555555
1 0.8125 0.1918402777777778 0.04722222222222222 0.06076388888888889
1 0.8291666666666667 0.2864583333333333 0.05277777777777778 0.0625
