0 0.06388888888888888 0.4817708333333333 0.06944444444444445 0.0954861111111111
0 0.09166666666666666 0.4010416666666667 0.09444444444444444 0.08333333333333333
0 0.8229166666666666 0.4027777777777778 0.0875 0.1111111111111111
0 0.7027777777777777 0.5303819444444444 0.058333333333333334 0.0920138888888889
0 0.7013888888888888 0.6519097222222222 0.07222222222222222 0.08854166666666667
0 0.6625 0.7777777777777778 0.06111111111111111 0.0798611111111111
0 0.5527777777777778 0.8359375 0.06666666666666667 0.08854166666666667
0 0.5729166666666666 0.7751736111111112 0.0763888888888889 0.109375
0 0.15555555555555556 0.8524305555555556 0.075 0.10069444444444445
0 0.2951388888888889 0.8914930555555556 0.059722222222222225 0.08506944444444445
0 0.7493055555555556 0.022569444444444444 0.05694444444444444 0.041666666666666664
1 0.014583333333333334 0.5121527777777778 0.02638888888888889 0.07291666666666667
1 0.8451388888888889 0.9366319444444444 0.043055555555555555 0.057291666666666664
1 0.19930555555555557 0.07552083333333333 0.04027777777777778 0.050347222222222224
7 0.8034722222222223 0.8463541666666666 0.04861111111111111 0.050347222222222224
7 0.8854166666666666 0.7916666666666666 0.0625 0.05555555555555555
7 0.8763888888888889 0.8385416666666666 0.05555555555555555 0.06944444444444445
7 0.6680555555555555 0.8888888888888888 0.06944444444444445 0.1111111111111111
7 0.3548611111111111 0.6215277777777778 0.04583333333333333 0.059027777777777776
7 0.49375 0.6449652777777778 0.05138888888888889 0.07118055555555555
7 0.32013888888888886 0.578125 0.05416666666666667 0.06597222222222222
1 0.013888888888888888 0.7621527777777778 0.025 0.07291666666666667
7 0.07777777777777778 0.015625 0.04722222222222222 0.027777777777777776
7 0.8263888888888888 0.03298611111111111 0.03611111111111111 0.04513888888888889
7 0.6583333333333333 0.484375 0.041666666666666664 0.059027777777777776
