0 0.0625 0.21614583333333334 0.06666666666666667 0.08854166666666667
0 0.10625 0.3611111111111111 0.0763888888888889 0.07291666666666667
0 0.03611111111111111 0.53125 0.06944444444444445 0.08680555555555555
0 0.125 0.7855902777777778 0.06388888888888888 0.0920138888888889
0 0.06805555555555555 0.9027777777777778 0.06944444444444445 0.09375
0 0.3368055555555556 0.3402777777777778 0.06805555555555555 0.12152777777777778
0 0.4388888888888889 0.17708333333333334 0.07777777777777778 0.09375
0 0.4777777777777778 0.1345486111111111 0.06944444444444445 0.08506944444444445
0 0.38472222222222224 0.3984375 0.058333333333333334 0.10243055555555555
0 0.3715277777777778 0.5633680555555556 0.07083333333333333 0.0920138888888889
0 0.4638888888888889 0.6328125 0.058333333333333334 0.0920138888888889
0 0.6402777777777777 0.3567708333333333 0.06666666666666667 0.10590277777777778
0 0.86875 0.4010416666666667 0.0625 0.11805555555555555
1 0.8048611111111111 0.6553819444444444 0.04583333333333333 0.046875
1 0.13194444444444445 0.5112847222222222 0.05277777777777778 0.06076388888888889
1 0.4534722222222222 0.8975694444444444 0.05416666666666667 0.059027777777777776
0 0.2048611111111111 0.8307291666666666 0.07916666666666666 0.10590277777777778
0 0.4152777777777778 0.96875 0.06944444444444445 0.0625
7 0.7958333333333333 0.7074652777777778 0.05 0.0642361111111111
7 0.9409722222222222 0.5477430555555556 0.07361111111111111 0.14756944444444445
7 0.8131944444444444 0.23958333333333334 0.05138888888888889 0.07291666666666667
7 0.9326388888888889 0.9652777777777778 0.08472222222222223 0.0625
7 0.8131944444444444 0.953125 0.04583333333333333 0.05555555555555555
7 0.46805555555555556 0.7630208333333334 0.06388888888888888 0.07118055555555555
7 0.40902777777777777 0.2751736111111111 0.043055555555555555 0.06770833333333333
