1 0.041666666666666664 0.3168402777777778 0.058333333333333334 0.07118055555555555
1 0.2423611111111111 0.4184027777777778 0.05694444444444444 0.06944444444444445
1 0.09375 0.8524305555555556 0.0625 0.06944444444444445
1 0.04027777777777778 0.890625 0.058333333333333334 0.06944444444444445
1 0.1798611111111111 0.9157986111111112 0.05138888888888889 0.057291666666666664
1 0.30694444444444446 0.7743055555555556 0.06111111111111111 0.06597222222222222
1 0.4201388888888889 0.8541666666666666 0.059722222222222225 0.07291666666666667
1 0.5083333333333333 0.8723958333333334 0.075 0.11284722222222222
1 0.47708333333333336 0.6067708333333334 0.059722222222222225 0.07118055555555555
1 0.4263888888888889 0.6171875 0.044444444444444446 0.0642361111111111
1 0.38263888888888886 0.1675347222222222 0.05416666666666667 0.07118055555555555
1 0.25277777777777777 0.0703125 0.06388888888888888 0.07465277777777778
1 0.7277777777777777 0.042534722222222224 0.06666666666666667 0.07118055555555555
1 0.88125 0.14583333333333334 0.06527777777777778 0.0763888888888889
1 0.7326388888888888 0.1970486111111111 0.06527777777777778 0.06770833333333333
1 0.8805555555555555 0.3263888888888889 0.06111111111111111 0.06597222222222222
1 0.7194444444444444 0.5763888888888888 0.06111111111111111 0.0763888888888889
1 0.7861111111111111 0.9201388888888888 0.06388888888888888 0.07291666666666667
1 0.4909722222222222 0.4869791666666667 0.06805555555555555 0.08506944444444445
1 0.6180555555555556 0.5737847222222222 0.044444444444444446 0.07118055555555555
1 0.8631944444444445 0.6432291666666666 0.05138888888888889 0.06770833333333333
1 0.9270833333333334 0.703125 0.04583333333333333 0.06597222222222222
1 0.5284722222222222 0.2595486111111111 0.05416666666666667 0.0642361111111111
