0 0.05555555555555555 0.1032986111111111 0.06666666666666667 0.109375
0 0.3958333333333333 0.1328125 0.06111111111111111 0.078125
0 0.46111111111111114 0.18489583333333334 0.075 0.07118055555555555
0 0.4708333333333333 0.3263888888888889 0.06944444444444445 0.09722222222222222
0 0.6993055555555555 0.16927083333333334 0.0763888888888889 0.08854166666666667
0 0.7381944444444445 0.3194444444444444 0.06527777777777778 0.10416666666666667
0 0.9506944444444444 0.2595486111111111 0.08194444444444444 0.08159722222222222
0 0.8729166666666667 0.3923611111111111 0.0875 0.09722222222222222
0 0.98125 0.3411458333333333 0.0375 0.10243055555555555
0 0.6423611111111112 0.5199652777777778 0.07083333333333333 0.0954861111111111
0 0.5576388888888889 0.5815972222222222 0.06805555555555555 0.09027777777777778
0 0.5875 0.6484375 0.07777777777777778 0.08506944444444445
0 0.7215277777777778 0.8151041666666666 0.059722222222222225 0.08854166666666667
0 0.7097222222222223 0.9392361111111112 0.06944444444444445 0.0798611111111111
0 0.9569444444444445 0.9175347222222222 0.06666666666666667 0.11284722222222222
0 0.2659722222222222 0.8194444444444444 0.06805555555555555 0.09027777777777778
0 0.3090277777777778 0.8723958333333334 0.059722222222222225 0.08854166666666667
0 0.26944444444444443 0.9600694444444444 0.08888888888888889 0.06944444444444445
7 0.42569444444444443 0.3385416666666667 0.04861111111111111 0.0763888888888889
7 0.16875 0.953125 0.07361111111111111 0.08680555555555555
7 0.03819444444444445 0.7057291666666666 0.06527777777777778 0.08506944444444445
1 0.18541666666666667 0.028645833333333332 0.05694444444444444 0.05381944444444445
7 0.49166666666666664 0.6276041666666666 0.04722222222222222 0.07118055555555555
7 0.5666666666666667 0.8177083333333334 0.05555555555555555 0.05555555555555555
7 0.5895833333333333 0.5460069444444444 0.09027777777777778 0.11284722222222222
