0 0.07013888888888889 0.3706597222222222 0.06527777777777778 0.08854166666666667
0 0.05347222222222222 0.4409722222222222 0.0625 0.08333333333333333
0 0.6236111111111111 0.2847222222222222 0.06944444444444445 0.1076388888888889
0 0.7923611111111111 0.1640625 0.07916666666666666 0.11979166666666667
0 0.6006944444444444 0.6901041666666666 0.0763888888888889 0.08506944444444445
0 0.8631944444444445 0.8932291666666666 0.06527777777777778 0.0920138888888889
0 0.83125 0.7803819444444444 0.0625 0.08159722222222222
0 0.8944444444444445 0.8029513888888888 0.06388888888888888 0.08506944444444445
0 0.8798611111111111 0.5677083333333334 0.06527777777777778 0.09027777777777778
0 0.2125 0.8368055555555556 0.06944444444444445 0.09722222222222222
0 0.14583333333333334 0.9010416666666666 0.04722222222222222 0.0625
1 0.20833333333333334 0.109375 0.06666666666666667 0.08333333333333333
7 0.45208333333333334 0.016493055555555556 0.04861111111111111 0.029513888888888888
7 0.9701388888888889 0.0546875 0.059722222222222225 0.08506944444444445
7 0.8861111111111111 0.4019097222222222 0.04722222222222222 0.05381944444444445
7 0.5666666666666667 0.3819444444444444 0.04722222222222222 0.0625
7 0.81875 0.6883680555555556 0.04861111111111111 0.06770833333333333
7 0.6368055555555555 0.9609375 0.07916666666666666 0.078125
7 0.5215277777777778 0.65625 0.0763888888888889 0.08680555555555555
7 0.5583333333333333 0.9722222222222222 0.06111111111111111 0.052083333333333336
7 0.12222222222222222 0.4487847222222222 0.05277777777777778 0.07465277777777778
7 0.45208333333333334 0.1111111111111111 0.04583333333333333 0.05555555555555555
7 0.9423611111111111 0.765625 0.043055555555555555 0.05555555555555555
7 0.3645833333333333 0.1579861111111111 0.04861111111111111 0.0625
7 0.8513888888888889 0.7109375 0.03611111111111111 0.043402777777777776
7 0.38055555555555554 0.9809027777777778 0.04722222222222222 0.03125
