1 0.18194444444444444 0.1857638888888889 0.06388888888888888 0.07291666666666667
1 0.16944444444444445 0.4105902777777778 0.05 0.06770833333333333
1 0.14652777777777778 0.4765625 0.04861111111111111 0.06076388888888889
1 0.06875 0.828125 0.05694444444444444 0.06944444444444445
1 0.3548611111111111 0.7552083333333334 0.04861111111111111 0.0625
1 0.38819444444444445 0.8081597222222222 0.04861111111111111 0.0642361111111111
1 0.4951388888888889 0.7222222222222222 0.04583333333333333 0.059027777777777776
1 0.5520833333333334 0.890625 0.05138888888888889 0.0763888888888889
1 0.4388888888888889 0.7682291666666666 0.041666666666666664 0.057291666666666664
1 0.4048611111111111 0.1371527777777778 0.043055555555555555 0.06944444444444445
1 0.09027777777777778 0.04513888888888889 0.04722222222222222 0.059027777777777776
1 0.575 0.10416666666666667 0.05 0.0625
1 0.6597222222222222 0.1701388888888889 0.044444444444444446 0.059027777777777776
1 0.4618055555555556 0.06597222222222222 0.04583333333333333 0.0625
1 0.5444444444444444 0.2699652777777778 0.05 0.057291666666666664
1 0.5319444444444444 0.3385416666666667 0.05277777777777778 0.05555555555555555
1 0.7527777777777778 0.3446180555555556 0.05 0.07465277777777778
1 0.6701388888888888 0.3506944444444444 0.04583333333333333 0.06597222222222222
1 0.6180555555555556 0.3767361111111111 0.04722222222222222 0.06597222222222222
1 0.6729166666666667 0.4635416666666667 0.04027777777777778 0.0625
1 0.6375 0.5815972222222222 0.044444444444444446 0.06597222222222222
1 0.5555555555555556 0.5460069444444444 0.044444444444444446 0.06770833333333333
1 0.7993055555555556 0.6684027777777778 0.0375 0.052083333333333336
1 0.9736111111111111 0.4756944444444444 0.05277777777777778 0.06597222222222222
1 0.9298611111111111 0.3359375 0.04583333333333333 0.06076388888888889
1 0.9347222222222222 0.7725694444444444 0.05 0.06944444444444445
1 0.7604166666666666 0.7682291666666666 0.04583333333333333 0.06076388888888889
1 0.85625 0.8411458333333334 0.0375 0.05381944444444445
1 0.9430555555555555 0.2361111111111111 0.04722222222222222 0.05555555555555555
