1 0.09375 0.08333333333333333 0.04861111111111111 0.059027777777777776
1 0.0375 0.2560763888888889 0.05277777777777778 0.06076388888888889
1 0.28680555555555554 0.21354166666666666 0.05138888888888889 0.06597222222222222
1 0.33402777777777776 0.2942708333333333 0.04861111111111111 0.05381944444444445
1 0.17708333333333334 0.1987847222222222 0.05138888888888889 0.0642361111111111
1 0.25416666666666665 0.11979166666666667 0.05 0.059027777777777776
1 0.09375 0.3081597222222222 0.043055555555555555 0.057291666666666664
1 0.06458333333333334 0.4835069444444444 0.04861111111111111 0.06770833333333333
1 0.2125 0.4305555555555556 0.05277777777777778 0.0625
1 0.42986111111111114 0.3020833333333333 0.05138888888888889 0.06597222222222222
1 0.4701388888888889 0.1189236111111111 0.04861111111111111 0.057291666666666664
1 0.5548611111111111 0.2630208333333333 0.04861111111111111 0.06076388888888889
1 0.6819444444444445 0.2152777777777778 0.058333333333333334 0.06944444444444445
1 0.7909722222222222 0.0859375 0.043055555555555555 0.05381944444444445
1 0.8027777777777778 0.2777777777777778 0.05277777777777778 0.07291666666666667
1 0.7722222222222223 0.3723958333333333 0.04722222222222222 0.06770833333333333
1 0.6833333333333333 0.3975694444444444 0.05277777777777778 0.059027777777777776
1 0.7409722222222223 0.5364583333333334 0.043055555555555555 0.06944444444444445
1 0.6895833333333333 0.59375 0.04861111111111111 0.059027777777777776
1 0.7451388888888889 0.6493055555555556 0.05416666666666667 0.06944444444444445
1 0.4027777777777778 0.5842013888888888 0.044444444444444446 0.06770833333333333
1 0.2659722222222222 0.6241319444444444 0.05138888888888889 0.05381944444444445
1 0.47291666666666665 0.6762152777777778 0.04861111111111111 0.0642361111111111
1 0.4895833333333333 0.7664930555555556 0.059722222222222225 0.06770833333333333
1 0.6333333333333333 0.8038194444444444 0.05555555555555555 0.06597222222222222
1 0.5416666666666666 0.6935763888888888 0.044444444444444446 0.06076388888888889
1 0.6541666666666667 0.9270833333333334 0.05277777777777778 0.0625
