1 0.1986111111111111 0.3541666666666667 0.05555555555555555 0.06597222222222222
1 0.375 0.059027777777777776 0.06666666666666667 0.07291666666666667
1 0.5326388888888889 0.3125 0.059722222222222225 0.07291666666666667
1 0.6826388888888889 0.53125 0.05694444444444444 0.07291666666666667
1 0.8472222222222222 0.625 0.05555555555555555 0.0763888888888889
1 0.3458333333333333 0.7213541666666666 0.06111111111111111 0.07118055555555555
1 0.43472222222222223 0.7534722222222222 0.06111111111111111 0.0798611111111111
1 0.027083333333333334 0.7170138888888888 0.05138888888888889 0.06597222222222222
1 0.041666666666666664 0.9053819444444444 0.06388888888888888 0.06770833333333333
1 0.1388888888888889 0.9140625 0.06111111111111111 0.07118055555555555
1 0.2833333333333333 0.9618055555555556 0.06666666666666667 0.07291666666666667
1 0.12708333333333333 0.1449652777777778 0.05138888888888889 0.06076388888888889
1 0.10069444444444445 0.3064236111111111 0.04583333333333333 0.057291666666666664
1 0.17222222222222222 0.6076388888888888 0.05277777777777778 0.0763888888888889
1 0.8444444444444444 0.9696180555555556 0.05555555555555555 0.06076388888888889
1 0.8729166666666667 0.043402777777777776 0.05138888888888889 0.06944444444444445
1 0.5645833333333333 0.4305555555555556 0.05416666666666667 0.07291666666666667
1 0.7347222222222223 0.3645833333333333 0.058333333333333334 0.0798611111111111
