0 0.6513888888888889 0.1831597222222222 0.06944444444444445 0.0920138888888889
0 0.61875 0.3958333333333333 0.07083333333333333 0.08333333333333333
0 0.12916666666666668 0.1362847222222222 0.06388888888888888 0.07465277777777778
0 0.03611111111111111 0.09027777777777778 0.06944444444444445 0.1111111111111111
0 0.28680555555555554 0.7395833333333334 0.07083333333333333 0.08333333333333333
0 0.075 0.8628472222222222 0.06944444444444445 0.1076388888888889
0 0.625 0.6241319444444444 0.06666666666666667 0.109375
0 0.9173611111111111 0.5164930555555556 0.06805555555555555 0.078125
0 0.6486111111111111 0.5329861111111112 0.07222222222222222 0.09375
0 0.49375 0.4288194444444444 0.07916666666666666 0.08680555555555555
0 0.28194444444444444 0.3342013888888889 0.06666666666666667 0.08854166666666667
0 0.925 0.3463541666666667 0.09722222222222222 0.11284722222222222
1 0.8652777777777778 0.4010416666666667 0.03611111111111111 0.05555555555555555
7 0.8340277777777778 0.3506944444444444 0.05694444444444444 0.11458333333333333
7 0.7729166666666667 0.7934027777777778 0.05694444444444444 0.06944444444444445
7 0.6555555555555556 0.7239583333333334 0.08055555555555556 0.08680555555555555
1 0.13402777777777777 0.6215277777777778 0.05694444444444444 0.07291666666666667
7 0.17847222222222223 0.6362847222222222 0.034722222222222224 0.07118055555555555
7 0.02013888888888889 0.6223958333333334 0.0375 0.057291666666666664
7 0.01597222222222222 0.5807291666666666 0.029166666666666667 0.046875
7 0.019444444444444445 0.3020833333333333 0.03611111111111111 0.0625
7 0.27152777777777776 0.6501736111111112 0.043055555555555555 0.05381944444444445
7 0.16944444444444445 0.1623263888888889 0.044444444444444446 0.050347222222222224
7 0.1527777777777778 0.0546875 0.04722222222222222 0.05381944444444445
7 0.53125 0.2786458333333333 0.04027777777777778 0.057291666666666664
7 0.74375 0.0685763888888889 0.07083333333333333 0.06076388888888889
7 0.4736111111111111 0.9496527777777778 0.075 0.08333333333333333
