0 0.175 0.10503472222222222 0.08055555555555556 0.109375
0 0.05555555555555555 0.21961805555555555 0.05555555555555555 0.11284722222222222
0 0.049305555555555554 0.3576388888888889 0.06805555555555555 0.09375
0 0.2423611111111111 0.5121527777777778 0.0625 0.1076388888888889
0 0.8263888888888888 0.1753472222222222 0.07222222222222222 0.08680555555555555
0 0.9256944444444445 0.5789930555555556 0.07361111111111111 0.11631944444444445
0 0.024305555555555556 0.4835069444444444 0.04583333333333333 0.08506944444444445
0 0.64375 0.7152777777777778 0.06805555555555555 0.0625
0 0.7111111111111111 0.2300347222222222 0.05555555555555555 0.08506944444444445
1 0.2 0.6432291666666666 0.041666666666666664 0.06076388888888889
1 0.36180555555555555 0.9314236111111112 0.043055555555555555 0.06076388888888889
1 0.88125 0.7178819444444444 0.05694444444444444 0.07465277777777778
7 0.41041666666666665 0.5121527777777778 0.04861111111111111 0.0798611111111111
7 0.54375 0.78125 0.07083333333333333 0.09375
7 0.8097222222222222 0.5798611111111112 0.03611111111111111 0.04861111111111111
7 0.7368055555555556 0.3446180555555556 0.07361111111111111 0.08854166666666667
7 0.5965277777777778 0.3654513888888889 0.06805555555555555 0.09895833333333333
7 0.1597222222222222 0.5425347222222222 0.05555555555555555 0.06770833333333333
7 0.03263888888888889 0.6024305555555556 0.0625 0.09375
7 0.26875 0.7725694444444444 0.06805555555555555 0.08333333333333333
7 0.4534722222222222 0.4184027777777778 0.04861111111111111 0.0625
7 0.2048611111111111 0.4557291666666667 0.043055555555555555 0.05381944444444445
1 0.015277777777777777 0.18663194444444445 0.027777777777777776 0.06076388888888889
7 0.013888888888888888 0.15104166666666666 0.025 0.052083333333333336
7 0.5451388888888888 0.3524305555555556 0.04861111111111111 0.0625
7 0.8006944444444445 0.3654513888888889 0.03194444444444444 0.036458333333333336
7 0.8930555555555556 0.4956597222222222 0.041666666666666664 0.046875
7 0.9881944444444445 0.7881944444444444 0.02361111111111111 0.09375
7 0.875 0.6588541666666666 0.03888888888888889 0.046875
7 0.7381944444444445 0.9470486111111112 0.04027777777777778 0.06076388888888889
7 0.48125 0.8237847222222222 0.04027777777777778 0.06076388888888889
7 0.37569444444444444 0.18836805555555555 0.05138888888888889 0.057291666666666664
7 0.2722222222222222 0.09635416666666667 0.03611111111111111 0.050347222222222224
7 0.6451388888888889 0.07552083333333333 0.043055555555555555 0.057291666666666664
7 0.21319444444444444 0.23958333333333334 0.034722222222222224 0.041666666666666664
