1 0.03263888888888889 0.2456597222222222 0.05138888888888889 0.06076388888888889
1 0.19166666666666668 0.1736111111111111 0.05277777777777778 0.07291666666666667
1 0.2548611111111111 0.1423611111111111 0.05416666666666667 0.06944444444444445
1 0.31319444444444444 0.0763888888888889 0.043055555555555555 0.059027777777777776
1 0.37222222222222223 0.03819444444444445 0.05277777777777778 0.059027777777777776
1 0.42291666666666666 0.1605902777777778 0.05694444444444444 0.0642361111111111
1 0.5555555555555556 0.059895833333333336 0.05 0.06076388888888889
1 0.5583333333333333 0.12413194444444445 0.05 0.06770833333333333
1 0.4534722222222222 0.058159722222222224 0.05138888888888889 0.057291666666666664
1 0.030555555555555555 0.5234375 0.04722222222222222 0.0642361111111111
1 0.1763888888888889 0.3923611111111111 0.05 0.06597222222222222
1 0.2923611111111111 0.3307291666666667 0.05694444444444444 0.07465277777777778
1 0.4513888888888889 0.3315972222222222 0.05277777777777778 0.0625
1 0.35 0.4826388888888889 0.04722222222222222 0.05555555555555555
1 0.3298611111111111 0.5364583333333334 0.04583333333333333 0.0625
1 0.4666666666666667 0.5625 0.04722222222222222 0.0625
1 0.3923611111111111 0.4427083333333333 0.04583333333333333 0.06597222222222222
1 0.6590277777777778 0.1831597222222222 0.05416666666666667 0.078125
1 0.8916666666666667 0.14930555555555555 0.05277777777777778 0.06944444444444445
1 0.8201388888888889 0.16927083333333334 0.04861111111111111 0.057291666666666664
1 0.7215277777777778 0.2578125 0.04861111111111111 0.06770833333333333
1 0.7743055555555556 0.3411458333333333 0.043055555555555555 0.05381944444444445
1 0.6513888888888889 0.3472222222222222 0.03888888888888889 0.05555555555555555
1 0.7180555555555556 0.4548611111111111 0.05277777777777778 0.06944444444444445
1 0.7736111111111111 0.5425347222222222 0.04722222222222222 0.05381944444444445
1 0.7847222222222222 0.7465277777777778 0.05 0.06944444444444445
1 0.6784722222222223 0.9279513888888888 0.04861111111111111 0.057291666666666664
1 0.7034722222222223 0.8567708333333334 0.04861111111111111 0.057291666666666664
1 0.6576388888888889 0.7387152777777778 0.05416666666666667 0.057291666666666664
1 0.48125 0.9496527777777778 0.04583333333333333 0.0625
1 0.8881944444444444 0.7543402777777778 0.04861111111111111 0.0642361111111111
1 0.9736111111111111 0.3272569444444444 0.05 0.07118055555555555
1 0.9319444444444445 0.24913194444444445 0.041666666666666664 0.0642361111111111
1 0.9131944444444444 0.6675347222222222 0.05416666666666667 0.06076388888888889
1 0.9777777777777777 0.7534722222222222 0.044444444444444446 0.06597222222222222
1 0.9229166666666667 0.8741319444444444 0.05138888888888889 0.06770833333333333
