1 0.03819444444444445 0.11371527777777778 0.04583333333333333 0.06076388888888889
1 0.1840277777777778 0.234375 0.043055555555555555 0.059027777777777776
1 0.12361111111111112 0.2751736111111111 0.044444444444444446 0.06076388888888889
1 0.2673611111111111 0.2847222222222222 0.05416666666666667 0.0625
1 0.3770833333333333 0.19791666666666666 0.04027777777777778 0.059027777777777776
1 0.34097222222222223 0.3645833333333333 0.05416666666666667 0.06944444444444445
1 0.15486111111111112 0.3359375 0.043055555555555555 0.050347222222222224
1 0.021527777777777778 0.4375 0.04027777777777778 0.052083333333333336
1 0.17777777777777778 0.4001736111111111 0.044444444444444446 0.05381944444444445
1 0.07222222222222222 0.4375 0.058333333333333334 0.05555555555555555
1 0.06944444444444445 0.5815972222222222 0.05555555555555555 0.06597222222222222
1 0.21875 0.6440972222222222 0.04861111111111111 0.06944444444444445
1 0.32083333333333336 0.5494791666666666 0.04722222222222222 0.06770833333333333
1 0.2861111111111111 0.7690972222222222 0.044444444444444446 0.059027777777777776
1 0.3659722222222222 0.8246527777777778 0.05138888888888889 0.059027777777777776
1 0.6041666666666666 0.8559027777777778 0.04722222222222222 0.0625
1 0.6340277777777777 0.9244791666666666 0.04027777777777778 0.05381944444444445
1 0.7159722222222222 0.8888888888888888 0.059722222222222225 0.07291666666666667
1 0.775 0.7986111111111112 0.05 0.059027777777777776
1 0.7298611111111111 0.6822916666666666 0.04027777777777778 0.0625
1 0.5152777777777777 0.7473958333333334 0.05555555555555555 0.0642361111111111
1 0.4722222222222222 0.6493055555555556 0.04722222222222222 0.06597222222222222
1 0.4673611111111111 0.4652777777777778 0.043055555555555555 0.05555555555555555
1 0.5305555555555556 0.3489583333333333 0.05277777777777778 0.059027777777777776
1 0.6326388888888889 0.46875 0.05694444444444444 0.07291666666666667
1 0.6826388888888889 0.5633680555555556 0.05138888888888889 0.0642361111111111
1 0.6034722222222222 0.1362847222222222 0.043055555555555555 0.057291666666666664
1 0.6076388888888888 0.21006944444444445 0.05694444444444444 0.06944444444444445
1 0.7243055555555555 0.05555555555555555 0.05694444444444444 0.07291666666666667
1 0.7944444444444444 0.052083333333333336 0.04722222222222222 0.059027777777777776
1 0.7104166666666667 0.2048611111111111 0.05138888888888889 0.059027777777777776
1 0.8673611111111111 0.3420138888888889 0.04583333333333333 0.059027777777777776
1 0.7576388888888889 0.3923611111111111 0.04861111111111111 0.052083333333333336
1 0.7715277777777778 0.5434027777777778 0.043055555555555555 0.052083333333333336
1 0.8048611111111111 0.5972222222222222 0.043055555555555555 0.0625
1 0.9756944444444444 0.5737847222222222 0.04027777777777778 0.07118055555555555
1 0.9145833333333333 0.5355902777777778 0.043055555555555555 0.057291666666666664
