1 0.09583333333333334 0.0703125 0.05277777777777778 0.0642361111111111
1 0.09722222222222222 0.21006944444444445 0.05 0.0625
1 0.07847222222222222 0.3090277777777778 0.04861111111111111 0.0625
1 0.14305555555555555 0.4392361111111111 0.05555555555555555 0.06944444444444445
1 0.23680555555555555 0.0920138888888889 0.05138888888888889 0.06597222222222222
1 0.3645833333333333 0.034722222222222224 0.04861111111111111 0.06597222222222222
1 0.46458333333333335 0.09375 0.04861111111111111 0.0625
1 0.3861111111111111 0.2309027777777778 0.05277777777777778 0.07291666666666667
1 0.26319444444444445 0.4253472222222222 0.04583333333333333 0.05555555555555555
1 0.20277777777777778 0.4427083333333333 0.041666666666666664 0.05555555555555555
1 0.2916666666666667 0.5190972222222222 0.05277777777777778 0.0625
1 0.05486111111111111 0.734375 0.05416666666666667 0.0625
1 0.26805555555555555 0.7604166666666666 0.044444444444444446 0.05555555555555555
1 0.3659722222222222 0.6319444444444444 0.04583333333333333 0.059027777777777776
1 0.33958333333333335 0.7847222222222222 0.05416666666666667 0.06597222222222222
1 0.46597222222222223 0.6041666666666666 0.05694444444444444 0.07291666666666667
1 0.5652777777777778 0.3559027777777778 0.05555555555555555 0.06597222222222222
1 0.47291666666666665 0.4401041666666667 0.05138888888888889 0.06076388888888889
1 0.5722222222222222 0.6015625 0.05277777777777778 0.0642361111111111
1 0.5972222222222222 0.7569444444444444 0.05 0.06597222222222222
1 0.6951388888888889 0.6440972222222222 0.043055555555555555 0.06597222222222222
1 0.7506944444444444 0.6501736111111112 0.04861111111111111 0.06770833333333333
1 0.8534722222222222 0.5824652777777778 0.05694444444444444 0.0642361111111111
1 0.8486111111111111 0.4895833333333333 0.05277777777777778 0.05555555555555555
1 0.5770833333333333 0.21788194444444445 0.05138888888888889 0.07118055555555555
1 0.6840277777777778 0.3090277777777778 0.05694444444444444 0.0763888888888889
1 0.6409722222222223 0.21354166666666666 0.04583333333333333 0.06597222222222222
1 0.675 0.1840277777777778 0.044444444444444446 0.059027777777777776
1 0.7645833333333333 0.06510416666666667 0.0625 0.05381944444444445
1 0.7354166666666667 0.2421875 0.04583333333333333 0.057291666666666664
1 0.9277777777777778 0.0720486111111111 0.05277777777777778 0.0642361111111111
1 0.7673611111111112 0.3090277777777778 0.04583333333333333 0.059027777777777776
