0 0.11458333333333333 0.035590277777777776 0.07916666666666666 0.06770833333333333
0 0.15694444444444444 0.1684027777777778 0.07222222222222222 0.09375
0 0.21944444444444444 0.17447916666666666 0.07222222222222222 0.109375
0 0.5319444444444444 0.06163194444444445 0.07222222222222222 0.09895833333333333
0 0.63125 0.3133680555555556 0.07083333333333333 0.0920138888888889
0 0.5715277777777777 0.4314236111111111 0.0763888888888889 0.0920138888888889
0 0.7041666666666667 0.3498263888888889 0.08333333333333333 0.0954861111111111
0 0.8666666666666667 0.08072916666666667 0.07222222222222222 0.0920138888888889
0 0.9194444444444444 0.5243055555555556 0.07222222222222222 0.10416666666666667
0 0.5118055555555555 0.7717013888888888 0.07361111111111111 0.09895833333333333
1 0.3902777777777778 0.030381944444444444 0.06388888888888888 0.057291666666666664
1 0.6465277777777778 0.03993055555555555 0.04861111111111111 0.06597222222222222
1 0.40555555555555556 0.3550347222222222 0.044444444444444446 0.0642361111111111
1 0.3819444444444444 0.4800347222222222 0.05555555555555555 0.07465277777777778
0 0.020833333333333332 0.5755208333333334 0.03888888888888889 0.09895833333333333
1 0.8881944444444444 0.6015625 0.04861111111111111 0.06076388888888889
7 0.40625 0.796875 0.05138888888888889 0.09027777777777778
7 0.17847222222222223 0.2543402777777778 0.0763888888888889 0.07465277777777778
7 0.18819444444444444 0.3072916666666667 0.0625 0.06944444444444445
7 0.19583333333333333 0.3819444444444444 0.05555555555555555 0.06597222222222222
7 0.4888888888888889 0.3298611111111111 0.06111111111111111 0.0763888888888889
7 0.9645833333333333 0.3003472222222222 0.0625 0.08333333333333333
7 0.9597222222222223 0.1657986111111111 0.06111111111111111 0.0920138888888889
7 0.9520833333333333 0.4357638888888889 0.04861111111111111 0.04861111111111111
7 0.5875 0.5225694444444444 0.041666666666666664 0.05555555555555555
