0 0.6388888888888888 0.2760416666666667 0.06388888888888888 0.07291666666666667
0 0.47430555555555554 0.6310763888888888 0.0763888888888889 0.07465277777777778
0 0.17152777777777778 0.28125 0.07361111111111111 0.09375
0 0.16111111111111112 0.5199652777777778 0.07777777777777778 0.09895833333333333
0 0.9291666666666667 0.18489583333333334 0.06388888888888888 0.0920138888888889
0 0.05277777777777778 0.3116319444444444 0.07222222222222222 0.078125
0 0.5597222222222222 0.5034722222222222 0.06388888888888888 0.08333333333333333
0 0.9159722222222222 0.6527777777777778 0.06805555555555555 0.10069444444444445
0 0.2798611111111111 0.1892361111111111 0.059722222222222225 0.09375
7 0.7944444444444444 0.3411458333333333 0.06388888888888888 0.078125
7 0.7826388888888889 0.6892361111111112 0.0625 0.08680555555555555
0 0.9763888888888889 0.5364583333333334 0.04722222222222222 0.08680555555555555
0 0.9722222222222222 0.7022569444444444 0.05555555555555555 0.08854166666666667
7 0.12430555555555556 0.6397569444444444 0.05694444444444444 0.0920138888888889
0 0.034027777777777775 0.8654513888888888 0.06527777777777778 0.1545138888888889
7 0.03263888888888889 0.025173611111111112 0.04861111111111111 0.046875
7 0.6645833333333333 0.4184027777777778 0.06805555555555555 0.07291666666666667
