0 0.44513888888888886 0.2300347222222222 0.06527777777777778 0.0954861111111111
0 0.8201388888888889 0.4184027777777778 0.07083333333333333 0.0763888888888889
0 0.6958333333333333 0.5095486111111112 0.06388888888888888 0.10243055555555555
0 0.5069444444444444 0.75 0.07222222222222222 0.08680555555555555
0 0.3423611111111111 0.796875 0.08472222222222223 0.0763888888888889
0 0.2652777777777778 0.9166666666666666 0.06388888888888888 0.1111111111111111
0 0.10555555555555556 0.9296875 0.06666666666666667 0.09895833333333333
0 0.12569444444444444 0.7630208333333334 0.07083333333333333 0.11631944444444445
0 0.06597222222222222 0.7213541666666666 0.07916666666666666 0.08506944444444445
0 0.9763888888888889 0.8776041666666666 0.04722222222222222 0.109375
0 0.9784722222222222 0.4418402777777778 0.043055555555555555 0.08854166666666667
0 0.5534722222222223 0.022569444444444444 0.05694444444444444 0.041666666666666664
0 0.88125 0.9097222222222222 0.05416666666666667 0.0798611111111111
1 0.13958333333333334 0.5329861111111112 0.05138888888888889 0.0625
1 0.8680555555555556 0.5460069444444444 0.05 0.06770833333333333
1 0.475 0.8446180555555556 0.04722222222222222 0.06076388888888889
1 0.5743055555555555 0.9722222222222222 0.05138888888888889 0.04513888888888889
7 0.041666666666666664 0.421875 0.06388888888888888 0.13194444444444445
7 0.14375 0.40625 0.04583333333333333 0.08333333333333333
7 0.4375 0.7673611111111112 0.06111111111111111 0.0798611111111111
7 0.5152777777777777 0.6171875 0.04722222222222222 0.06076388888888889
7 0.6048611111111111 0.2282986111111111 0.13194444444444445 0.1371527777777778
7 0.7854166666666667 0.2942708333333333 0.0375 0.050347222222222224
7 0.9048611111111111 0.3741319444444444 0.0625 0.11284722222222222
7 0.9868055555555556 0.71875 0.02638888888888889 0.06597222222222222
7 0.7069444444444445 0.042534722222222224 0.03888888888888889 0.05381944444444445
