0 0.1388888888888889 0.1675347222222222 0.07222222222222222 0.10243055555555555
0 0.3055555555555556 0.4861111111111111 0.08055555555555556 0.09375
0 0.39375 0.5607638888888888 0.08194444444444444 0.09375
7 0.70625 0.5364583333333334 0.07361111111111111 0.09027777777777778
0 0.6159722222222223 0.0703125 0.0625 0.0920138888888889
0 0.6673611111111111 0.0920138888888889 0.06527777777777778 0.0798611111111111
0 0.6381944444444444 0.1657986111111111 0.08194444444444444 0.08159722222222222
0 0.28541666666666665 0.7543402777777778 0.06527777777777778 0.08506944444444445
0 0.34930555555555554 0.8168402777777778 0.06805555555555555 0.07118055555555555
0 0.5090277777777777 0.5234375 0.07916666666666666 0.0920138888888889
0 0.4409722222222222 0.4809027777777778 0.05138888888888889 0.06944444444444445
0 0.17569444444444443 0.5763888888888888 0.059722222222222225 0.0763888888888889
0 0.5965277777777778 0.8038194444444444 0.07916666666666666 0.09722222222222222
0 0.8430555555555556 0.8880208333333334 0.08055555555555556 0.08159722222222222
0 0.8791666666666667 0.9539930555555556 0.06388888888888888 0.0920138888888889
0 0.7854166666666667 0.4713541666666667 0.07083333333333333 0.10243055555555555
0 0.21666666666666667 0.4939236111111111 0.08055555555555556 0.08506944444444445
0 0.3472222222222222 0.9513888888888888 0.06666666666666667 0.08680555555555555
1 0.06875 0.625 0.05416666666666667 0.06597222222222222
1 0.9159722222222222 0.3741319444444444 0.059722222222222225 0.07118055555555555
7 0.10486111111111111 0.2586805555555556 0.08472222222222223 0.13194444444444445
7 0.3451388888888889 0.018229166666666668 0.06527777777777778 0.03298611111111111
7 0.6555555555555556 0.2378472222222222 0.07777777777777778 0.09375
7 0.8145833333333333 0.3923611111111111 0.07916666666666666 0.14583333333333334
7 0.7909722222222222 0.5685763888888888 0.09861111111111111 0.08159722222222222
7 0.9784722222222222 0.5772569444444444 0.04027777777777778 0.06770833333333333
7 0.9777777777777777 0.7682291666666666 0.044444444444444446 0.09895833333333333
7 0.6256944444444444 0.9505208333333334 0.0763888888888889 0.08506944444444445
7 0.7902777777777777 0.9800347222222222 0.058333333333333334 0.03993055555555555
