1 0.06041666666666667 0.0720486111111111 0.043055555555555555 0.06076388888888889
1 0.1125 0.1814236111111111 0.044444444444444446 0.06076388888888889
1 0.06875 0.2630208333333333 0.05138888888888889 0.06076388888888889
1 0.1527777777777778 0.3776041666666667 0.058333333333333334 0.0642361111111111
1 0.4166666666666667 0.2621527777777778 0.044444444444444446 0.0625
1 0.51875 0.1605902777777778 0.05694444444444444 0.06076388888888889
1 0.5805555555555556 0.1623263888888889 0.044444444444444446 0.06076388888888889
1 0.5138888888888888 0.21961805555555555 0.05 0.05381944444444445
1 0.02361111111111111 0.4513888888888889 0.044444444444444446 0.05555555555555555
1 0.029861111111111113 0.5520833333333334 0.04861111111111111 0.0625
1 0.2388888888888889 0.5555555555555556 0.05277777777777778 0.07291666666666667
1 0.21666666666666667 0.8619791666666666 0.05 0.06770833333333333
1 0.3236111111111111 0.7178819444444444 0.05555555555555555 0.06770833333333333
1 0.4736111111111111 0.5147569444444444 0.05 0.050347222222222224
1 0.56875 0.3949652777777778 0.05138888888888889 0.057291666666666664
1 0.8604166666666667 0.24131944444444445 0.05138888888888889 0.0798611111111111
1 0.7131944444444445 0.5190972222222222 0.04583333333333333 0.059027777777777776
1 0.5 0.7118055555555556 0.05277777777777778 0.059027777777777776
1 0.6097222222222223 0.6423611111111112 0.05277777777777778 0.0625
1 0.6069444444444444 0.7335069444444444 0.05277777777777778 0.0642361111111111
1 0.6590277777777778 0.7135416666666666 0.04861111111111111 0.052083333333333336
1 0.7319444444444444 0.5980902777777778 0.05555555555555555 0.0642361111111111
1 0.9027777777777778 0.3706597222222222 0.05277777777777778 0.06770833333333333
1 0.1840277777777778 0.6388888888888888 0.04861111111111111 0.05555555555555555
1 0.05416666666666667 0.3810763888888889 0.05277777777777778 0.06770833333333333
1 0.10555555555555556 0.328125 0.04722222222222222 0.05555555555555555
1 0.1597222222222222 0.7743055555555556 0.044444444444444446 0.06944444444444445
1 0.13194444444444445 0.8819444444444444 0.04722222222222222 0.0625
1 0.16597222222222222 0.9539930555555556 0.05416666666666667 0.06076388888888889
1 0.2902777777777778 0.9418402777777778 0.06111111111111111 0.06770833333333333
1 0.46041666666666664 0.8897569444444444 0.05138888888888889 0.05381944444444445
1 0.6388888888888888 0.8576388888888888 0.044444444444444446 0.0625
1 0.6180555555555556 0.9592013888888888 0.04722222222222222 0.057291666666666664
1 0.8701388888888889 0.6215277777777778 0.05694444444444444 0.0625
