1 0.06666666666666667 0.21875 0.04722222222222222 0.0625
1 0.0798611111111111 0.3567708333333333 0.059722222222222225 0.08159722222222222
1 0.08402777777777778 0.46875 0.05138888888888889 0.06597222222222222
1 0.035416666666666666 0.7361111111111112 0.04583333333333333 0.059027777777777776
1 0.06527777777777778 0.9036458333333334 0.04722222222222222 0.057291666666666664
1 0.3 0.8272569444444444 0.05 0.06770833333333333
1 0.3138888888888889 0.6362847222222222 0.05277777777777778 0.07118055555555555
1 0.5013888888888889 0.6657986111111112 0.05555555555555555 0.06770833333333333
1 0.3888888888888889 0.5590277777777778 0.05277777777777778 0.0625
1 0.21458333333333332 0.23958333333333334 0.05138888888888889 0.05555555555555555
1 0.2673611111111111 0.2126736111111111 0.05694444444444444 0.0642361111111111
1 0.2798611111111111 0.0685763888888889 0.05694444444444444 0.06770833333333333
1 0.5381944444444444 0.0798611111111111 0.05694444444444444 0.06944444444444445
1 0.5923611111111111 0.16319444444444445 0.05694444444444444 0.05555555555555555
1 0.53125 0.2222222222222222 0.05138888888888889 0.06597222222222222
1 0.4597222222222222 0.19791666666666666 0.05555555555555555 0.052083333333333336
1 0.44722222222222224 0.09114583333333333 0.04722222222222222 0.057291666666666664
1 0.7305555555555555 0.11197916666666667 0.05555555555555555 0.057291666666666664
1 0.8965277777777778 0.09027777777777778 0.05694444444444444 0.06944444444444445
1 0.9638888888888889 0.16666666666666666 0.05555555555555555 0.06944444444444445
1 0.9125 0.2465277777777778 0.044444444444444446 0.059027777777777776
1 0.8506944444444444 0.3098958333333333 0.043055555555555555 0.07118055555555555
1 0.6673611111111111 0.3854166666666667 0.04583333333333333 0.06597222222222222
1 0.7131944444444445 0.4149305555555556 0.04861111111111111 0.06597222222222222
1 0.9159722222222222 0.4730902777777778 0.043055555555555555 0.06076388888888889
1 0.825 0.4904513888888889 0.04722222222222222 0.06076388888888889
1 0.7618055555555555 0.6024305555555556 0.043055555555555555 0.052083333333333336
1 0.7638888888888888 0.8845486111111112 0.05555555555555555 0.0642361111111111
1 0.8645833333333334 0.8567708333333334 0.04861111111111111 0.06770833333333333
1 0.6583333333333333 0.8706597222222222 0.04722222222222222 0.06076388888888889
