1 0.1076388888888889 0.1284722222222222 0.04861111111111111 0.05555555555555555
1 0.3506944444444444 0.1154513888888889 0.059722222222222225 0.078125
1 0.6305555555555555 0.10677083333333333 0.05555555555555555 0.07118055555555555
1 0.5527777777777778 0.3454861111111111 0.04722222222222222 0.07291666666666667
1 0.5041666666666667 0.3307291666666667 0.05 0.06770833333333333
1 0.09375 0.3211805555555556 0.05694444444444444 0.0625
1 0.26666666666666666 0.6892361111111112 0.05277777777777778 0.06597222222222222
1 0.36041666666666666 0.6388888888888888 0.05138888888888889 0.0625
1 0.1527777777777778 0.7282986111111112 0.05 0.06770833333333333
1 0.10694444444444444 0.84375 0.04722222222222222 0.0625
1 0.37777777777777777 0.7673611111111112 0.041666666666666664 0.059027777777777776
1 0.5118055555555555 0.5703125 0.04583333333333333 0.06770833333333333
1 0.5743055555555555 0.484375 0.04583333333333333 0.0625
1 0.5159722222222223 0.65625 0.05416666666666667 0.06944444444444445
1 0.5020833333333333 0.8506944444444444 0.04861111111111111 0.06597222222222222
1 0.7236111111111111 0.6892361111111112 0.058333333333333334 0.0798611111111111
1 0.6673611111111111 0.7543402777777778 0.05138888888888889 0.06770833333333333
1 0.7222222222222222 0.8602430555555556 0.05 0.05381944444444445
1 0.9701388888888889 0.7413194444444444 0.059722222222222225 0.0798611111111111
1 0.9479166666666666 0.8142361111111112 0.04861111111111111 0.052083333333333336
1 0.8305555555555556 0.7664930555555556 0.05 0.057291666666666664
1 0.3972222222222222 0.4826388888888889 0.05 0.059027777777777776
1 0.20902777777777778 0.8680555555555556 0.05416666666666667 0.059027777777777776
1 0.06875 0.7994791666666666 0.04583333333333333 0.05381944444444445
