0 0.2763888888888889 0.3472222222222222 0.06111111111111111 0.09375
0 0.29930555555555555 0.2795138888888889 0.06527777777777778 0.09027777777777778
0 0.29583333333333334 0.08333333333333333 0.07222222222222222 0.10069444444444445
0 0.9618055555555556 0.3975694444444444 0.05138888888888889 0.08680555555555555
0 0.8173611111111111 0.6449652777777778 0.059722222222222225 0.0920138888888889
0 0.7826388888888889 0.7604166666666666 0.07083333333333333 0.09722222222222222
0 0.23125 0.4930555555555556 0.0625 0.0763888888888889
0 0.22013888888888888 0.6684027777777778 0.07361111111111111 0.09375
1 0.6215277777777778 0.5078125 0.04583333333333333 0.050347222222222224
7 0.3347222222222222 0.3706597222222222 0.041666666666666664 0.057291666666666664
7 0.029861111111111113 0.3854166666666667 0.0375 0.059027777777777776
7 0.33611111111111114 0.8862847222222222 0.05 0.0642361111111111
7 0.3298611111111111 0.9296875 0.04861111111111111 0.07465277777777778
7 0.3819444444444444 0.9418402777777778 0.044444444444444446 0.06770833333333333
7 0.4951388888888889 0.4947916666666667 0.05138888888888889 0.06597222222222222
7 0.8861111111111111 0.03993055555555555 0.08888888888888889 0.0763888888888889
