1 0.10902777777777778 0.030381944444444444 0.04027777777777778 0.057291666666666664
1 0.12430555555555556 0.11024305555555555 0.04583333333333333 0.057291666666666664
1 0.23402777777777778 0.13975694444444445 0.05416666666666667 0.06076388888888889
1 0.3055555555555556 0.1519097222222222 0.05 0.06076388888888889
1 0.21319444444444444 0.3394097222222222 0.05416666666666667 0.07118055555555555
1 0.30625 0.3229166666666667 0.04861111111111111 0.0625
1 0.3798611111111111 0.3263888888888889 0.05416666666666667 0.0798611111111111
1 0.4576388888888889 0.2378472222222222 0.05416666666666667 0.0625
1 0.46319444444444446 0.3420138888888889 0.05138888888888889 0.06597222222222222
1 0.04791666666666667 0.5182291666666666 0.043055555555555555 0.057291666666666664
1 0.2763888888888889 0.4713541666666667 0.044444444444444446 0.0642361111111111
1 0.46319444444444446 0.6553819444444444 0.04861111111111111 0.06076388888888889
1 0.5625 0.5598958333333334 0.04722222222222222 0.0642361111111111
1 0.5534722222222223 0.6848958333333334 0.05416666666666667 0.06076388888888889
1 0.6826388888888889 0.8272569444444444 0.05416666666666667 0.06770833333333333
1 0.3472222222222222 0.7352430555555556 0.044444444444444446 0.05381944444444445
1 0.31180555555555556 0.9123263888888888 0.05416666666666667 0.057291666666666664
1 0.49444444444444446 0.7743055555555556 0.041666666666666664 0.059027777777777776
1 0.46805555555555556 0.0703125 0.05 0.05381944444444445
1 0.2513888888888889 0.0546875 0.04722222222222222 0.046875
1 0.7895833333333333 0.051215277777777776 0.04583333333333333 0.057291666666666664
1 0.91875 0.034722222222222224 0.05416666666666667 0.06597222222222222
1 0.9715277777777778 0.1779513888888889 0.05138888888888889 0.07118055555555555
1 0.8215277777777777 0.4036458333333333 0.059722222222222225 0.07465277777777778
1 0.7298611111111111 0.2977430555555556 0.05416666666666667 0.0642361111111111
1 0.05416666666666667 0.703125 0.041666666666666664 0.05555555555555555
