0 0.3875 0.4904513888888889 0.07777777777777778 0.08506944444444445
0 0.47430555555555554 0.5746527777777778 0.07916666666666666 0.09027777777777778
0 0.5930555555555556 0.5303819444444444 0.07777777777777778 0.0920138888888889
0 0.2222222222222222 0.171875 0.06666666666666667 0.10069444444444445
0 0.035416666666666666 0.7300347222222222 0.06527777777777778 0.10590277777777778
0 0.25833333333333336 0.5859375 0.058333333333333334 0.07465277777777778
0 0.3034722222222222 0.5 0.07916666666666666 0.08333333333333333
0 0.36875 0.7612847222222222 0.05694444444444444 0.08506944444444445
0 0.42986111111111114 0.8177083333333334 0.07361111111111111 0.07291666666666667
0 0.6791666666666667 0.8090277777777778 0.08055555555555556 0.09375
0 0.7840277777777778 0.5503472222222222 0.07083333333333333 0.08680555555555555
0 0.8708333333333333 0.4713541666666667 0.06944444444444445 0.09895833333333333
0 0.7409722222222223 0.2456597222222222 0.06527777777777778 0.08854166666666667
0 0.6979166666666666 0.07378472222222222 0.06527777777777778 0.09895833333333333
0 0.7534722222222222 0.09809027777777778 0.0625 0.078125
0 0.7243055555555555 0.17100694444444445 0.0763888888888889 0.10243055555555555
0 0.9256944444444445 0.8828125 0.07916666666666666 0.08159722222222222
0 0.8770833333333333 0.5711805555555556 0.07916666666666666 0.0763888888888889
0 0.9659722222222222 0.9565972222222222 0.06805555555555555 0.0763888888888889
0 0.5243055555555556 0.4913194444444444 0.04861111111111111 0.06944444444444445
1 0.15069444444444444 0.6362847222222222 0.05138888888888889 0.06770833333333333
1 0.05625 0.2109375 0.059722222222222225 0.07118055555555555
7 0.1986111111111111 0.2690972222222222 0.09166666666666666 0.13194444444444445
0 0.4284722222222222 0.022569444444444444 0.07083333333333333 0.041666666666666664
7 0.8979166666666667 0.3923611111111111 0.07083333333333333 0.1527777777777778
7 0.9868055555555556 0.3767361111111111 0.02638888888888889 0.059027777777777776
7 0.70625 0.9635416666666666 0.07361111111111111 0.059027777777777776
7 0.4125 0.9522569444444444 0.10833333333333334 0.08159722222222222
