1 0.06458333333333334 0.3923611111111111 0.04583333333333333 0.06597222222222222
1 0.2076388888888889 0.3255208333333333 0.04861111111111111 0.0642361111111111
1 0.13194444444444445 0.5026041666666666 0.044444444444444446 0.057291666666666664
1 0.14027777777777778 0.5815972222222222 0.044444444444444446 0.06597222222222222
1 0.02361111111111111 0.8489583333333334 0.03888888888888889 0.0625
1 0.09375 0.9262152777777778 0.043055555555555555 0.0642361111111111
1 0.3375 0.8767361111111112 0.041666666666666664 0.059027777777777776
1 0.4375 0.8064236111111112 0.05 0.06770833333333333
1 0.34375 0.4826388888888889 0.05138888888888889 0.06597222222222222
1 0.25555555555555554 0.030381944444444444 0.03611111111111111 0.050347222222222224
1 0.2847222222222222 0.08159722222222222 0.03888888888888889 0.05555555555555555
1 0.3798611111111111 0.051215277777777776 0.043055555555555555 0.05381944444444445
1 0.43194444444444446 0.04774305555555555 0.044444444444444446 0.057291666666666664
1 0.41041666666666665 0.1545138888888889 0.04583333333333333 0.0625
1 0.43819444444444444 0.3480902777777778 0.05138888888888889 0.0642361111111111
1 0.5347222222222222 0.5295138888888888 0.04722222222222222 0.0625
1 0.34652777777777777 0.5954861111111112 0.05138888888888889 0.05555555555555555
1 0.6986111111111111 0.21875 0.04722222222222222 0.052083333333333336
1 0.7020833333333333 0.3411458333333333 0.04583333333333333 0.05381944444444445
1 0.80625 0.4227430555555556 0.05416666666666667 0.06076388888888889
1 0.7145833333333333 0.4010416666666667 0.04583333333333333 0.04861111111111111
1 0.9354166666666667 0.6701388888888888 0.043055555555555555 0.06944444444444445
1 0.9319444444444445 0.8420138888888888 0.05555555555555555 0.06597222222222222
1 0.7229166666666667 0.75 0.05138888888888889 0.059027777777777776
1 0.46458333333333335 0.7595486111111112 0.04861111111111111 0.057291666666666664
1 0.8368055555555556 0.1657986111111111 0.04027777777777778 0.05381944444444445
