0 0.5368055555555555 0.10677083333333333 0.0625 0.0954861111111111
0 0.2652777777777778 0.03298611111111111 0.06111111111111111 0.0625
0 0.0625 0.19618055555555555 0.06944444444444445 0.1076388888888889
0 0.23125 0.5225694444444444 0.07916666666666666 0.09027777777777778
0 0.3173611111111111 0.6006944444444444 0.07916666666666666 0.08333333333333333
0 0.4340277777777778 0.5598958333333334 0.0763888888888889 0.0954861111111111
0 0.3597222222222222 0.5208333333333334 0.05555555555555555 0.06944444444444445
0 0.09375 0.6171875 0.059722222222222225 0.07118055555555555
0 0.14097222222222222 0.53125 0.08194444444444444 0.08680555555555555
0 0.20694444444444443 0.7960069444444444 0.06111111111111111 0.078125
0 0.2701388888888889 0.8602430555555556 0.07083333333333333 0.07465277777777778
7 0.63125 0.5798611111111112 0.06805555555555555 0.08333333333333333
0 0.5888888888888889 0.13368055555555555 0.06666666666666667 0.0798611111111111
0 0.5604166666666667 0.2048611111111111 0.08194444444444444 0.09027777777777778
7 0.7131944444444445 0.5104166666666666 0.07916666666666666 0.1111111111111111
0 0.9131944444444444 0.8098958333333334 0.07083333333333333 0.08506944444444445
0 0.7673611111111112 0.9262152777777778 0.08194444444444444 0.08159722222222222
0 0.5125 0.8480902777777778 0.07777777777777778 0.0920138888888889
1 0.8340277777777778 0.4192708333333333 0.05694444444444444 0.0642361111111111
0 0.5743055555555555 0.2847222222222222 0.06805555555555555 0.0763888888888889
7 0.03888888888888889 0.3003472222222222 0.075 0.14583333333333334
7 0.7291666666666666 0.4340277777777778 0.08055555555555556 0.1423611111111111
7 0.7131944444444445 0.6128472222222222 0.09583333333333334 0.08680555555555555
7 0.8020833333333334 0.9704861111111112 0.059722222222222225 0.041666666666666664
