0 0.24375 0.1267361111111111 0.06805555555555555 0.09027777777777778
0 0.2965277777777778 0.16666666666666666 0.06527777777777778 0.09375
0 0.24444444444444444 0.2699652777777778 0.06944444444444445 0.0920138888888889
0 0.20625 0.3984375 0.07083333333333333 0.078125
0 0.2465277777777778 0.5217013888888888 0.06527777777777778 0.0954861111111111
0 0.31875 0.5147569444444444 0.07083333333333333 0.11284722222222222
0 0.09444444444444444 0.9253472222222222 0.07222222222222222 0.09027777777777778
0 0.6875 0.12152777777777778 0.06111111111111111 0.09722222222222222
0 0.6798611111111111 0.2526041666666667 0.06527777777777778 0.08506944444444445
0 0.6208333333333333 0.4010416666666667 0.07222222222222222 0.10416666666666667
0 0.7145833333333333 0.6701388888888888 0.0625 0.08333333333333333
0 0.7972222222222223 0.7083333333333334 0.075 0.10416666666666667
0 0.6597222222222222 0.7864583333333334 0.075 0.08680555555555555
0 0.9305555555555556 0.2152777777777778 0.07222222222222222 0.1111111111111111
0 0.9694444444444444 0.421875 0.058333333333333334 0.09027777777777778
0 0.9722222222222222 0.2751736111111111 0.05555555555555555 0.0954861111111111
1 0.4708333333333333 0.8237847222222222 0.05555555555555555 0.06770833333333333
1 0.9652777777777778 0.9574652777777778 0.05 0.06770833333333333
7 0.30972222222222223 0.7170138888888888 0.058333333333333334 0.07291666666666667
7 0.28055555555555556 0.5963541666666666 0.07222222222222222 0.07118055555555555
7 0.16111111111111112 0.2517361111111111 0.06111111111111111 0.09722222222222222
7 0.73125 0.4079861111111111 0.05138888888888889 0.07291666666666667
7 0.5326388888888889 0.1310763888888889 0.05138888888888889 0.0642361111111111
7 0.46944444444444444 0.3862847222222222 0.05277777777777778 0.07465277777777778
7 0.5055555555555555 0.6866319444444444 0.044444444444444446 0.06076388888888889
7 0.5743055555555555 0.671875 0.07083333333333333 0.06944444444444445
7 0.29305555555555557 0.6493055555555556 0.05555555555555555 0.06597222222222222
7 0.6576388888888889 0.8888888888888888 0.05138888888888889 0.06597222222222222
7 0.9847222222222223 0.8368055555555556 0.030555555555555555 0.10069444444444445
