0 0.6152777777777778 0.09114583333333333 0.09166666666666666 0.0954861111111111
0 0.8305555555555556 0.06770833333333333 0.07222222222222222 0.09375
0 0.7388888888888889 0.3923611111111111 0.07777777777777778 0.09722222222222222
0 0.8020833333333334 0.5972222222222222 0.059722222222222225 0.08680555555555555
0 0.3 0.04861111111111111 0.08333333333333333 0.08680555555555555
0 0.024305555555555556 0.2638888888888889 0.04583333333333333 0.09375
0 0.3347222222222222 0.453125 0.05555555555555555 0.0763888888888889
0 0.08958333333333333 0.8046875 0.07916666666666666 0.08854166666666667
0 0.1951388888888889 0.8289930555555556 0.06805555555555555 0.08854166666666667
0 0.5354166666666667 0.9357638888888888 0.0763888888888889 0.10069444444444445
0 0.7451388888888889 0.9696180555555556 0.0763888888888889 0.06076388888888889
0 0.44166666666666665 0.8585069444444444 0.075 0.0954861111111111
0 0.40069444444444446 0.7916666666666666 0.0763888888888889 0.1111111111111111
0 0.4027777777777778 0.2612847222222222 0.06111111111111111 0.08159722222222222
1 0.32013888888888886 0.9314236111111112 0.043055555555555555 0.06076388888888889
0 0.6152777777777778 0.6892361111111112 0.08333333333333333 0.10416666666666667
7 0.8555555555555555 0.1423611111111111 0.05555555555555555 0.06597222222222222
7 0.2076388888888889 0.2977430555555556 0.05694444444444444 0.06770833333333333
7 0.96875 0.8888888888888888 0.043055555555555555 0.059027777777777776
