1 0.29791666666666666 0.058159722222222224 0.04583333333333333 0.06770833333333333
1 0.43680555555555556 0.09114583333333333 0.04861111111111111 0.06076388888888889
1 0.5569444444444445 0.041666666666666664 0.04722222222222222 0.059027777777777776
1 0.7583333333333333 0.12152777777777778 0.05 0.06944444444444445
1 0.9145833333333333 0.2074652777777778 0.043055555555555555 0.06770833333333333
1 0.9701388888888889 0.2769097222222222 0.05416666666666667 0.07118055555555555
1 0.9215277777777777 0.3489583333333333 0.05138888888888889 0.06944444444444445
1 0.2798611111111111 0.3567708333333333 0.04861111111111111 0.06076388888888889
1 0.33958333333333335 0.2942708333333333 0.043055555555555555 0.057291666666666664
1 0.125 0.7552083333333334 0.05555555555555555 0.08333333333333333
1 0.24097222222222223 0.6987847222222222 0.04027777777777778 0.06076388888888889
1 0.2423611111111111 0.7907986111111112 0.05416666666666667 0.06076388888888889
1 0.30416666666666664 0.8229166666666666 0.05277777777777778 0.06944444444444445
1 0.18055555555555555 0.8923611111111112 0.058333333333333334 0.06597222222222222
1 0.5208333333333334 0.7170138888888888 0.05 0.06944444444444445
1 0.5104166666666666 0.5564236111111112 0.05694444444444444 0.07465277777777778
1 0.6666666666666666 0.7413194444444444 0.04722222222222222 0.06597222222222222
1 0.7270833333333333 0.8020833333333334 0.043055555555555555 0.059027777777777776
1 0.8284722222222223 0.9053819444444444 0.05416666666666667 0.07465277777777778
1 0.43333333333333335 0.7769097222222222 0.044444444444444446 0.06076388888888889
1 0.9659722222222222 0.4600694444444444 0.05416666666666667 0.06944444444444445
