0 0.08125 0.4670138888888889 0.06805555555555555 0.11805555555555555
0 0.4125 0.3628472222222222 0.07222222222222222 0.10416666666666667
7 0.6013888888888889 0.4800347222222222 0.08611111111111111 0.0920138888888889
0 0.6034722222222222 0.17708333333333334 0.07361111111111111 0.1111111111111111
0 0.9534722222222223 0.7074652777777778 0.0625 0.0954861111111111
0 0.9361111111111111 0.8828125 0.075 0.0954861111111111
0 0.6923611111111111 0.7395833333333334 0.059722222222222225 0.09722222222222222
0 0.9784722222222222 0.5572916666666666 0.043055555555555555 0.10416666666666667
7 0.08958333333333333 0.9618055555555556 0.04861111111111111 0.059027777777777776
7 0.42291666666666666 0.4730902777777778 0.04583333333333333 0.06770833333333333
7 0.4097222222222222 0.5286458333333334 0.044444444444444446 0.06770833333333333
7 0.4284722222222222 0.5486111111111112 0.04027777777777778 0.05555555555555555
7 0.8083333333333333 0.08506944444444445 0.03888888888888889 0.052083333333333336
7 0.9069444444444444 0.08680555555555555 0.05277777777777778 0.059027777777777776
7 0.4951388888888889 0.1875 0.06527777777777778 0.1076388888888889
7 0.5048611111111111 0.3177083333333333 0.0763888888888889 0.08680555555555555
7 0.6875 0.8932291666666666 0.044444444444444446 0.057291666666666664
