0 0.21666666666666667 0.13975694444444445 0.075 0.10243055555555555
0 0.7770833333333333 0.23350694444444445 0.059722222222222225 0.0920138888888889
0 0.8180555555555555 0.11631944444444445 0.058333333333333334 0.09375
0 0.9729166666666667 0.6076388888888888 0.05416666666666667 0.1111111111111111
0 0.7375 0.5590277777777778 0.06388888888888888 0.09027777777777778
0 0.37777777777777777 0.7309027777777778 0.075 0.08333333333333333
0 0.4875 0.90625 0.06111111111111111 0.07291666666666667
0 0.21458333333333332 0.7491319444444444 0.059722222222222225 0.08506944444444445
0 0.11458333333333333 0.6545138888888888 0.0763888888888889 0.09027777777777778
0 0.4673611111111111 0.4661458333333333 0.0763888888888889 0.08159722222222222
0 0.31527777777777777 0.5199652777777778 0.07777777777777778 0.109375
1 0.4736111111111111 0.6189236111111112 0.05277777777777778 0.0642361111111111
1 0.8104166666666667 0.9019097222222222 0.04027777777777778 0.05381944444444445
7 0.2777777777777778 0.6657986111111112 0.08055555555555556 0.07118055555555555
7 0.3736111111111111 0.8940972222222222 0.06944444444444445 0.09375
7 0.8284722222222223 0.8541666666666666 0.04583333333333333 0.05555555555555555
7 0.8597222222222223 0.8298611111111112 0.03888888888888889 0.05555555555555555
7 0.38472222222222224 0.4131944444444444 0.041666666666666664 0.05555555555555555
7 0.3375 0.3524305555555556 0.05555555555555555 0.06597222222222222
7 0.3284722222222222 0.4045138888888889 0.05138888888888889 0.0625
7 0.35555555555555557 0.4748263888888889 0.03888888888888889 0.050347222222222224
7 0.5076388888888889 0.5789930555555556 0.04861111111111111 0.06076388888888889
7 0.05555555555555555 0.8307291666666666 0.08611111111111111 0.08506944444444445
7 0.03125 0.8758680555555556 0.059722222222222225 0.08506944444444445
7 0.4888888888888889 0.05555555555555555 0.1361111111111111 0.1076388888888889
7 0.35138888888888886 0.5720486111111112 0.05277777777777778 0.07118055555555555
7 0.021527777777777778 0.3289930555555556 0.04027777777777778 0.078125
