1 0.11388888888888889 0.1345486111111111 0.058333333333333334 0.06770833333333333
1 0.20972222222222223 0.3376736111111111 0.05277777777777778 0.07465277777777778
1 0.2673611111111111 0.051215277777777776 0.05694444444444444 0.06770833333333333
1 0.3215277777777778 0.13975694444444445 0.043055555555555555 0.0642361111111111
1 0.11736111111111111 0.390625 0.05416666666666667 0.06597222222222222
1 0.15069444444444444 0.4939236111111111 0.04861111111111111 0.057291666666666664
1 0.16319444444444445 0.6232638888888888 0.05416666666666667 0.0625
1 0.03125 0.8836805555555556 0.04861111111111111 0.06597222222222222
1 0.30416666666666664 0.9149305555555556 0.04722222222222222 0.059027777777777776
1 0.34652777777777777 0.90625 0.04027777777777778 0.05555555555555555
1 0.4840277777777778 0.8793402777777778 0.05694444444444444 0.0642361111111111
1 0.3194444444444444 0.4756944444444444 0.044444444444444446 0.0625
1 0.4895833333333333 0.4956597222222222 0.05694444444444444 0.06770833333333333
1 0.5965277777777778 0.4001736111111111 0.04861111111111111 0.06770833333333333
1 0.68125 0.3940972222222222 0.043055555555555555 0.059027777777777776
1 0.7166666666666667 0.4366319444444444 0.03888888888888889 0.057291666666666664
1 0.5138888888888888 0.265625 0.05555555555555555 0.06597222222222222
1 0.5166666666666667 0.1171875 0.05 0.06076388888888889
1 0.5722222222222222 0.11284722222222222 0.05555555555555555 0.0763888888888889
1 0.8743055555555556 0.4079861111111111 0.059722222222222225 0.06597222222222222
1 0.6590277777777778 0.6380208333333334 0.043055555555555555 0.05381944444444445
1 0.6263888888888889 0.8289930555555556 0.05277777777777778 0.07118055555555555
1 0.5722222222222222 0.9114583333333334 0.05555555555555555 0.06944444444444445
1 0.7388888888888889 0.7847222222222222 0.05555555555555555 0.07291666666666667
1 0.7875 0.7291666666666666 0.05555555555555555 0.06597222222222222
1 0.8458333333333333 0.6267361111111112 0.06111111111111111 0.06944444444444445
1 0.9625 0.7690972222222222 0.05277777777777778 0.06944444444444445
1 0.9180555555555555 0.9539930555555556 0.05 0.057291666666666664
1 0.8090277777777778 0.07378472222222222 0.04861111111111111 0.06076388888888889
1 0.7784722222222222 0.2126736111111111 0.043055555555555555 0.06076388888888889
