0 0.19791666666666666 0.3871527777777778 0.07361111111111111 0.1076388888888889
0 0.38680555555555557 0.6276041666666666 0.05694444444444444 0.078125
0 0.3861111111111111 0.7196180555555556 0.07222222222222222 0.0920138888888889
0 0.36944444444444446 0.8793402777777778 0.09166666666666666 0.09895833333333333
0 0.8270833333333333 0.6684027777777778 0.059722222222222225 0.0763888888888889
0 0.7527777777777778 0.8246527777777778 0.058333333333333334 0.09027777777777778
0 0.81875 0.3585069444444444 0.06805555555555555 0.08506944444444445
0 0.8416666666666667 0.2708333333333333 0.05 0.0763888888888889
0 0.9569444444444445 0.5407986111111112 0.07777777777777778 0.11631944444444445
1 0.9555555555555556 0.9375 0.05555555555555555 0.07291666666666667
1 0.43680555555555556 0.5668402777777778 0.05694444444444444 0.07118055555555555
7 0.9368055555555556 0.6953125 0.09861111111111111 0.13368055555555555
7 0.10625 0.7725694444444444 0.04861111111111111 0.059027777777777776
1 0.9854166666666667 0.8532986111111112 0.029166666666666667 0.0642361111111111
