0 0.3034722222222222 0.1440972222222222 0.06527777777777778 0.08333333333333333
0 0.6270833333333333 0.033854166666666664 0.0625 0.0642361111111111
0 0.46041666666666664 0.4722222222222222 0.10416666666666667 0.09722222222222222
0 0.8319444444444445 0.4652777777777778 0.07777777777777778 0.09027777777777778
0 0.9145833333333333 0.4140625 0.07361111111111111 0.109375
0 0.9722222222222222 0.5321180555555556 0.05277777777777778 0.08506944444444445
0 0.6847222222222222 0.9140625 0.06111111111111111 0.08854166666666667
0 0.48333333333333334 0.8133680555555556 0.07222222222222222 0.0920138888888889
0 0.37916666666666665 0.5052083333333334 0.06388888888888888 0.09375
0 0.9194444444444444 0.11371527777777778 0.06111111111111111 0.08506944444444445
0 0.14166666666666666 0.734375 0.08611111111111111 0.1284722222222222
1 0.22916666666666666 0.09895833333333333 0.05277777777777778 0.0625
1 0.5027777777777778 0.4618055555555556 0.041666666666666664 0.06597222222222222
1 0.4791666666666667 0.7578125 0.04722222222222222 0.06076388888888889
1 0.17083333333333334 0.4192708333333333 0.041666666666666664 0.057291666666666664
7 0.03680555555555556 0.0720486111111111 0.059722222222222225 0.06770833333333333
7 0.8958333333333334 0.6232638888888888 0.05555555555555555 0.0763888888888889
7 0.6027777777777777 0.9157986111111112 0.058333333333333334 0.08506944444444445
7 0.9472222222222222 0.6553819444444444 0.04722222222222222 0.0642361111111111
7 0.7472222222222222 0.1831597222222222 0.03888888888888889 0.050347222222222224
7 0.7472222222222222 0.2664930555555556 0.04722222222222222 0.0642361111111111
7 0.2798611111111111 0.6857638888888888 0.0625 0.06944444444444445
7 0.4756944444444444 0.9522569444444444 0.10694444444444444 0.08506944444444445
