1 0.24305555555555555 0.03298611111111111 0.04722222222222222 0.0625
1 0.08958333333333333 0.08940972222222222 0.04861111111111111 0.057291666666666664
1 0.48680555555555555 0.1935763888888889 0.05138888888888889 0.07118055555555555
1 0.42569444444444443 0.2526041666666667 0.0625 0.078125
1 0.2833333333333333 0.2708333333333333 0.058333333333333334 0.0625
1 0.2722222222222222 0.3993055555555556 0.05555555555555555 0.059027777777777776
1 0.4173611111111111 0.5824652777777778 0.059722222222222225 0.08159722222222222
1 0.14305555555555555 0.7682291666666666 0.041666666666666664 0.046875
1 0.3034722222222222 0.7569444444444444 0.05138888888888889 0.0625
1 0.2902777777777778 0.8567708333333334 0.058333333333333334 0.06770833333333333
1 0.3854166666666667 0.765625 0.04861111111111111 0.0625
1 0.4548611111111111 0.7855902777777778 0.04583333333333333 0.057291666666666664
1 0.46805555555555556 0.8576388888888888 0.04722222222222222 0.059027777777777776
1 0.5076388888888889 0.9644097222222222 0.05694444444444444 0.057291666666666664
1 0.5604166666666667 0.7265625 0.04861111111111111 0.07118055555555555
1 0.6951388888888889 0.8107638888888888 0.06805555555555555 0.0763888888888889
1 0.9034722222222222 0.8819444444444444 0.05416666666666667 0.0625
1 0.8520833333333333 0.7473958333333334 0.05416666666666667 0.06770833333333333
1 0.91875 0.5972222222222222 0.059722222222222225 0.07291666666666667
1 0.9527777777777777 0.46875 0.058333333333333334 0.0625
1 0.8006944444444445 0.3854166666666667 0.04861111111111111 0.0625
1 0.7715277777777778 0.20052083333333334 0.05138888888888889 0.07118055555555555
1 0.7006944444444444 0.19791666666666666 0.05138888888888889 0.06944444444444445
1 0.6020833333333333 0.2795138888888889 0.05416666666666667 0.06597222222222222
1 0.5513888888888889 0.03993055555555555 0.04722222222222222 0.059027777777777776
1 0.5166666666666667 0.5694444444444444 0.04722222222222222 0.059027777777777776
1 0.5784722222222223 0.3706597222222222 0.06527777777777778 0.06770833333333333
