1 0.09444444444444444 0.04513888888888889 0.05555555555555555 0.06597222222222222
1 0.37083333333333335 0.1076388888888889 0.058333333333333334 0.059027777777777776
1 0.2361111111111111 0.3038194444444444 0.05 0.06944444444444445
1 0.5131944444444444 0.2829861111111111 0.05138888888888889 0.07291666666666667
1 0.3958333333333333 0.4296875 0.05 0.06076388888888889
1 0.3263888888888889 0.7352430555555556 0.05277777777777778 0.06076388888888889
1 0.47152777777777777 0.7447916666666666 0.05694444444444444 0.07291666666666667
1 0.24305555555555555 0.8255208333333334 0.04722222222222222 0.057291666666666664
1 0.18055555555555555 0.6501736111111112 0.05555555555555555 0.07118055555555555
1 0.8291666666666667 0.6467013888888888 0.058333333333333334 0.06770833333333333
1 0.8319444444444445 0.1597222222222222 0.04722222222222222 0.059027777777777776
1 0.675 0.6423611111111112 0.04722222222222222 0.059027777777777776
1 0.6118055555555556 0.7005208333333334 0.05694444444444444 0.07465277777777778
