0 0.5145833333333333 0.2387152777777778 0.07916666666666666 0.0920138888888889
0 0.14166666666666666 0.4713541666666667 0.06388888888888888 0.10243055555555555
0 0.24791666666666667 0.6102430555555556 0.07083333333333333 0.11284722222222222
0 0.3875 0.6840277777777778 0.06111111111111111 0.09722222222222222
0 0.20277777777777778 0.7925347222222222 0.06388888888888888 0.0920138888888889
0 0.04027777777777778 0.6137152777777778 0.06111111111111111 0.078125
0 0.7479166666666667 0.12413194444444445 0.059722222222222225 0.10243055555555555
0 0.7729166666666667 0.1814236111111111 0.0625 0.078125
0 0.3576388888888889 0.8246527777777778 0.0763888888888889 0.1284722222222222
0 0.9 0.75 0.06111111111111111 0.11805555555555555
0 0.89375 0.9487847222222222 0.0625 0.08854166666666667
0 0.5527777777777778 0.4600694444444444 0.058333333333333334 0.0798611111111111
0 0.9173611111111111 0.2482638888888889 0.09027777777777778 0.11458333333333333
1 0.6722222222222223 0.3255208333333333 0.04722222222222222 0.0642361111111111
7 0.17291666666666666 0.7482638888888888 0.0375 0.052083333333333336
7 0.24097222222222223 0.4704861111111111 0.034722222222222224 0.05555555555555555
7 0.2777777777777778 0.4661458333333333 0.05555555555555555 0.06770833333333333
7 0.36736111111111114 0.022569444444444444 0.043055555555555555 0.041666666666666664
1 0.58125 0.0685763888888889 0.04861111111111111 0.06770833333333333
7 0.46041666666666664 0.1371527777777778 0.04583333333333333 0.0798611111111111
7 0.6888888888888889 0.4861111111111111 0.05555555555555555 0.07291666666666667
7 0.7326388888888888 0.7065972222222222 0.034722222222222224 0.052083333333333336
7 0.7861111111111111 0.890625 0.06388888888888888 0.0798611111111111
7 0.5208333333333334 0.8472222222222222 0.03888888888888889 0.04513888888888889
7 0.26805555555555555 0.2829861111111111 0.07222222222222222 0.1527777777777778
7 0.29444444444444445 0.17881944444444445 0.04722222222222222 0.04861111111111111
7 0.3770833333333333 0.3333333333333333 0.04861111111111111 0.06944444444444445
7 0.5118055555555555 0.4600694444444444 0.04027777777777778 0.052083333333333336
7 0.9618055555555556 0.08854166666666667 0.06527777777777778 0.13194444444444445
1 0.7965277777777777 0.13194444444444445 0.05416666666666667 0.06944444444444445
7 0.7979166666666667 0.0703125 0.05416666666666667 0.06076388888888889
7 0.7840277777777778 0.3220486111111111 0.034722222222222224 0.03993055555555555
7 0.9145833333333333 0.6588541666666666 0.02638888888888889 0.03993055555555555
