1 0.15138888888888888 0.12760416666666666 0.05555555555555555 0.06770833333333333
1 0.2763888888888889 0.059895833333333336 0.05277777777777778 0.06076388888888889
1 0.3597222222222222 0.034722222222222224 0.05 0.052083333333333336
1 0.5701388888888889 0.09461805555555555 0.05138888888888889 0.057291666666666664
1 0.6486111111111111 0.0798611111111111 0.05555555555555555 0.0625
1 0.6916666666666667 0.16493055555555555 0.05555555555555555 0.0625
1 0.5847222222222223 0.20225694444444445 0.058333333333333334 0.06076388888888889
1 0.96875 0.029513888888888888 0.043055555555555555 0.05555555555555555
1 0.9298611111111111 0.2048611111111111 0.04583333333333333 0.052083333333333336
1 0.6979166666666666 0.2925347222222222 0.043055555555555555 0.050347222222222224
1 0.5576388888888889 0.2838541666666667 0.05138888888888889 0.0642361111111111
1 0.37430555555555556 0.1623263888888889 0.05138888888888889 0.06076388888888889
1 0.23194444444444445 0.11458333333333333 0.05555555555555555 0.05555555555555555
1 0.21944444444444444 0.1736111111111111 0.044444444444444446 0.0625
1 0.07083333333333333 0.1545138888888889 0.044444444444444446 0.052083333333333336
1 0.029861111111111113 0.2942708333333333 0.04583333333333333 0.05381944444444445
1 0.03194444444444444 0.4895833333333333 0.044444444444444446 0.059027777777777776
1 0.18958333333333333 0.3845486111111111 0.05416666666666667 0.06076388888888889
1 0.09236111111111112 0.23958333333333334 0.043055555555555555 0.052083333333333336
1 0.47291666666666665 0.3637152777777778 0.05138888888888889 0.06076388888888889
1 0.5715277777777777 0.3993055555555556 0.05138888888888889 0.0625
1 0.675 0.4496527777777778 0.05 0.06597222222222222
1 0.7798611111111111 0.4522569444444444 0.05138888888888889 0.057291666666666664
1 0.8215277777777777 0.5529513888888888 0.05138888888888889 0.0642361111111111
1 0.9826388888888888 0.5503472222222222 0.034722222222222224 0.059027777777777776
1 0.6770833333333334 0.5789930555555556 0.05694444444444444 0.06770833333333333
1 0.5368055555555555 0.4913194444444444 0.04861111111111111 0.059027777777777776
1 0.3958333333333333 0.4800347222222222 0.044444444444444446 0.050347222222222224
1 0.23541666666666666 0.4201388888888889 0.04583333333333333 0.052083333333333336
1 0.29583333333333334 0.5963541666666666 0.041666666666666664 0.05381944444444445
1 0.4027777777777778 0.5625 0.04722222222222222 0.0625
1 0.41458333333333336 0.6302083333333334 0.05416666666666667 0.05555555555555555
1 0.6652777777777777 0.6762152777777778 0.05555555555555555 0.0642361111111111
1 0.8444444444444444 0.6631944444444444 0.044444444444444446 0.05555555555555555
1 0.8506944444444444 0.7413194444444444 0.05138888888888889 0.06944444444444445
1 0.7006944444444444 0.7595486111111112 0.043055555555555555 0.057291666666666664
1 0.6513888888888889 0.7534722222222222 0.04722222222222222 0.059027777777777776
1 0.26319444444444445 0.7673611111111112 0.059722222222222225 0.06944444444444445
1 0.3861111111111111 0.8098958333333334 0.041666666666666664 0.057291666666666664
1 0.28055555555555556 0.875 0.04722222222222222 0.06597222222222222
1 0.28541666666666665 0.9557291666666666 0.04861111111111111 0.06076388888888889
1 0.33055555555555555 0.8472222222222222 0.05 0.0625
1 0.12916666666666668 0.9001736111111112 0.05277777777777778 0.06770833333333333
1 0.5944444444444444 0.9600694444444444 0.05 0.059027777777777776
1 0.8270833333333333 0.9366319444444444 0.05416666666666667 0.07465277777777778
1 0.8902777777777777 0.9227430555555556 0.05 0.06770833333333333
1 0.9784722222222222 0.8819444444444444 0.043055555555555555 0.06597222222222222
1 0.7715277777777778 0.75 0.043055555555555555 0.05555555555555555
1 0.7965277777777777 0.6605902777777778 0.04027777777777778 0.057291666666666664
