1 0.16458333333333333 0.044270833333333336 0.059722222222222225 0.0642361111111111
1 0.13819444444444445 0.18489583333333334 0.04583333333333333 0.06076388888888889
1 0.14305555555555555 0.2743055555555556 0.041666666666666664 0.059027777777777776
1 0.4 0.1605902777777778 0.05277777777777778 0.0642361111111111
1 0.5402777777777777 0.050347222222222224 0.044444444444444446 0.0625
1 0.7034722222222223 0.125 0.059722222222222225 0.0763888888888889
1 0.8659722222222223 0.4730902777777778 0.04583333333333333 0.0642361111111111
1 0.2673611111111111 0.2977430555555556 0.05416666666666667 0.0642361111111111
1 0.17222222222222222 0.4444444444444444 0.05277777777777778 0.06944444444444445
1 0.1527777777777778 0.6909722222222222 0.04722222222222222 0.06597222222222222
1 0.2326388888888889 0.6701388888888888 0.04861111111111111 0.06944444444444445
1 0.3125 0.6727430555555556 0.05555555555555555 0.06770833333333333
1 0.07152777777777777 0.9027777777777778 0.04583333333333333 0.06597222222222222
1 0.15625 0.9184027777777778 0.04861111111111111 0.0625
1 0.3625 0.78125 0.044444444444444446 0.0625
1 0.375 0.9366319444444444 0.05 0.0642361111111111
1 0.4722222222222222 0.9236111111111112 0.05 0.0625
1 0.48194444444444445 0.796875 0.05555555555555555 0.06944444444444445
1 0.70625 0.7161458333333334 0.04583333333333333 0.078125
1 0.925 0.8715277777777778 0.05277777777777778 0.06597222222222222
1 0.7284722222222222 0.9461805555555556 0.059722222222222225 0.0625
1 0.5618055555555556 0.4097222222222222 0.043055555555555555 0.052083333333333336
1 0.41944444444444445 0.4939236111111111 0.044444444444444446 0.057291666666666664
1 0.5527777777777778 0.5763888888888888 0.041666666666666664 0.05555555555555555
1 0.5083333333333333 0.40625 0.05 0.06944444444444445
1 0.6715277777777777 0.8446180555555556 0.05694444444444444 0.0642361111111111
