0 0.24513888888888888 0.6501736111111112 0.059722222222222225 0.07118055555555555
0 0.47291666666666665 0.7291666666666666 0.05138888888888889 0.06597222222222222
0 0.7569444444444444 0.6076388888888888 0.07777777777777778 0.0798611111111111
0 0.44583333333333336 0.2560763888888889 0.05555555555555555 0.11631944444444445
0 0.6923611111111111 0.2743055555555556 0.06805555555555555 0.10416666666666667
0 0.8604166666666667 0.09288194444444445 0.07083333333333333 0.08854166666666667
0 0.9611111111111111 0.6145833333333334 0.06388888888888888 0.0798611111111111
0 0.5895833333333333 0.05381944444444445 0.07916666666666666 0.09375
7 0.3611111111111111 0.5520833333333334 0.044444444444444446 0.06944444444444445
7 0.5416666666666666 0.21788194444444445 0.04722222222222222 0.0642361111111111
7 0.6013888888888889 0.23350694444444445 0.04722222222222222 0.057291666666666664
7 0.4951388888888889 0.13802083333333334 0.05694444444444444 0.10590277777777778
7 0.5520833333333334 0.11197916666666667 0.05416666666666667 0.109375
7 0.04722222222222222 0.027777777777777776 0.06944444444444445 0.052083333333333336
7 0.1076388888888889 0.5694444444444444 0.04583333333333333 0.06944444444444445
7 0.9152777777777777 0.6918402777777778 0.08055555555555556 0.0920138888888889
7 0.9763888888888889 0.3741319444444444 0.04722222222222222 0.11284722222222222
7 0.18333333333333332 0.9461805555555556 0.03333333333333333 0.04513888888888889
