0 0.02638888888888889 0.20399305555555555 0.05 0.07465277777777778
0 0.04027777777777778 0.2829861111111111 0.07777777777777778 0.09027777777777778
0 0.2590277777777778 0.5546875 0.06805555555555555 0.08159722222222222
0 0.46597222222222223 0.4739583333333333 0.06527777777777778 0.0763888888888889
0 0.5923611111111111 0.421875 0.0763888888888889 0.08333333333333333
0 0.7423611111111111 0.3098958333333333 0.0625 0.09895833333333333
0 0.5138888888888888 0.5286458333333334 0.06944444444444445 0.08159722222222222
0 0.3888888888888889 0.7604166666666666 0.05555555555555555 0.07291666666666667
7 0.09861111111111111 0.4487847222222222 0.04722222222222222 0.06076388888888889
7 0.06041666666666667 0.3723958333333333 0.04583333333333333 0.06076388888888889
7 0.019444444444444445 0.3359375 0.03611111111111111 0.050347222222222224
7 0.15902777777777777 0.1362847222222222 0.04583333333333333 0.0642361111111111
7 0.3173611111111111 0.0876736111111111 0.05694444444444444 0.11631944444444445
7 0.3645833333333333 0.109375 0.06527777777777778 0.1076388888888889
7 0.58125 0.1293402777777778 0.04583333333333333 0.07118055555555555
7 0.016666666666666666 0.5295138888888888 0.030555555555555555 0.08333333333333333
1 0.16875 0.6432291666666666 0.05694444444444444 0.07465277777777778
7 0.2534722222222222 0.8446180555555556 0.0375 0.046875
1 0.23958333333333334 0.8932291666666666 0.059722222222222225 0.06770833333333333
7 0.5368055555555555 0.6501736111111112 0.10138888888888889 0.0920138888888889
1 0.8743055555555556 0.6657986111111112 0.04583333333333333 0.046875
1 0.8819444444444444 0.7039930555555556 0.05 0.03993055555555555
1 0.9201388888888888 0.7508680555555556 0.043055555555555555 0.05381944444444445
1 0.9083333333333333 0.6067708333333334 0.10277777777777777 0.0954861111111111
7 0.9680555555555556 0.4236111111111111 0.05 0.0625
1 0.6694444444444444 0.14756944444444445 0.05 0.07291666666666667
7 0.9451388888888889 0.03125 0.07916666666666666 0.059027777777777776
7 0.24583333333333332 0.2838541666666667 0.03611111111111111 0.043402777777777776
7 0.2986111111111111 0.027777777777777776 0.09444444444444444 0.052083333333333336
7 0.5305555555555556 0.21180555555555555 0.06944444444444445 0.07291666666666667
7 0.013194444444444444 0.08854166666666667 0.02361111111111111 0.05555555555555555
7 0.9868055555555556 0.2890625 0.02638888888888889 0.050347222222222224
