0 0.3125 0.1579861111111111 0.07222222222222222 0.0798611111111111
0 0.052083333333333336 0.1310763888888889 0.07916666666666666 0.09895833333333333
0 0.5215277777777778 0.078125 0.07083333333333333 0.0798611111111111
0 0.5694444444444444 0.1267361111111111 0.06944444444444445 0.08333333333333333
0 0.6541666666666667 0.03298611111111111 0.08055555555555556 0.0625
0 0.44375 0.3645833333333333 0.05694444444444444 0.07291666666666667
0 0.6604166666666667 0.9053819444444444 0.059722222222222225 0.08506944444444445
0 0.07708333333333334 0.7708333333333334 0.05694444444444444 0.08333333333333333
0 0.10416666666666667 0.7196180555555556 0.06666666666666667 0.07118055555555555
1 0.21875 0.23524305555555555 0.05138888888888889 0.0642361111111111
1 0.6145833333333334 0.8828125 0.04861111111111111 0.06770833333333333
7 0.30972222222222223 0.4496527777777778 0.03611111111111111 0.04513888888888889
1 0.2965277777777778 0.4956597222222222 0.0625 0.06076388888888889
7 0.14791666666666667 0.057291666666666664 0.043055555555555555 0.0625
7 0.5986111111111111 0.25 0.09722222222222222 0.0798611111111111
7 0.9604166666666667 0.1970486111111111 0.0763888888888889 0.10243055555555555
7 0.9444444444444444 0.2725694444444444 0.044444444444444446 0.052083333333333336
7 0.93125 0.3038194444444444 0.05138888888888889 0.052083333333333336
7 0.975 0.3428819444444444 0.041666666666666664 0.050347222222222224
7 0.7388888888888889 0.6128472222222222 0.041666666666666664 0.05555555555555555
7 0.37916666666666665 0.75 0.10555555555555556 0.13541666666666666
7 0.2826388888888889 0.7838541666666666 0.043055555555555555 0.06076388888888889
