0 0.23125 0.07378472222222222 0.0763888888888889 0.08854166666666667
0 0.26805555555555555 0.2048611111111111 0.06666666666666667 0.09375
0 0.3368055555555556 0.2074652777777778 0.06527777777777778 0.11284722222222222
0 0.6493055555555556 0.1076388888888889 0.07083333333333333 0.10069444444444445
0 0.7465277777777778 0.3541666666666667 0.06527777777777778 0.08333333333333333
0 0.6881944444444444 0.4730902777777778 0.0763888888888889 0.0920138888888889
0 0.8243055555555555 0.3932291666666667 0.0763888888888889 0.0954861111111111
0 0.9708333333333333 0.11631944444444445 0.058333333333333334 0.09375
0 0.11736111111111111 0.6145833333333334 0.07361111111111111 0.10069444444444445
0 0.05555555555555555 0.9088541666666666 0.08611111111111111 0.10243055555555555
0 0.6277777777777778 0.8125 0.075 0.09375
1 0.4986111111111111 0.5694444444444444 0.05555555555555555 0.06597222222222222
1 0.7604166666666666 0.08506944444444445 0.05416666666666667 0.0625
1 0.4979166666666667 0.0685763888888889 0.04861111111111111 0.06076388888888889
7 0.5291666666666667 0.3819444444444444 0.04722222222222222 0.059027777777777776
7 0.5986111111111111 0.3758680555555556 0.075 0.078125
7 0.5194444444444445 0.8307291666666666 0.05555555555555555 0.10590277777777778
7 0.016666666666666666 0.9253472222222222 0.030555555555555555 0.08333333333333333
7 0.29583333333333334 0.2925347222222222 0.06944444444444445 0.0642361111111111
7 0.30625 0.3428819444444444 0.059722222222222225 0.06770833333333333
7 0.3125 0.4227430555555556 0.058333333333333334 0.0642361111111111
7 0.4625 0.9730902777777778 0.041666666666666664 0.046875
7 0.9833333333333333 0.6432291666666666 0.03333333333333333 0.0642361111111111
7 0.7069444444444445 0.5607638888888888 0.05 0.06597222222222222
