0 0.11597222222222223 0.041666666666666664 0.05138888888888889 0.06597222222222222
0 0.08402777777777778 0.11458333333333333 0.059722222222222225 0.0798611111111111
0 0.22430555555555556 0.036458333333333336 0.07361111111111111 0.06944444444444445
0 0.3090277777777778 0.1015625 0.08194444444444444 0.08854166666666667
0 0.20347222222222222 0.296875 0.06527777777777778 0.08333333333333333
0 0.2673611111111111 0.3628472222222222 0.07083333333333333 0.06944444444444445
0 0.26458333333333334 0.5 0.06527777777777778 0.10069444444444445
0 0.5430555555555555 0.5026041666666666 0.06666666666666667 0.08506944444444445
0 0.35694444444444445 0.030381944444444444 0.05555555555555555 0.057291666666666664
0 0.7631944444444444 0.4279513888888889 0.08194444444444444 0.08854166666666667
0 0.6902777777777778 0.5616319444444444 0.08055555555555556 0.09895833333333333
0 0.9083333333333333 0.8784722222222222 0.06944444444444445 0.09027777777777778
0 0.8666666666666667 0.9314236111111112 0.07777777777777778 0.0920138888888889
0 0.44513888888888886 0.6909722222222222 0.06805555555555555 0.09027777777777778
0 0.3590277777777778 0.7647569444444444 0.0625 0.08159722222222222
0 0.3923611111111111 0.8194444444444444 0.07083333333333333 0.08680555555555555
0 0.49722222222222223 0.9557291666666666 0.06111111111111111 0.07465277777777778
0 0.7965277777777777 0.5017361111111112 0.06527777777777778 0.09722222222222222
0 0.9048611111111111 0.3090277777777778 0.06805555555555555 0.08680555555555555
0 0.5069444444444444 0.3446180555555556 0.075 0.0920138888888889
0 0.4270833333333333 0.0685763888888889 0.07916666666666666 0.0920138888888889
0 0.6236111111111111 0.08072916666666667 0.06944444444444445 0.08506944444444445
0 0.07430555555555556 0.9730902777777778 0.07083333333333333 0.043402777777777776
7 0.7166666666666667 0.1111111111111111 0.08333333333333333 0.06944444444444445
7 0.7048611111111112 0.030381944444444444 0.09305555555555556 0.057291666666666664
7 0.9069444444444444 0.11631944444444445 0.04722222222222222 0.0625
7 0.3854166666666667 0.7161458333333334 0.09027777777777778 0.10590277777777778
7 0.3729166666666667 0.9696180555555556 0.04861111111111111 0.050347222222222224
7 0.3090277777777778 0.7777777777777778 0.04583333333333333 0.0625
7 0.7409722222222223 0.7517361111111112 0.04861111111111111 0.059027777777777776
7 0.8215277777777777 0.6501736111111112 0.043055555555555555 0.050347222222222224
7 0.03888888888888889 0.3194444444444444 0.05 0.059027777777777776
