0 0.1388888888888889 0.10503472222222222 0.06388888888888888 0.10243055555555555
0 0.07361111111111111 0.2482638888888889 0.06388888888888888 0.12152777777777778
0 0.4618055555555556 0.5147569444444444 0.0625 0.0920138888888889
0 0.8854166666666666 0.08072916666666667 0.059722222222222225 0.08159722222222222
0 0.8659722222222223 0.7161458333333334 0.0763888888888889 0.0920138888888889
0 0.9659722222222222 0.7291666666666666 0.0625 0.1111111111111111
0 0.8680555555555556 0.8480902777777778 0.06388888888888888 0.10243055555555555
0 0.029166666666666667 0.84375 0.05555555555555555 0.10416666666666667
1 0.7638888888888888 0.7673611111111112 0.03888888888888889 0.059027777777777776
1 0.9368055555555556 0.5208333333333334 0.04583333333333333 0.07291666666666667
7 0.015277777777777777 0.17100694444444445 0.027777777777777776 0.08506944444444445
7 0.41458333333333336 0.21875 0.06805555555555555 0.08680555555555555
7 0.4340277777777778 0.09114583333333333 0.05138888888888889 0.07118055555555555
1 0.6652777777777777 0.03211805555555555 0.044444444444444446 0.05381944444444445
7 0.5548611111111111 0.2881944444444444 0.04583333333333333 0.0625
7 0.9090277777777778 0.234375 0.043055555555555555 0.0625
7 0.20972222222222223 0.8559027777777778 0.06111111111111111 0.07291666666666667
7 0.04375 0.3038194444444444 0.06527777777777778 0.10416666666666667
7 0.22569444444444445 0.1840277777777778 0.04583333333333333 0.05555555555555555
7 0.2965277777777778 0.12239583333333333 0.05138888888888889 0.057291666666666664
7 0.9319444444444445 0.8637152777777778 0.03888888888888889 0.050347222222222224
7 0.9666666666666667 0.9071180555555556 0.041666666666666664 0.05381944444444445
7 0.225 0.6657986111111112 0.03611111111111111 0.050347222222222224
7 0.5361111111111111 0.7230902777777778 0.044444444444444446 0.057291666666666664
