0 0.23125 0.2994791666666667 0.06805555555555555 0.08854166666666667
0 0.2743055555555556 0.3645833333333333 0.059722222222222225 0.09027777777777778
0 0.12986111111111112 0.4322916666666667 0.06805555555555555 0.09027777777777778
0 0.23402777777777778 0.4427083333333333 0.08194444444444444 0.08333333333333333
0 0.20277777777777778 0.5633680555555556 0.075 0.0920138888888889
0 0.5138888888888888 0.0642361111111111 0.06111111111111111 0.09027777777777778
0 0.5513888888888889 0.1267361111111111 0.075 0.0798611111111111
0 0.675 0.2899305555555556 0.06666666666666667 0.08680555555555555
0 0.6763888888888889 0.4175347222222222 0.075 0.07465277777777778
0 0.9222222222222223 0.3984375 0.06944444444444445 0.109375
0 0.6208333333333333 0.5894097222222222 0.07222222222222222 0.0954861111111111
0 0.9451388888888889 0.6111111111111112 0.06805555555555555 0.08680555555555555
0 0.9659722222222222 0.4626736111111111 0.059722222222222225 0.10243055555555555
0 0.7180555555555556 0.8368055555555556 0.06111111111111111 0.08680555555555555
0 0.7895833333333333 0.8741319444444444 0.0763888888888889 0.0920138888888889
0 0.6555555555555556 0.9557291666666666 0.075 0.08159722222222222
0 0.30694444444444446 0.7005208333333334 0.06388888888888888 0.109375
0 0.24444444444444444 0.6953125 0.06944444444444445 0.08854166666666667
7 0.5451388888888888 0.03993055555555555 0.09305555555555556 0.0763888888888889
7 0.5305555555555556 0.2838541666666667 0.044444444444444446 0.06770833333333333
7 0.4708333333333333 0.5555555555555556 0.05277777777777778 0.06944444444444445
7 0.7298611111111111 0.5633680555555556 0.04861111111111111 0.07118055555555555
7 0.5659722222222222 0.8550347222222222 0.0625 0.08159722222222222
7 0.5 0.8793402777777778 0.04722222222222222 0.06076388888888889
7 0.27291666666666664 0.7786458333333334 0.059722222222222225 0.0642361111111111
7 0.27152777777777776 0.8342013888888888 0.0625 0.07118055555555555
7 0.2881944444444444 0.9071180555555556 0.05694444444444444 0.07118055555555555
7 0.46805555555555556 0.9782986111111112 0.05277777777777778 0.029513888888888888
7 0.022916666666666665 0.19791666666666666 0.043055555555555555 0.08680555555555555
