1 0.07013888888888889 0.1232638888888889 0.05416666666666667 0.06944444444444445
1 0.17777777777777778 0.2829861111111111 0.05 0.0625
1 0.29375 0.1857638888888889 0.05416666666666667 0.06597222222222222
1 0.46805555555555556 0.2387152777777778 0.05277777777777778 0.0642361111111111
1 0.40347222222222223 0.08680555555555555 0.05138888888888889 0.0625
1 0.46458333333333335 0.05381944444444445 0.04861111111111111 0.05555555555555555
1 0.4548611111111111 0.12152777777777778 0.04583333333333333 0.059027777777777776
1 0.5131944444444444 0.1362847222222222 0.06527777777777778 0.06076388888888889
1 0.6951388888888889 0.033854166666666664 0.059722222222222225 0.0642361111111111
1 0.7472222222222222 0.1935763888888889 0.05555555555555555 0.078125
1 0.6347222222222222 0.3012152777777778 0.06111111111111111 0.07118055555555555
1 0.5520833333333334 0.3671875 0.06805555555555555 0.08159722222222222
1 0.7236111111111111 0.4244791666666667 0.06388888888888888 0.08159722222222222
1 0.8402777777777778 0.3793402777777778 0.04722222222222222 0.06770833333333333
1 0.8819444444444444 0.3576388888888889 0.05 0.06597222222222222
1 0.8493055555555555 0.5164930555555556 0.05416666666666667 0.07118055555555555
1 0.6430555555555556 0.4592013888888889 0.05 0.06076388888888889
1 0.09375 0.3732638888888889 0.05416666666666667 0.06597222222222222
1 0.36666666666666664 0.3871527777777778 0.04722222222222222 0.05555555555555555
1 0.30972222222222223 0.4322916666666667 0.058333333333333334 0.0625
1 0.11736111111111111 0.4696180555555556 0.06527777777777778 0.06770833333333333
1 0.5166666666666667 0.6111111111111112 0.05555555555555555 0.06597222222222222
1 0.5944444444444444 0.6927083333333334 0.05555555555555555 0.0625
1 0.8576388888888888 0.7395833333333334 0.05694444444444444 0.0625
1 0.8090277777777778 0.6987847222222222 0.05138888888888889 0.057291666666666664
1 0.7270833333333333 0.6223958333333334 0.059722222222222225 0.07465277777777778
1 0.35694444444444445 0.7352430555555556 0.04722222222222222 0.057291666666666664
1 0.13819444444444445 0.9019097222222222 0.04583333333333333 0.06770833333333333
1 0.41180555555555554 0.9019097222222222 0.059722222222222225 0.07118055555555555
1 0.6131944444444445 0.8298611111111112 0.04861111111111111 0.06597222222222222
1 0.4875 0.9522569444444444 0.04722222222222222 0.057291666666666664
