1 0.23194444444444445 0.125 0.05 0.06597222222222222
1 0.2590277777777778 0.23697916666666666 0.04861111111111111 0.06076388888888889
1 0.5041666666666667 0.22916666666666666 0.044444444444444446 0.052083333333333336
1 0.5597222222222222 0.0998263888888889 0.041666666666666664 0.046875
1 0.8645833333333334 0.10069444444444445 0.05694444444444444 0.06597222222222222
1 0.7465277777777778 0.1935763888888889 0.05694444444444444 0.06076388888888889
1 0.5923611111111111 0.2864583333333333 0.05138888888888889 0.06944444444444445
1 0.5326388888888889 0.3559027777777778 0.0625 0.07291666666666667
1 0.7229166666666667 0.3628472222222222 0.04583333333333333 0.06597222222222222
1 0.9201388888888888 0.3463541666666667 0.05694444444444444 0.0642361111111111
1 0.7111111111111111 0.5746527777777778 0.05 0.0625
1 0.8145833333333333 0.6467013888888888 0.05694444444444444 0.0642361111111111
1 0.8409722222222222 0.7769097222222222 0.04583333333333333 0.0642361111111111
1 0.6847222222222222 0.7092013888888888 0.04722222222222222 0.06076388888888889
1 0.5229166666666667 0.5885416666666666 0.04583333333333333 0.05555555555555555
1 0.5576388888888889 0.6944444444444444 0.04861111111111111 0.06944444444444445
1 0.3527777777777778 0.6111111111111112 0.04722222222222222 0.0625
1 0.3625 0.359375 0.044444444444444446 0.06597222222222222
1 0.3145833333333333 0.3715277777777778 0.04583333333333333 0.05555555555555555
1 0.2673611111111111 0.4921875 0.043055555555555555 0.057291666666666664
1 0.05694444444444444 0.5017361111111112 0.058333333333333334 0.07291666666666667
1 0.0763888888888889 0.6171875 0.05 0.057291666666666664
1 0.058333333333333334 0.7612847222222222 0.05277777777777778 0.06076388888888889
1 0.36041666666666666 0.8185763888888888 0.05138888888888889 0.06076388888888889
1 0.18333333333333332 0.9010416666666666 0.044444444444444446 0.059027777777777776
1 0.5645833333333333 0.859375 0.04861111111111111 0.05555555555555555
