0 0.7902777777777777 0.1875 0.075 0.10416666666666667
0 0.6680555555555555 0.1519097222222222 0.058333333333333334 0.08854166666666667
0 0.2673611111111111 0.10243055555555555 0.0625 0.06944444444444445
0 0.30694444444444446 0.1605902777777778 0.06944444444444445 0.09895833333333333
0 0.1375 0.2847222222222222 0.05555555555555555 0.0798611111111111
0 0.08402777777777778 0.4322916666666667 0.06805555555555555 0.09027777777777778
0 0.020833333333333332 0.4652777777777778 0.03888888888888889 0.09375
0 0.5569444444444445 0.6597222222222222 0.06666666666666667 0.09375
0 0.8638888888888889 0.3394097222222222 0.07222222222222222 0.09895833333333333
0 0.9555555555555556 0.8177083333333334 0.06111111111111111 0.0798611111111111
0 0.5527777777777778 0.515625 0.075 0.0763888888888889
0 0.5604166666666667 0.1657986111111111 0.08194444444444444 0.08854166666666667
0 0.14652777777777778 0.9114583333333334 0.10138888888888889 0.09722222222222222
0 0.030555555555555555 0.8993055555555556 0.058333333333333334 0.10069444444444445
2 0.5486111111111112 0.3307291666666667 0.06666666666666667 0.109375
0 0.14375 0.5208333333333334 0.06805555555555555 0.09375
0 0.1486111111111111 0.6171875 0.06944444444444445 0.08506944444444445
0 0.6888888888888889 0.9487847222222222 0.06388888888888888 0.08506944444444445
0 0.83125 0.8368055555555556 0.08472222222222223 0.0763888888888889
0 0.5083333333333333 0.2690972222222222 0.07777777777777778 0.08333333333333333
0 0.1597222222222222 0.1171875 0.075 0.0920138888888889
7 0.08680555555555555 0.6232638888888888 0.059722222222222225 0.11805555555555555
1 0.26805555555555555 0.9626736111111112 0.044444444444444446 0.0642361111111111
7 0.8 0.7118055555555556 0.06388888888888888 0.0798611111111111
7 0.6506944444444445 0.5112847222222222 0.09027777777777778 0.07118055555555555
7 0.9020833333333333 0.14149305555555555 0.04027777777777778 0.057291666666666664
7 0.64375 0.034722222222222224 0.04861111111111111 0.0625
7 0.8722222222222222 0.024305555555555556 0.041666666666666664 0.04513888888888889
7 0.025 0.203125 0.04722222222222222 0.09722222222222222
7 0.17847222222222223 0.4791666666666667 0.0375 0.052083333333333336
7 0.28125 0.021701388888888888 0.0375 0.03993055555555555
7 0.5708333333333333 0.4210069444444444 0.06388888888888888 0.050347222222222224
