1 0.08541666666666667 0.2326388888888889 0.04583333333333333 0.06597222222222222
1 0.07708333333333334 0.3949652777777778 0.05138888888888889 0.06076388888888889
1 0.32569444444444445 0.3385416666666667 0.04861111111111111 0.06597222222222222
1 0.2923611111111111 0.4027777777777778 0.05138888888888889 0.06597222222222222
1 0.21875 0.5894097222222222 0.05138888888888889 0.057291666666666664
1 0.23125 0.7708333333333334 0.059722222222222225 0.06597222222222222
1 0.18263888888888888 0.10503472222222222 0.05138888888888889 0.0642361111111111
1 0.38333333333333336 0.06684027777777778 0.05555555555555555 0.0642361111111111
1 0.45694444444444443 0.033854166666666664 0.044444444444444446 0.06076388888888889
1 0.5090277777777777 0.035590277777777776 0.05138888888888889 0.06770833333333333
1 0.6722222222222223 0.04079861111111111 0.05277777777777778 0.0642361111111111
1 0.8263888888888888 0.18055555555555555 0.044444444444444446 0.059027777777777776
1 0.5319444444444444 0.3142361111111111 0.05277777777777778 0.0625
1 0.46041666666666664 0.4184027777777778 0.043055555555555555 0.05555555555555555
1 0.4576388888888889 0.5121527777777778 0.043055555555555555 0.052083333333333336
1 0.6652777777777777 0.5746527777777778 0.05277777777777778 0.06597222222222222
1 0.7541666666666667 0.40625 0.05277777777777778 0.0798611111111111
1 0.9513888888888888 0.18229166666666666 0.05 0.0625
1 0.9215277777777777 0.3923611111111111 0.05138888888888889 0.0625
1 0.9180555555555555 0.4835069444444444 0.044444444444444446 0.06076388888888889
1 0.9569444444444445 0.7508680555555556 0.044444444444444446 0.0642361111111111
1 0.5909722222222222 0.6953125 0.043055555555555555 0.057291666666666664
1 0.6395833333333333 0.7005208333333334 0.04583333333333333 0.06076388888888889
1 0.4986111111111111 0.6857638888888888 0.04722222222222222 0.059027777777777776
1 0.49027777777777776 0.796875 0.05277777777777778 0.0625
1 0.5631944444444444 0.8862847222222222 0.05138888888888889 0.06076388888888889
1 0.8243055555555555 0.9262152777777778 0.04861111111111111 0.0642361111111111
1 0.6659722222222222 0.9522569444444444 0.04861111111111111 0.057291666666666664
1 0.4201388888888889 0.828125 0.05138888888888889 0.052083333333333336
1 0.43680555555555556 0.9409722222222222 0.05138888888888889 0.059027777777777776
1 0.15833333333333333 0.8428819444444444 0.05 0.057291666666666664
1 0.15555555555555556 0.5243055555555556 0.04722222222222222 0.059027777777777776
1 0.13680555555555557 0.6388888888888888 0.04027777777777778 0.04861111111111111
1 0.63125 0.3020833333333333 0.05138888888888889 0.059027777777777776
