1 0.10555555555555556 0.3229166666666667 0.05277777777777778 0.0625
1 0.12986111111111112 0.2595486111111111 0.04861111111111111 0.06076388888888889
1 0.18819444444444444 0.2361111111111111 0.04861111111111111 0.06597222222222222
1 0.2 0.07725694444444445 0.044444444444444446 0.0642361111111111
1 0.25972222222222224 0.03211805555555555 0.04722222222222222 0.05381944444444445
1 0.5319444444444444 0.16145833333333334 0.05 0.059027777777777776
1 0.11041666666666666 0.4921875 0.043055555555555555 0.057291666666666664
1 0.13125 0.5885416666666666 0.04583333333333333 0.059027777777777776
1 0.05138888888888889 0.7534722222222222 0.05277777777777778 0.0625
1 0.22083333333333333 0.6831597222222222 0.04722222222222222 0.06770833333333333
1 0.23819444444444443 0.8350694444444444 0.04583333333333333 0.06597222222222222
1 0.21805555555555556 0.8958333333333334 0.044444444444444446 0.05555555555555555
1 0.25555555555555554 0.3993055555555556 0.041666666666666664 0.0625
1 0.29375 0.4149305555555556 0.043055555555555555 0.059027777777777776
1 0.3736111111111111 0.4210069444444444 0.04722222222222222 0.06770833333333333
1 0.46458333333333335 0.5729166666666666 0.043055555555555555 0.059027777777777776
1 0.50625 0.7326388888888888 0.04861111111111111 0.0625
1 0.7402777777777778 0.2526041666666667 0.04722222222222222 0.06076388888888889
1 0.5923611111111111 0.5581597222222222 0.043055555555555555 0.057291666666666664
1 0.7645833333333333 0.5138888888888888 0.043055555555555555 0.0625
1 0.5465277777777777 0.8046875 0.043055555555555555 0.06076388888888889
1 0.45555555555555555 0.8888888888888888 0.05 0.06597222222222222
1 0.61875 0.8776041666666666 0.04861111111111111 0.06076388888888889
1 0.7451388888888889 0.8880208333333334 0.04583333333333333 0.06076388888888889
1 0.86875 0.4895833333333333 0.043055555555555555 0.05555555555555555
1 0.8263888888888888 0.4322916666666667 0.044444444444444446 0.0625
1 0.9673611111111111 0.4956597222222222 0.04583333333333333 0.05381944444444445
1 0.9868055555555556 0.06163194444444445 0.02638888888888889 0.06770833333333333
1 0.9534722222222223 0.6605902777777778 0.05138888888888889 0.0642361111111111
1 0.8416666666666667 0.8454861111111112 0.041666666666666664 0.052083333333333336
1 0.8604166666666667 0.8732638888888888 0.043055555555555555 0.04513888888888889
1 0.9798611111111111 0.7526041666666666 0.04027777777777778 0.06770833333333333
1 0.9763888888888889 0.9522569444444444 0.044444444444444446 0.06076388888888889
1 0.3416666666666667 0.015625 0.04722222222222222 0.027777777777777776
7 0.6791666666666667 0.4678819444444444 0.058333333333333334 0.06770833333333333
1 0.4340277777777778 0.011284722222222222 0.04861111111111111 0.019097222222222224
