1 0.01875 0.23350694444444445 0.034722222222222224 0.050347222222222224
1 0.025694444444444443 0.3402777777777778 0.04861111111111111 0.05555555555555555
1 0.04861111111111111 0.4010416666666667 0.041666666666666664 0.052083333333333336
1 0.1875 0.3055555555555556 0.03888888888888889 0.05555555555555555
1 0.22777777777777777 0.15885416666666666 0.044444444444444446 0.057291666666666664
1 0.2548611111111111 0.13368055555555555 0.034722222222222224 0.05555555555555555
1 0.37569444444444444 0.09114583333333333 0.04027777777777778 0.057291666666666664
1 0.4326388888888889 0.07465277777777778 0.05138888888888889 0.06597222222222222
1 0.5145833333333333 0.024305555555555556 0.043055555555555555 0.04513888888888889
1 0.5909722222222222 0.1111111111111111 0.04861111111111111 0.059027777777777776
1 0.85 0.013020833333333334 0.041666666666666664 0.022569444444444444
1 0.40069444444444446 0.2881944444444444 0.04583333333333333 0.0625
1 0.21597222222222223 0.5034722222222222 0.034722222222222224 0.0625
1 0.19444444444444445 0.5694444444444444 0.04722222222222222 0.06597222222222222
1 0.3333333333333333 0.453125 0.03888888888888889 0.05555555555555555
1 0.4756944444444444 0.375 0.04861111111111111 0.05555555555555555
1 0.5 0.3090277777777778 0.04722222222222222 0.07291666666666667
1 0.6152777777777778 0.19444444444444445 0.03888888888888889 0.059027777777777776
1 0.425 0.6076388888888888 0.05277777777777778 0.0625
1 0.38472222222222224 0.7751736111111112 0.05 0.06770833333333333
1 0.09861111111111111 0.8203125 0.044444444444444446 0.05381944444444445
1 0.021527777777777778 0.9392361111111112 0.04027777777777778 0.05555555555555555
1 0.30416666666666664 0.9027777777777778 0.05 0.0625
1 0.3236111111111111 0.8420138888888888 0.044444444444444446 0.05555555555555555
1 0.4375 0.8628472222222222 0.044444444444444446 0.052083333333333336
1 0.475 0.875 0.041666666666666664 0.0625
1 0.6847222222222222 0.6076388888888888 0.041666666666666664 0.05555555555555555
1 0.6909722222222222 0.5164930555555556 0.043055555555555555 0.06076388888888889
1 0.7694444444444445 0.5772569444444444 0.041666666666666664 0.06076388888888889
1 0.7083333333333334 0.6944444444444444 0.05277777777777778 0.06944444444444445
1 0.7090277777777778 0.8203125 0.05138888888888889 0.06770833333333333
1 0.6576388888888889 0.9053819444444444 0.04583333333333333 0.057291666666666664
1 0.5666666666666667 0.9210069444444444 0.04722222222222222 0.06076388888888889
1 0.4930555555555556 0.9618055555555556 0.05 0.0625
1 0.8736111111111111 0.7282986111111112 0.05 0.0642361111111111
1 0.8555555555555555 0.8151041666666666 0.03888888888888889 0.057291666666666664
1 0.9305555555555556 0.7161458333333334 0.03888888888888889 0.05381944444444445
1 0.9791666666666666 0.4149305555555556 0.041666666666666664 0.059027777777777776
1 0.325 0.3723958333333333 0.041666666666666664 0.06076388888888889
