1 0.17777777777777778 0.2048611111111111 0.044444444444444446 0.05555555555555555
1 0.3680555555555556 0.07118055555555555 0.044444444444444446 0.052083333333333336
1 0.16875 0.3020833333333333 0.04583333333333333 0.05555555555555555
1 0.1451388888888889 0.3532986111111111 0.04583333333333333 0.057291666666666664
1 0.1986111111111111 0.3854166666666667 0.041666666666666664 0.05555555555555555
1 0.3125 0.3767361111111111 0.05 0.06597222222222222
1 0.2111111111111111 0.4453125 0.04722222222222222 0.057291666666666664
1 0.08402777777777778 0.6475694444444444 0.043055555555555555 0.05555555555555555
1 0.16111111111111112 0.6701388888888888 0.04722222222222222 0.06597222222222222
1 0.36944444444444446 0.5885416666666666 0.03888888888888889 0.05555555555555555
1 0.5340277777777778 0.3776041666666667 0.05138888888888889 0.06076388888888889
1 0.5145833333333333 0.1953125 0.04861111111111111 0.057291666666666664
1 0.6770833333333334 0.2725694444444444 0.04027777777777778 0.04861111111111111
1 0.7319444444444444 0.3480902777777778 0.044444444444444446 0.05381944444444445
1 0.4861111111111111 0.5972222222222222 0.05555555555555555 0.06944444444444445
1 0.39652777777777776 0.7057291666666666 0.04583333333333333 0.06076388888888889
1 0.4513888888888889 0.7083333333333334 0.05 0.06944444444444445
1 0.5708333333333333 0.6397569444444444 0.05 0.0642361111111111
1 0.8479166666666667 0.5399305555555556 0.04027777777777778 0.052083333333333336
1 0.95625 0.23697916666666666 0.04583333333333333 0.0642361111111111
1 0.9583333333333334 0.0998263888888889 0.05 0.0642361111111111
1 0.7645833333333333 0.3133680555555556 0.04027777777777778 0.057291666666666664
1 0.8159722222222222 0.3220486111111111 0.04027777777777778 0.057291666666666664
1 0.7861111111111111 0.3559027777777778 0.04722222222222222 0.059027777777777776
1 0.8548611111111111 0.6579861111111112 0.04583333333333333 0.0625
1 0.9284722222222223 0.7204861111111112 0.05138888888888889 0.06597222222222222
1 0.6861111111111111 0.8342013888888888 0.04722222222222222 0.06076388888888889
1 0.7902777777777777 0.8055555555555556 0.04722222222222222 0.0625
1 0.8263888888888888 0.7760416666666666 0.05 0.0625
1 0.4756944444444444 0.9357638888888888 0.04861111111111111 0.06597222222222222
1 0.48819444444444443 0.9791666666666666 0.043055555555555555 0.03125
1 0.7145833333333333 0.8888888888888888 0.04861111111111111 0.06597222222222222
1 0.8201388888888889 0.9131944444444444 0.0375 0.059027777777777776
1 0.91875 0.4192708333333333 0.043055555555555555 0.05381944444444445
1 0.8368055555555556 0.4019097222222222 0.04583333333333333 0.06076388888888889
