1 0.06180555555555556 0.13020833333333334 0.04583333333333333 0.04861111111111111
1 0.1527777777777778 0.11979166666666667 0.05 0.06597222222222222
1 0.022916666666666665 0.4496527777777778 0.04027777777777778 0.05555555555555555
1 0.23194444444444445 0.3689236111111111 0.05277777777777778 0.078125
1 0.32083333333333336 0.027777777777777776 0.044444444444444446 0.052083333333333336
1 0.3909722222222222 0.2595486111111111 0.04861111111111111 0.06076388888888889
1 0.3701388888888889 0.0763888888888889 0.043055555555555555 0.05555555555555555
1 0.42569444444444443 0.18229166666666666 0.04027777777777778 0.052083333333333336
1 0.3854166666666667 0.4340277777777778 0.04861111111111111 0.0625
1 0.2847222222222222 0.4435763888888889 0.041666666666666664 0.05381944444444445
1 0.3284722222222222 0.4652777777777778 0.043055555555555555 0.0625
1 0.36527777777777776 0.5208333333333334 0.04722222222222222 0.059027777777777776
1 0.5027777777777778 0.2786458333333333 0.041666666666666664 0.050347222222222224
1 0.4895833333333333 0.3715277777777778 0.04583333333333333 0.059027777777777776
1 0.5576388888888889 0.3645833333333333 0.04583333333333333 0.06597222222222222
1 0.6395833333333333 0.08072916666666667 0.043055555555555555 0.057291666666666664
1 0.7006944444444444 0.04600694444444445 0.043055555555555555 0.057291666666666664
1 0.8027777777777778 0.1814236111111111 0.041666666666666664 0.057291666666666664
1 0.9236111111111112 0.11805555555555555 0.04722222222222222 0.06597222222222222
1 0.9826388888888888 0.049479166666666664 0.03194444444444444 0.057291666666666664
1 0.6451388888888889 0.4696180555555556 0.04583333333333333 0.06770833333333333
1 0.7430555555555556 0.4097222222222222 0.03888888888888889 0.05555555555555555
1 0.7722222222222223 0.3680555555555556 0.04722222222222222 0.06597222222222222
1 0.7826388888888889 0.2795138888888889 0.043055555555555555 0.05555555555555555
1 0.9847222222222223 0.3532986111111111 0.030555555555555555 0.057291666666666664
1 0.8965277777777778 0.5442708333333334 0.04027777777777778 0.06076388888888889
1 0.6993055555555555 0.6623263888888888 0.04583333333333333 0.05381944444444445
1 0.3451388888888889 0.8038194444444444 0.04027777777777778 0.0625
1 0.6354166666666666 0.7369791666666666 0.04583333333333333 0.0642361111111111
1 0.7027777777777777 0.7430555555555556 0.044444444444444446 0.0625
1 0.7979166666666667 0.7864583333333334 0.04583333333333333 0.0625
1 0.9034722222222222 0.7465277777777778 0.04583333333333333 0.0625
1 0.5194444444444445 0.9053819444444444 0.04722222222222222 0.0642361111111111
1 0.9416666666666667 0.9565972222222222 0.03888888888888889 0.052083333333333336
1 0.011805555555555555 0.08506944444444445 0.020833333333333332 0.06597222222222222
1 0.6625 0.9800347222222222 0.04722222222222222 0.029513888888888888
1 0.275 0.9809027777777778 0.044444444444444446 0.03125
1 0.38958333333333334 0.9817708333333334 0.04861111111111111 0.026041666666666668
