1 0.016666666666666666 0.21614583333333334 0.030555555555555555 0.06076388888888889
1 0.08680555555555555 0.05555555555555555 0.04583333333333333 0.0625
1 0.2222222222222222 0.19444444444444445 0.044444444444444446 0.059027777777777776
1 0.21666666666666667 0.1467013888888889 0.03888888888888889 0.05381944444444445
1 0.25277777777777777 0.09895833333333333 0.03888888888888889 0.05555555555555555
1 0.35694444444444445 0.09461805555555555 0.041666666666666664 0.05381944444444445
1 0.38333333333333336 0.1189236111111111 0.03333333333333333 0.046875
1 0.4125 0.1015625 0.03611111111111111 0.05381944444444445
1 0.5256944444444445 0.12152777777777778 0.04861111111111111 0.06597222222222222
1 0.4284722222222222 0.030381944444444444 0.04027777777777778 0.057291666666666664
1 0.4 0.019965277777777776 0.044444444444444446 0.036458333333333336
1 0.5819444444444445 0.028645833333333332 0.044444444444444446 0.05381944444444445
1 0.28541666666666665 0.3506944444444444 0.0375 0.059027777777777776
1 0.5222222222222223 0.3385416666666667 0.044444444444444446 0.059027777777777776
1 0.6208333333333333 0.21006944444444445 0.044444444444444446 0.07291666666666667
1 0.7284722222222222 0.16666666666666666 0.04861111111111111 0.06597222222222222
1 0.7631944444444444 0.2265625 0.04027777777777778 0.046875
1 0.7958333333333333 0.2838541666666667 0.05 0.07118055555555555
1 0.9145833333333333 0.0625 0.043055555555555555 0.06597222222222222
1 0.9826388888888888 0.014756944444444444 0.034722222222222224 0.026041666666666668
1 0.8881944444444444 0.4001736111111111 0.05138888888888889 0.057291666666666664
1 0.24861111111111112 0.4852430555555556 0.044444444444444446 0.05381944444444445
1 0.04097222222222222 0.6015625 0.04583333333333333 0.06076388888888889
1 0.31666666666666665 0.5147569444444444 0.03888888888888889 0.05381944444444445
1 0.4236111111111111 0.5581597222222222 0.05 0.06770833333333333
1 0.21041666666666667 0.5859375 0.04583333333333333 0.06076388888888889
1 0.21597222222222223 0.6388888888888888 0.043055555555555555 0.059027777777777776
1 0.31666666666666665 0.640625 0.044444444444444446 0.059027777777777776
1 0.22708333333333333 0.7326388888888888 0.05138888888888889 0.059027777777777776
1 0.1527777777777778 0.8081597222222222 0.044444444444444446 0.057291666666666664
1 0.31805555555555554 0.7282986111111112 0.044444444444444446 0.057291666666666664
1 0.24166666666666667 0.7899305555555556 0.044444444444444446 0.05555555555555555
1 0.28402777777777777 0.8090277777777778 0.0375 0.05555555555555555
1 0.3111111111111111 0.78125 0.03888888888888889 0.059027777777777776
1 0.44375 0.6588541666666666 0.05138888888888889 0.06076388888888889
1 0.60625 0.4600694444444444 0.043055555555555555 0.05555555555555555
1 0.6222222222222222 0.5104166666666666 0.03888888888888889 0.04861111111111111
1 0.5923611111111111 0.5720486111111112 0.043055555555555555 0.05381944444444445
1 0.6881944444444444 0.6006944444444444 0.043055555555555555 0.052083333333333336
1 0.7361111111111112 0.6163194444444444 0.041666666666666664 0.059027777777777776
1 0.6395833333333333 0.7213541666666666 0.04027777777777778 0.057291666666666664
1 0.5659722222222222 0.7456597222222222 0.043055555555555555 0.06076388888888889
1 0.5694444444444444 0.8263888888888888 0.04722222222222222 0.059027777777777776
1 0.41805555555555557 0.9539930555555556 0.04722222222222222 0.06076388888888889
1 0.6125 0.8854166666666666 0.05277777777777778 0.06597222222222222
1 0.7291666666666666 0.7534722222222222 0.03888888888888889 0.05555555555555555
1 0.7715277777777778 0.7282986111111112 0.043055555555555555 0.057291666666666664
1 0.8013888888888889 0.7526041666666666 0.041666666666666664 0.057291666666666664
1 0.8430555555555556 0.7734375 0.041666666666666664 0.06076388888888889
1 0.8868055555555555 0.7057291666666666 0.04583333333333333 0.057291666666666664
1 0.9763888888888889 0.6102430555555556 0.041666666666666664 0.05381944444444445
1 0.8152777777777778 0.8689236111111112 0.05 0.05381944444444445
1 0.020833333333333332 0.6536458333333334 0.03888888888888889 0.05381944444444445
1 0.5833333333333334 0.9895833333333334 0.030555555555555555 0.020833333333333332
