1 0.0375 0.2960069444444444 0.03888888888888889 0.050347222222222224
1 0.12083333333333333 0.23958333333333334 0.044444444444444446 0.0625
1 0.050694444444444445 0.1154513888888889 0.04861111111111111 0.057291666666666664
1 0.1 0.08246527777777778 0.041666666666666664 0.057291666666666664
1 0.013888888888888888 0.6059027777777778 0.025 0.07291666666666667
1 0.1701388888888889 0.4956597222222222 0.04583333333333333 0.050347222222222224
1 0.08958333333333333 0.7126736111111112 0.043055555555555555 0.06076388888888889
1 0.3423611111111111 0.4791666666666667 0.04583333333333333 0.059027777777777776
1 0.3145833333333333 0.3411458333333333 0.04583333333333333 0.0642361111111111
1 0.4527777777777778 0.3480902777777778 0.05277777777777778 0.06076388888888889
1 0.3013888888888889 0.578125 0.05277777777777778 0.0625
1 0.19583333333333333 0.765625 0.044444444444444446 0.06597222222222222
1 0.36736111111111114 0.6336805555555556 0.04027777777777778 0.05555555555555555
1 0.3013888888888889 0.7439236111111112 0.041666666666666664 0.057291666666666664
1 0.3958333333333333 0.796875 0.05 0.0625
1 0.2902777777777778 0.9236111111111112 0.04722222222222222 0.0763888888888889
1 0.4666666666666667 0.8532986111111112 0.041666666666666664 0.057291666666666664
1 0.5902777777777778 0.6145833333333334 0.04722222222222222 0.06944444444444445
1 0.6243055555555556 0.4635416666666667 0.05138888888888889 0.059027777777777776
1 0.6548611111111111 0.5182291666666666 0.04583333333333333 0.05381944444444445
1 0.5881944444444445 0.7213541666666666 0.04583333333333333 0.0642361111111111
1 0.5527777777777778 0.8263888888888888 0.041666666666666664 0.05555555555555555
1 0.47291666666666665 0.9730902777777778 0.043055555555555555 0.046875
1 0.7965277777777777 0.8550347222222222 0.04583333333333333 0.06076388888888889
1 0.7923611111111111 0.8984375 0.04861111111111111 0.050347222222222224
1 0.8979166666666667 0.6414930555555556 0.04861111111111111 0.06076388888888889
1 0.9208333333333333 0.6727430555555556 0.044444444444444446 0.05381944444444445
1 0.7451388888888889 0.3229166666666667 0.043055555555555555 0.059027777777777776
1 0.8951388888888889 0.8289930555555556 0.04027777777777778 0.057291666666666664
1 0.9868055555555556 0.8012152777777778 0.02638888888888889 0.057291666666666664
1 0.9 0.9704861111111112 0.044444444444444446 0.052083333333333336
1 0.8145833333333333 0.18489583333333334 0.04027777777777778 0.057291666666666664
1 0.5222222222222223 0.08940972222222222 0.041666666666666664 0.057291666666666664
1 0.6798611111111111 0.09375 0.04027777777777778 0.05555555555555555
1 0.9368055555555556 0.026909722222222224 0.05138888888888889 0.050347222222222224
1 0.9444444444444444 0.09288194444444445 0.041666666666666664 0.057291666666666664
1 0.9798611111111111 0.08940972222222222 0.0375 0.05381944444444445
1 0.7520833333333333 0.1310763888888889 0.043055555555555555 0.057291666666666664
1 0.7381944444444445 0.17708333333333334 0.04583333333333333 0.052083333333333336
7 0.48125 0.010416666666666666 0.034722222222222224 0.017361111111111112
