3 0.019444444444444445 0.2387152777777778 0.03611111111111111 0.07118055555555555
3 0.05347222222222222 0.13541666666666666 0.04583333333333333 0.05555555555555555
3 0.23680555555555555 0.0859375 0.04861111111111111 0.07118055555555555
3 0.18263888888888888 0.2013888888888889 0.04861111111111111 0.04513888888888889
3 0.1527777777777778 0.3289930555555556 0.04722222222222222 0.06076388888888889
3 0.31319444444444444 0.2907986111111111 0.04027777777777778 0.06076388888888889
3 0.4131944444444444 0.1345486111111111 0.05694444444444444 0.05381944444444445
3 0.3909722222222222 0.2421875 0.04583333333333333 0.0642361111111111
3 0.47847222222222224 0.2934027777777778 0.05138888888888889 0.06597222222222222
3 0.32708333333333334 0.3680555555555556 0.0625 0.05555555555555555
3 0.3486111111111111 0.4244791666666667 0.03611111111111111 0.05381944444444445
3 0.02361111111111111 0.5659722222222222 0.044444444444444446 0.059027777777777776
3 0.06527777777777778 0.5616319444444444 0.030555555555555555 0.03993055555555555
3 0.3 0.5842013888888888 0.03888888888888889 0.057291666666666664
3 0.022222222222222223 0.7213541666666666 0.041666666666666664 0.0642361111111111
3 0.09166666666666666 0.7213541666666666 0.044444444444444446 0.05381944444444445
3 0.3861111111111111 0.5807291666666666 0.044444444444444446 0.07118055555555555
3 0.1388888888888889 0.9340277777777778 0.044444444444444446 0.0625
3 0.3451388888888889 0.7552083333333334 0.04583333333333333 0.0625
3 0.3763888888888889 0.7239583333333334 0.03611111111111111 0.0625
3 0.41597222222222224 0.7578125 0.043055555555555555 0.06770833333333333
3 0.5256944444444445 0.9140625 0.0375 0.06770833333333333
3 0.5756944444444444 0.9157986111111112 0.05138888888888889 0.0642361111111111
3 0.6569444444444444 0.6987847222222222 0.05 0.07118055555555555
3 0.7090277777777778 0.453125 0.04027777777777778 0.059027777777777776
3 0.5736111111111111 0.19444444444444445 0.044444444444444446 0.0625
3 0.5138888888888888 0.2526041666666667 0.04722222222222222 0.057291666666666664
3 0.8326388888888889 0.3776041666666667 0.04861111111111111 0.06076388888888889
3 0.8347222222222223 0.6614583333333334 0.041666666666666664 0.05555555555555555
3 0.76875 0.03993055555555555 0.043055555555555555 0.06597222222222222
3 0.9277777777777778 0.265625 0.04722222222222222 0.06597222222222222
3 0.9791666666666666 0.2309027777777778 0.041666666666666664 0.05555555555555555
3 0.9291666666666667 0.4123263888888889 0.041666666666666664 0.07465277777777778
3 0.9638888888888889 0.5243055555555556 0.044444444444444446 0.0625
3 0.8145833333333333 0.7612847222222222 0.04861111111111111 0.050347222222222224
3 0.9868055555555556 0.7604166666666666 0.02638888888888889 0.06597222222222222
3 0.7458333333333333 0.9791666666666666 0.05555555555555555 0.034722222222222224
3 0.08333333333333333 0.9861111111111112 0.041666666666666664 0.027777777777777776
3 0.9902777777777778 0.46875 0.019444444444444445 0.052083333333333336
3 0.7868055555555555 0.018229166666666668 0.04027777777777778 0.03298611111111111
3 0.8256944444444444 0.009548611111111112 0.0375 0.015625
