1 0.15625 0.3585069444444444 0.043055555555555555 0.057291666666666664
1 0.2263888888888889 0.1519097222222222 0.041666666666666664 0.0642361111111111
1 0.3020833333333333 0.036458333333333336 0.04027777777777778 0.059027777777777776
1 0.35833333333333334 0.028645833333333332 0.04722222222222222 0.05381944444444445
1 0.4013888888888889 0.051215277777777776 0.044444444444444446 0.057291666666666664
1 0.2590277777777778 0.3394097222222222 0.043055555555555555 0.043402777777777776
1 0.38333333333333336 0.3880208333333333 0.05 0.050347222222222224
1 0.27569444444444446 0.18489583333333334 0.043055555555555555 0.05381944444444445
1 0.2777777777777778 0.21788194444444445 0.05 0.06076388888888889
1 0.4777777777777778 0.18663194444444445 0.03611111111111111 0.05381944444444445
1 0.5340277777777778 0.4548611111111111 0.04583333333333333 0.06597222222222222
1 0.17569444444444443 0.671875 0.04861111111111111 0.059027777777777776
1 0.6902777777777778 0.5355902777777778 0.044444444444444446 0.050347222222222224
1 0.5784722222222223 0.2404513888888889 0.04027777777777778 0.05381944444444445
1 0.6465277777777778 0.21875 0.04027777777777778 0.052083333333333336
1 0.6138888888888889 0.3350694444444444 0.044444444444444446 0.06597222222222222
1 0.8590277777777777 0.4157986111111111 0.04027777777777778 0.057291666666666664
1 0.9069444444444444 0.041666666666666664 0.05277777777777778 0.059027777777777776
1 0.6868055555555556 0.15364583333333334 0.04027777777777778 0.0642361111111111
1 0.8291666666666667 0.2074652777777778 0.041666666666666664 0.05381944444444445
1 0.7923611111111111 0.2230902777777778 0.04583333333333333 0.057291666666666664
1 0.9493055555555555 0.3151041666666667 0.043055555555555555 0.057291666666666664
1 0.9743055555555555 0.5173611111111112 0.043055555555555555 0.06597222222222222
1 0.32222222222222224 0.7881944444444444 0.044444444444444446 0.0625
1 0.16458333333333333 0.8567708333333334 0.04861111111111111 0.06770833333333333
1 0.19444444444444445 0.7378472222222222 0.04722222222222222 0.0625
1 0.18194444444444444 0.7690972222222222 0.05277777777777778 0.059027777777777776
1 0.44930555555555557 0.8342013888888888 0.043055555555555555 0.057291666666666664
1 0.3993055555555556 0.8819444444444444 0.05138888888888889 0.0763888888888889
1 0.5993055555555555 0.6180555555555556 0.05138888888888889 0.0625
1 0.5284722222222222 0.890625 0.05416666666666667 0.07291666666666667
1 0.7638888888888888 0.9253472222222222 0.04722222222222222 0.0625
1 0.5944444444444444 0.6935763888888888 0.05 0.06076388888888889
1 0.9805555555555555 0.025173611111111112 0.03888888888888889 0.046875
1 0.36180555555555555 0.9791666666666666 0.04583333333333333 0.034722222222222224
