3 0.025 0.4696180555555556 0.04722222222222222 0.0642361111111111
3 0.06944444444444445 0.15364583333333334 0.04722222222222222 0.05381944444444445
3 0.06527777777777778 0.058159722222222224 0.030555555555555555 0.05381944444444445
3 0.16180555555555556 0.1987847222222222 0.0375 0.057291666666666664
3 0.13125 0.5104166666666666 0.043055555555555555 0.06597222222222222
3 0.21319444444444444 0.4947916666666667 0.043055555555555555 0.059027777777777776
3 0.07083333333333333 0.6918402777777778 0.03888888888888889 0.07118055555555555
3 0.27291666666666664 0.5928819444444444 0.04583333333333333 0.06076388888888889
3 0.3229166666666667 0.5095486111111112 0.04583333333333333 0.057291666666666664
3 0.4409722222222222 0.5486111111111112 0.04583333333333333 0.052083333333333336
3 0.47847222222222224 0.2855902777777778 0.04583333333333333 0.057291666666666664
3 0.5493055555555556 0.020833333333333332 0.043055555555555555 0.03819444444444445
3 0.60625 0.3637152777777778 0.0375 0.05381944444444445
3 0.5284722222222222 0.4670138888888889 0.043055555555555555 0.04513888888888889
3 0.5888888888888889 0.5052083333333334 0.04722222222222222 0.059027777777777776
3 0.7270833333333333 0.3741319444444444 0.043055555555555555 0.06076388888888889
3 0.6791666666666667 0.5399305555555556 0.03333333333333333 0.05555555555555555
3 0.8159722222222222 0.3411458333333333 0.04583333333333333 0.06076388888888889
3 0.9479166666666666 0.043402777777777776 0.05138888888888889 0.06944444444444445
3 0.9576388888888889 0.5564236111111112 0.043055555555555555 0.050347222222222224
3 0.6472222222222223 0.8298611111111112 0.03888888888888889 0.06944444444444445
3 0.16666666666666666 0.8489583333333334 0.03333333333333333 0.06597222222222222
3 0.2569444444444444 0.9331597222222222 0.03888888888888889 0.0642361111111111
3 0.32222222222222224 0.9539930555555556 0.044444444444444446 0.05381944444444445
3 0.5465277777777777 0.8741319444444444 0.0375 0.0642361111111111
3 0.5618055555555556 0.9184027777777778 0.04027777777777778 0.0625
3 0.7715277777777778 0.7829861111111112 0.043055555555555555 0.04861111111111111
3 0.75625 0.8550347222222222 0.04027777777777778 0.057291666666666664
3 0.7791666666666667 0.9097222222222222 0.044444444444444446 0.052083333333333336
3 0.775 0.953125 0.03888888888888889 0.05555555555555555
3 0.9243055555555556 0.859375 0.04583333333333333 0.06944444444444445
3 0.9118055555555555 0.9765625 0.04027777777777778 0.036458333333333336
3 0.25277777777777777 0.014756944444444444 0.05277777777777778 0.026041666666666668
3 0.21388888888888888 0.9782986111111112 0.05277777777777778 0.043402777777777776
