1 0.0125 0.4036458333333333 0.022222222222222223 0.06076388888888889
1 0.11180555555555556 0.049479166666666664 0.04861111111111111 0.05381944444444445
1 0.07430555555555556 0.3385416666666667 0.04583333333333333 0.059027777777777776
1 0.12430555555555556 0.4774305555555556 0.043055555555555555 0.05555555555555555
1 0.25763888888888886 0.3472222222222222 0.04583333333333333 0.0625
1 0.3548611111111111 0.3506944444444444 0.043055555555555555 0.0625
1 0.3729166666666667 0.4739583333333333 0.04583333333333333 0.059027777777777776
1 0.42291666666666666 0.1684027777777778 0.04861111111111111 0.06597222222222222
1 0.5041666666666667 0.1701388888888889 0.044444444444444446 0.0625
1 0.5611111111111111 0.1814236111111111 0.041666666666666664 0.05381944444444445
1 0.6069444444444444 0.012152777777777778 0.03888888888888889 0.020833333333333332
1 0.7361111111111112 0.08680555555555555 0.041666666666666664 0.0625
1 0.7319444444444444 0.020833333333333332 0.04722222222222222 0.03819444444444445
1 0.7833333333333333 0.2664930555555556 0.044444444444444446 0.06770833333333333
1 0.8069444444444445 0.11979166666666667 0.041666666666666664 0.059027777777777776
1 0.5555555555555556 0.3046875 0.04722222222222222 0.057291666666666664
1 0.5138888888888888 0.2578125 0.041666666666666664 0.05381944444444445
1 0.35694444444444445 0.5520833333333334 0.041666666666666664 0.052083333333333336
1 0.08333333333333333 0.6362847222222222 0.04722222222222222 0.057291666666666664
1 0.018055555555555554 0.6657986111111112 0.03333333333333333 0.0642361111111111
1 0.06875 0.7039930555555556 0.043055555555555555 0.05381944444444445
1 0.009722222222222222 0.7612847222222222 0.016666666666666666 0.05381944444444445
1 0.022916666666666665 0.8055555555555556 0.043055555555555555 0.059027777777777776
1 0.07430555555555556 0.8619791666666666 0.04583333333333333 0.06076388888888889
1 0.1111111111111111 0.8559027777777778 0.03888888888888889 0.05555555555555555
1 0.035416666666666666 0.9479166666666666 0.043055555555555555 0.05555555555555555
1 0.15763888888888888 0.75 0.04583333333333333 0.052083333333333336
1 0.23055555555555557 0.7795138888888888 0.05 0.0625
1 0.2986111111111111 0.7369791666666666 0.04722222222222222 0.057291666666666664
1 0.3715277777777778 0.7039930555555556 0.04861111111111111 0.05381944444444445
1 0.38055555555555554 0.7612847222222222 0.04722222222222222 0.057291666666666664
1 0.475 0.7803819444444444 0.04722222222222222 0.06076388888888889
1 0.3875 0.8428819444444444 0.044444444444444446 0.05381944444444445
1 0.37777777777777777 0.953125 0.05 0.05555555555555555
1 0.6791666666666667 0.7717013888888888 0.041666666666666664 0.057291666666666664
1 0.6701388888888888 0.8177083333333334 0.043055555555555555 0.0625
1 0.6833333333333333 0.4852430555555556 0.05 0.0642361111111111
1 0.6972222222222222 0.4036458333333333 0.044444444444444446 0.06076388888888889
1 0.9409722222222222 0.4609375 0.04027777777777778 0.06076388888888889
1 0.8972222222222223 0.6883680555555556 0.044444444444444446 0.06076388888888889
1 0.7513888888888889 0.5 0.044444444444444446 0.0625
1 0.7722222222222223 0.8107638888888888 0.03888888888888889 0.0625
1 0.9347222222222222 0.8862847222222222 0.03888888888888889 0.06076388888888889
1 0.7548611111111111 0.9348958333333334 0.04583333333333333 0.0642361111111111
1 0.8722222222222222 0.8975694444444444 0.03888888888888889 0.041666666666666664
1 0.8770833333333333 0.9444444444444444 0.043055555555555555 0.0625
1 0.9833333333333333 0.7447916666666666 0.030555555555555555 0.07291666666666667
1 0.9868055555555556 0.8246527777777778 0.02638888888888889 0.05555555555555555
