1 0.11041666666666666 0.2074652777777778 0.04583333333333333 0.057291666666666664
1 0.03611111111111111 0.3472222222222222 0.041666666666666664 0.059027777777777776
1 0.14930555555555555 0.2586805555555556 0.05138888888888889 0.06944444444444445
1 0.1638888888888889 0.3107638888888889 0.044444444444444446 0.05555555555555555
1 0.1625 0.4505208333333333 0.044444444444444446 0.057291666666666664
1 0.12013888888888889 0.6206597222222222 0.043055555555555555 0.05381944444444445
1 0.014583333333333334 0.7612847222222222 0.02638888888888889 0.0642361111111111
1 0.2298611111111111 0.8038194444444444 0.04861111111111111 0.052083333333333336
1 0.27152777777777776 0.5147569444444444 0.04027777777777778 0.05381944444444445
1 0.3368055555555556 0.3003472222222222 0.043055555555555555 0.05555555555555555
1 0.3173611111111111 0.06336805555555555 0.04583333333333333 0.057291666666666664
1 0.3576388888888889 0.07118055555555555 0.043055555555555555 0.0625
1 0.5361111111111111 0.12586805555555555 0.041666666666666664 0.05381944444444445
1 0.4479166666666667 0.3376736111111111 0.043055555555555555 0.06076388888888889
1 0.4652777777777778 0.3975694444444444 0.044444444444444446 0.06597222222222222
1 0.3277777777777778 0.5225694444444444 0.044444444444444446 0.05555555555555555
1 0.36180555555555555 0.5086805555555556 0.043055555555555555 0.059027777777777776
1 0.42916666666666664 0.5807291666666666 0.04722222222222222 0.07118055555555555
1 0.4395833333333333 0.4583333333333333 0.043055555555555555 0.052083333333333336
1 0.7451388888888889 0.1232638888888889 0.043055555555555555 0.0625
1 0.7993055555555556 0.0703125 0.05138888888888889 0.0642361111111111
1 0.7944444444444444 0.13020833333333334 0.041666666666666664 0.052083333333333336
1 0.7763888888888889 0.1753472222222222 0.044444444444444446 0.04861111111111111
1 0.7326388888888888 0.3663194444444444 0.043055555555555555 0.0625
1 0.8194444444444444 0.3802083333333333 0.041666666666666664 0.05555555555555555
1 0.6611111111111111 0.4965277777777778 0.04722222222222222 0.059027777777777776
1 0.53125 0.5980902777777778 0.043055555555555555 0.046875
1 0.5916666666666667 0.5694444444444444 0.044444444444444446 0.05555555555555555
1 0.36875 0.7065972222222222 0.04583333333333333 0.05555555555555555
1 0.5020833333333333 0.6553819444444444 0.04027777777777778 0.0642361111111111
1 0.6423611111111112 0.7092013888888888 0.04861111111111111 0.0642361111111111
1 0.5 0.7829861111111112 0.03888888888888889 0.059027777777777776
1 0.43333333333333335 0.8420138888888888 0.05 0.052083333333333336
1 0.3763888888888889 0.9157986111111112 0.04722222222222222 0.06076388888888889
1 0.5263888888888889 0.9730902777777778 0.05277777777777778 0.046875
1 0.6555555555555556 0.9644097222222222 0.041666666666666664 0.05381944444444445
1 0.7104166666666667 0.7282986111111112 0.05416666666666667 0.07118055555555555
1 0.7458333333333333 0.6102430555555556 0.03888888888888889 0.057291666666666664
1 0.8 0.6197916666666666 0.041666666666666664 0.05555555555555555
1 0.8090277777777778 0.6779513888888888 0.043055555555555555 0.06076388888888889
1 0.8409722222222222 0.7118055555555556 0.04583333333333333 0.059027777777777776
1 0.9034722222222222 0.6657986111111112 0.043055555555555555 0.057291666666666664
1 0.9444444444444444 0.6666666666666666 0.044444444444444446 0.06597222222222222
1 0.9729166666666667 0.7699652777777778 0.04861111111111111 0.057291666666666664
1 0.8020833333333334 0.9730902777777778 0.043055555555555555 0.050347222222222224
1 0.9923611111111111 0.5980902777777778 0.015277777777777777 0.050347222222222224
