1 0.07361111111111111 0.2092013888888889 0.044444444444444446 0.050347222222222224
1 0.12638888888888888 0.030381944444444444 0.03888888888888889 0.057291666666666664
1 0.15069444444444444 0.17881944444444445 0.043055555555555555 0.052083333333333336
1 0.21597222222222223 0.2586805555555556 0.043055555555555555 0.052083333333333336
1 0.2611111111111111 0.2777777777777778 0.044444444444444446 0.05555555555555555
1 0.375 0.1736111111111111 0.044444444444444446 0.0625
1 0.19305555555555556 0.05555555555555555 0.041666666666666664 0.04861111111111111
1 0.6048611111111111 0.0234375 0.043055555555555555 0.043402777777777776
1 0.6791666666666667 0.05555555555555555 0.05 0.059027777777777776
1 0.8256944444444444 0.033854166666666664 0.0375 0.05381944444444445
1 0.5548611111111111 0.2569444444444444 0.04027777777777778 0.052083333333333336
1 0.10347222222222222 0.4835069444444444 0.043055555555555555 0.050347222222222224
1 0.1451388888888889 0.4965277777777778 0.0375 0.04513888888888889
1 0.30277777777777776 0.4010416666666667 0.05277777777777778 0.0625
1 0.43819444444444444 0.4114583333333333 0.04861111111111111 0.0625
1 0.5430555555555555 0.3784722222222222 0.04722222222222222 0.05555555555555555
1 0.1423611111111111 0.5651041666666666 0.043055555555555555 0.050347222222222224
1 0.19583333333333333 0.6119791666666666 0.04722222222222222 0.050347222222222224
1 0.17916666666666667 0.6666666666666666 0.044444444444444446 0.04861111111111111
1 0.19930555555555557 0.7925347222222222 0.05138888888888889 0.057291666666666664
1 0.11458333333333333 0.8480902777777778 0.043055555555555555 0.06076388888888889
1 0.1798611111111111 0.8446180555555556 0.05138888888888889 0.057291666666666664
1 0.3347222222222222 0.6953125 0.04722222222222222 0.057291666666666664
1 0.1798611111111111 0.9453125 0.04583333333333333 0.057291666666666664
1 0.2708333333333333 0.9461805555555556 0.05 0.05555555555555555
1 0.3854166666666667 0.6831597222222222 0.04027777777777778 0.05381944444444445
1 0.3347222222222222 0.5954861111111112 0.04722222222222222 0.052083333333333336
1 0.41875 0.5703125 0.0375 0.050347222222222224
1 0.9354166666666667 0.4105902777777778 0.04861111111111111 0.07118055555555555
1 0.8298611111111112 0.5225694444444444 0.04583333333333333 0.059027777777777776
1 0.8923611111111112 0.5321180555555556 0.043055555555555555 0.057291666666666664
1 0.6381944444444444 0.6414930555555556 0.0375 0.05381944444444445
1 0.5013888888888889 0.8203125 0.03888888888888889 0.057291666666666664
1 0.7159722222222222 0.7925347222222222 0.04027777777777778 0.057291666666666664
1 0.7944444444444444 0.7760416666666666 0.05 0.0625
1 0.8486111111111111 0.7413194444444444 0.041666666666666664 0.05555555555555555
1 0.5097222222222222 0.9730902777777778 0.041666666666666664 0.043402777777777776
1 0.7805555555555556 0.9487847222222222 0.03888888888888889 0.046875
1 0.8673611111111111 0.8923611111111112 0.04583333333333333 0.06944444444444445
1 0.32708333333333334 0.011284722222222222 0.043055555555555555 0.019097222222222224
