1 0.08125 0.013020833333333334 0.04583333333333333 0.022569444444444444
1 0.31805555555555554 0.021701388888888888 0.05277777777777778 0.03993055555555555
1 0.22569444444444445 0.0876736111111111 0.04583333333333333 0.05381944444444445
1 0.3145833333333333 0.1171875 0.0375 0.050347222222222224
1 0.09930555555555555 0.4036458333333333 0.04027777777777778 0.05381944444444445
1 0.25833333333333336 0.2361111111111111 0.03888888888888889 0.04513888888888889
1 0.23680555555555555 0.2934027777777778 0.043055555555555555 0.052083333333333336
1 0.14930555555555555 0.4713541666666667 0.0375 0.05381944444444445
1 0.12152777777777778 0.625 0.04583333333333333 0.059027777777777776
1 0.21041666666666667 0.5894097222222222 0.0375 0.05381944444444445
1 0.0625 0.7309027777777778 0.05 0.0625
1 0.12291666666666666 0.7309027777777778 0.04861111111111111 0.0625
1 0.14583333333333334 0.8619791666666666 0.041666666666666664 0.06076388888888889
1 0.24513888888888888 0.8619791666666666 0.043055555555555555 0.06076388888888889
1 0.40555555555555556 0.5902777777777778 0.041666666666666664 0.0625
1 0.39791666666666664 0.8732638888888888 0.043055555555555555 0.052083333333333336
1 0.4076388888888889 0.9253472222222222 0.04027777777777778 0.052083333333333336
1 0.49236111111111114 0.5199652777777778 0.043055555555555555 0.05381944444444445
1 0.5111111111111111 0.2847222222222222 0.041666666666666664 0.052083333333333336
1 0.5673611111111111 0.20399305555555555 0.0375 0.050347222222222224
1 0.5611111111111111 0.2890625 0.041666666666666664 0.050347222222222224
1 0.5618055555555556 0.5494791666666666 0.0375 0.050347222222222224
1 0.5277777777777778 0.6345486111111112 0.044444444444444446 0.050347222222222224
1 0.575 0.6588541666666666 0.03888888888888889 0.057291666666666664
1 0.5715277777777777 0.7855902777777778 0.0375 0.057291666666666664
1 0.6 0.7630208333333334 0.03611111111111111 0.06076388888888889
1 0.5368055555555555 0.9670138888888888 0.043055555555555555 0.05555555555555555
1 0.7013888888888888 0.5112847222222222 0.03611111111111111 0.057291666666666664
1 0.7520833333333333 0.6076388888888888 0.043055555555555555 0.052083333333333336
1 0.7590277777777777 0.6614583333333334 0.034722222222222224 0.052083333333333336
1 0.7305555555555555 0.7135416666666666 0.03888888888888889 0.05555555555555555
1 0.7944444444444444 0.8211805555555556 0.04722222222222222 0.059027777777777776
1 0.73125 0.9722222222222222 0.04027777777777778 0.04513888888888889
1 0.8930555555555556 0.8220486111111112 0.04722222222222222 0.06076388888888889
1 0.8722222222222222 0.9157986111111112 0.03333333333333333 0.050347222222222224
1 0.9652777777777778 0.7013888888888888 0.041666666666666664 0.05555555555555555
1 0.9868055555555556 0.8402777777777778 0.02638888888888889 0.06597222222222222
1 0.7131944444444445 0.3541666666666667 0.04027777777777778 0.052083333333333336
1 0.7298611111111111 0.2725694444444444 0.04027777777777778 0.05555555555555555
1 0.7520833333333333 0.3064236111111111 0.0375 0.05381944444444445
1 0.7993055555555556 0.19618055555555555 0.04027777777777778 0.052083333333333336
1 0.7895833333333333 0.08159722222222222 0.04027777777777778 0.052083333333333336
1 0.9152777777777777 0.2838541666666667 0.03888888888888889 0.05381944444444445
1 0.9895833333333334 0.2855902777777778 0.020833333333333332 0.046875
1 0.9895833333333334 0.7326388888888888 0.020833333333333332 0.04861111111111111
