1 0.07430555555555556 0.3090277777777778 0.04861111111111111 0.06944444444444445
1 0.16111111111111112 0.2934027777777778 0.04722222222222222 0.059027777777777776
1 0.08680555555555555 0.20399305555555555 0.04861111111111111 0.06076388888888889
1 0.16597222222222222 0.0763888888888889 0.043055555555555555 0.05555555555555555
1 0.24722222222222223 0.017361111111111112 0.044444444444444446 0.03125
1 0.30069444444444443 0.12152777777777778 0.04861111111111111 0.0625
1 0.3145833333333333 0.1970486111111111 0.04583333333333333 0.06770833333333333
1 0.31527777777777777 0.3411458333333333 0.05 0.06076388888888889
1 0.3625 0.2925347222222222 0.041666666666666664 0.0642361111111111
1 0.03888888888888889 0.4982638888888889 0.041666666666666664 0.05555555555555555
1 0.0125 0.5425347222222222 0.022222222222222223 0.06770833333333333
1 0.08819444444444445 0.6154513888888888 0.0375 0.05381944444444445
1 0.02847222222222222 0.8211805555555556 0.04027777777777778 0.04861111111111111
1 0.12013888888888889 0.8020833333333334 0.043055555555555555 0.06597222222222222
1 0.20694444444444443 0.640625 0.03888888888888889 0.059027777777777776
1 0.18472222222222223 0.8350694444444444 0.044444444444444446 0.052083333333333336
1 0.2965277777777778 0.6944444444444444 0.05138888888888889 0.06597222222222222
1 0.3368055555555556 0.6414930555555556 0.043055555555555555 0.050347222222222224
1 0.40694444444444444 0.6770833333333334 0.04722222222222222 0.0625
1 0.3993055555555556 0.7751736111111112 0.04583333333333333 0.057291666666666664
1 0.30625 0.8993055555555556 0.04583333333333333 0.0625
1 0.2916666666666667 0.9635416666666666 0.04722222222222222 0.05555555555555555
1 0.4513888888888889 0.8420138888888888 0.041666666666666664 0.052083333333333336
1 0.4388888888888889 0.9140625 0.04722222222222222 0.06076388888888889
1 0.49375 0.9565972222222222 0.04583333333333333 0.0625
1 0.6395833333333333 0.8776041666666666 0.04861111111111111 0.057291666666666664
1 0.2569444444444444 0.4418402777777778 0.04722222222222222 0.06076388888888889
1 0.4708333333333333 0.3055555555555556 0.041666666666666664 0.0625
1 0.39861111111111114 0.16145833333333334 0.044444444444444446 0.05555555555555555
1 0.44375 0.1545138888888889 0.043055555555555555 0.059027777777777776
1 0.4409722222222222 0.0546875 0.0375 0.0642361111111111
1 0.7354166666666667 0.05555555555555555 0.0375 0.052083333333333336
1 0.7 0.1076388888888889 0.041666666666666664 0.05555555555555555
1 0.6916666666666667 0.17100694444444445 0.05 0.057291666666666664
1 0.88125 0.3194444444444444 0.04583333333333333 0.06597222222222222
1 0.9354166666666667 0.3394097222222222 0.043055555555555555 0.06770833333333333
1 0.4125 0.4930555555555556 0.044444444444444446 0.06597222222222222
1 0.45694444444444443 0.5034722222222222 0.044444444444444446 0.059027777777777776
1 0.8069444444444445 0.5364583333333334 0.041666666666666664 0.059027777777777776
1 0.8236111111111111 0.65625 0.04722222222222222 0.05555555555555555
1 0.46805555555555556 0.3628472222222222 0.03888888888888889 0.05555555555555555
