1 0.17708333333333334 0.4340277777777778 0.043055555555555555 0.052083333333333336
1 0.04027777777777778 0.23958333333333334 0.044444444444444446 0.052083333333333336
1 0.13125 0.2204861111111111 0.04861111111111111 0.05555555555555555
1 0.19652777777777777 0.2586805555555556 0.043055555555555555 0.052083333333333336
1 0.09513888888888888 0.03298611111111111 0.0375 0.052083333333333336
1 0.21875 0.06336805555555555 0.043055555555555555 0.057291666666666664
1 0.30694444444444446 0.11631944444444445 0.05277777777777778 0.0625
1 0.3458333333333333 0.07118055555555555 0.044444444444444446 0.05555555555555555
1 0.41944444444444445 0.09809027777777778 0.04722222222222222 0.06076388888888889
1 0.31805555555555554 0.3220486111111111 0.05 0.0642361111111111
1 0.3020833333333333 0.3854166666666667 0.04861111111111111 0.05555555555555555
1 0.4076388888888889 0.1996527777777778 0.04583333333333333 0.052083333333333336
1 0.46111111111111114 0.2647569444444444 0.041666666666666664 0.057291666666666664
1 0.45 0.3411458333333333 0.044444444444444446 0.06770833333333333
1 0.5048611111111111 0.3793402777777778 0.043055555555555555 0.057291666666666664
1 0.6534722222222222 0.3055555555555556 0.04861111111111111 0.05555555555555555
1 0.6472222222222223 0.4583333333333333 0.05 0.06944444444444445
1 0.7104166666666667 0.4887152777777778 0.04027777777777778 0.05381944444444445
1 0.47847222222222224 0.5815972222222222 0.05694444444444444 0.0625
1 0.325 0.6744791666666666 0.041666666666666664 0.05381944444444445
1 0.4083333333333333 0.6267361111111112 0.05277777777777778 0.0625
1 0.23680555555555555 0.7309027777777778 0.043055555555555555 0.05555555555555555
1 0.16180555555555556 0.8689236111111112 0.04583333333333333 0.0642361111111111
1 0.07847222222222222 0.8958333333333334 0.04583333333333333 0.06944444444444445
1 0.2361111111111111 0.9270833333333334 0.04722222222222222 0.05555555555555555
1 0.16944444444444445 0.9635416666666666 0.044444444444444446 0.05555555555555555
1 0.5847222222222223 0.8532986111111112 0.05 0.0642361111111111
1 0.5159722222222223 0.9678819444444444 0.04027777777777778 0.050347222222222224
1 0.6041666666666666 0.9809027777777778 0.058333333333333334 0.03125
1 0.60625 0.7361111111111112 0.04027777777777778 0.052083333333333336
1 0.5611111111111111 0.6388888888888888 0.04722222222222222 0.06597222222222222
1 0.66875 0.7638888888888888 0.04583333333333333 0.05555555555555555
1 0.68125 0.8098958333333334 0.04027777777777778 0.05381944444444445
1 0.7659722222222223 0.7951388888888888 0.04027777777777778 0.0625
1 0.9354166666666667 0.5442708333333334 0.043055555555555555 0.06076388888888889
1 0.9791666666666666 0.5130208333333334 0.041666666666666664 0.057291666666666664
1 0.8354166666666667 0.07899305555555555 0.04027777777777778 0.050347222222222224
1 0.9736111111111111 0.65625 0.041666666666666664 0.05555555555555555
1 0.3611111111111111 0.7578125 0.04722222222222222 0.057291666666666664
1 0.35694444444444445 0.6918402777777778 0.03611111111111111 0.06076388888888889
1 0.5430555555555555 0.984375 0.03611111111111111 0.027777777777777776
