1 0.07083333333333333 0.15104166666666666 0.041666666666666664 0.05555555555555555
1 0.12986111111111112 0.1449652777777778 0.04027777777777778 0.05381944444444445
1 0.24583333333333332 0.13020833333333334 0.05277777777777778 0.0625
1 0.33125 0.1449652777777778 0.04583333333333333 0.050347222222222224
1 0.3951388888888889 0.034722222222222224 0.043055555555555555 0.052083333333333336
1 0.20347222222222222 0.2769097222222222 0.04027777777777778 0.05381944444444445
1 0.04027777777777778 0.3411458333333333 0.041666666666666664 0.057291666666666664
1 0.09652777777777778 0.4756944444444444 0.04583333333333333 0.05555555555555555
1 0.08333333333333333 0.5425347222222222 0.03888888888888889 0.050347222222222224
1 0.1986111111111111 0.4973958333333333 0.041666666666666664 0.05381944444444445
1 0.2520833333333333 0.5260416666666666 0.04027777777777778 0.052083333333333336
1 0.2902777777777778 0.5381944444444444 0.03888888888888889 0.04861111111111111
1 0.3993055555555556 0.4921875 0.04583333333333333 0.05381944444444445
1 0.4236111111111111 0.3541666666666667 0.044444444444444446 0.0625
1 0.6479166666666667 0.1484375 0.0375 0.050347222222222224
1 0.6263888888888889 0.3810763888888889 0.041666666666666664 0.057291666666666664
1 0.70625 0.2378472222222222 0.04027777777777778 0.052083333333333336
1 0.75 0.21180555555555555 0.05 0.06597222222222222
1 0.8701388888888889 0.328125 0.043055555555555555 0.05555555555555555
1 0.9770833333333333 0.016493055555555556 0.04027777777777778 0.029513888888888888
1 0.6520833333333333 0.5833333333333334 0.04583333333333333 0.06597222222222222
1 0.7951388888888888 0.5538194444444444 0.043055555555555555 0.0625
1 0.8798611111111111 0.5416666666666666 0.04027777777777778 0.05555555555555555
1 0.08263888888888889 0.8159722222222222 0.04027777777777778 0.052083333333333336
1 0.35555555555555557 0.7265625 0.03888888888888889 0.05381944444444445
1 0.4097222222222222 0.6970486111111112 0.04722222222222222 0.05381944444444445
1 0.7215277777777778 0.6944444444444444 0.0375 0.04861111111111111
1 0.7229166666666667 0.6206597222222222 0.0375 0.06770833333333333
1 0.6805555555555556 0.7439236111111112 0.03888888888888889 0.05381944444444445
1 0.69375 0.7829861111111112 0.05138888888888889 0.04513888888888889
1 0.7986111111111112 0.8454861111111112 0.041666666666666664 0.05555555555555555
1 0.9673611111111111 0.8958333333333334 0.04583333333333333 0.06597222222222222
1 0.06805555555555555 0.9001736111111112 0.04722222222222222 0.06076388888888889
1 0.11805555555555555 0.8949652777777778 0.044444444444444446 0.05381944444444445
1 0.21805555555555556 0.9730902777777778 0.04722222222222222 0.046875
1 0.32222222222222224 0.9756944444444444 0.04722222222222222 0.04513888888888889
1 0.42291666666666666 0.9453125 0.04027777777777778 0.057291666666666664
1 0.5131944444444444 0.9461805555555556 0.0375 0.05555555555555555
1 0.6111111111111112 0.9730902777777778 0.041666666666666664 0.046875
1 0.013888888888888888 0.4088541666666667 0.025 0.05381944444444445
1 0.011805555555555555 0.4592013888888889 0.020833333333333332 0.05381944444444445
1 0.9909722222222223 0.12065972222222222 0.018055555555555554 0.05381944444444445
1 0.9895833333333334 0.7994791666666666 0.020833333333333332 0.050347222222222224
