1 0.0125 0.3498263888888889 0.022222222222222223 0.057291666666666664
1 0.049305555555555554 0.3402777777777778 0.04583333333333333 0.05555555555555555
1 0.13333333333333333 0.18055555555555555 0.05 0.052083333333333336
1 0.15555555555555556 0.3289930555555556 0.041666666666666664 0.050347222222222224
1 0.04513888888888889 0.5703125 0.043055555555555555 0.057291666666666664
1 0.15416666666666667 0.5694444444444444 0.03888888888888889 0.052083333333333336
1 0.13194444444444445 0.6119791666666666 0.04722222222222222 0.057291666666666664
1 0.07430555555555556 0.6354166666666666 0.04583333333333333 0.05555555555555555
1 0.06527777777777778 0.7326388888888888 0.044444444444444446 0.052083333333333336
1 0.1840277777777778 0.6866319444444444 0.05138888888888889 0.06076388888888889
1 0.2465277777777778 0.5486111111111112 0.04027777777777778 0.05555555555555555
1 0.2513888888888889 0.2621527777777778 0.03888888888888889 0.05555555555555555
1 0.275 0.09895833333333333 0.044444444444444446 0.05555555555555555
1 0.3333333333333333 0.234375 0.041666666666666664 0.05555555555555555
1 0.4027777777777778 0.1736111111111111 0.041666666666666664 0.059027777777777776
1 0.3923611111111111 0.5572916666666666 0.04027777777777778 0.05555555555555555
1 0.4409722222222222 0.5208333333333334 0.034722222222222224 0.059027777777777776
1 0.25833333333333336 0.7256944444444444 0.044444444444444446 0.059027777777777776
1 0.32430555555555557 0.7274305555555556 0.04027777777777778 0.059027777777777776
1 0.4166666666666667 0.7899305555555556 0.05 0.06944444444444445
1 0.41388888888888886 0.8732638888888888 0.05 0.059027777777777776
1 0.5395833333333333 0.609375 0.05138888888888889 0.059027777777777776
1 0.5625 0.6710069444444444 0.041666666666666664 0.05381944444444445
1 0.5520833333333334 0.7690972222222222 0.04583333333333333 0.05555555555555555
1 0.5506944444444445 0.7135416666666666 0.04861111111111111 0.04861111111111111
1 0.5840277777777778 0.20225694444444445 0.05138888888888889 0.050347222222222224
1 0.6784722222222223 0.1935763888888889 0.04861111111111111 0.06076388888888889
1 0.6875 0.07291666666666667 0.04722222222222222 0.05555555555555555
1 0.9527777777777777 0.07552083333333333 0.04722222222222222 0.05381944444444445
1 0.6340277777777777 0.2899305555555556 0.04027777777777778 0.052083333333333336
1 0.6645833333333333 0.3758680555555556 0.04027777777777778 0.06076388888888889
1 0.7958333333333333 0.3828125 0.044444444444444446 0.0642361111111111
1 0.8479166666666667 0.4409722222222222 0.043055555555555555 0.04861111111111111
1 0.9347222222222222 0.4470486111111111 0.041666666666666664 0.050347222222222224
1 0.6645833333333333 0.6128472222222222 0.043055555555555555 0.05555555555555555
1 0.6027777777777777 0.8315972222222222 0.041666666666666664 0.059027777777777776
1 0.7416666666666667 0.9175347222222222 0.044444444444444446 0.06076388888888889
1 0.9833333333333333 0.7690972222222222 0.03333333333333333 0.059027777777777776
1 0.8465277777777778 0.4878472222222222 0.04027777777777778 0.05555555555555555
1 0.15138888888888888 0.4670138888888889 0.044444444444444446 0.05555555555555555
