1 0.13958333333333334 0.3368055555555556 0.04583333333333333 0.06597222222222222
1 0.09097222222222222 0.3923611111111111 0.04583333333333333 0.059027777777777776
1 0.011805555555555555 0.5659722222222222 0.020833333333333332 0.05555555555555555
1 0.12222222222222222 0.453125 0.044444444444444446 0.059027777777777776
1 0.1736111111111111 0.4461805555555556 0.04722222222222222 0.0625
1 0.17777777777777778 0.3810763888888889 0.03888888888888889 0.057291666666666664
1 0.23125 0.4574652777777778 0.04027777777777778 0.050347222222222224
1 0.225 0.671875 0.04722222222222222 0.05555555555555555
1 0.10208333333333333 0.8151041666666666 0.05416666666666667 0.06076388888888889
1 0.2520833333333333 0.5651041666666666 0.05138888888888889 0.057291666666666664
1 0.38125 0.3940972222222222 0.04027777777777778 0.059027777777777776
1 0.31180555555555556 0.1032986111111111 0.043055555555555555 0.057291666666666664
1 0.23958333333333334 0.022569444444444444 0.04027777777777778 0.041666666666666664
1 0.4618055555555556 0.1015625 0.04583333333333333 0.057291666666666664
1 0.5652777777777778 0.1909722222222222 0.04722222222222222 0.0625
1 0.4722222222222222 0.3307291666666667 0.044444444444444446 0.05381944444444445
1 0.5263888888888889 0.4270833333333333 0.06111111111111111 0.052083333333333336
1 0.3576388888888889 0.5303819444444444 0.04027777777777778 0.05381944444444445
1 0.45555555555555555 0.6197916666666666 0.044444444444444446 0.06597222222222222
1 0.36319444444444443 0.7135416666666666 0.04583333333333333 0.059027777777777776
1 0.41875 0.8385416666666666 0.04027777777777778 0.059027777777777776
1 0.4625 0.875 0.044444444444444446 0.0625
1 0.45694444444444443 0.9444444444444444 0.05277777777777778 0.06597222222222222
1 0.5826388888888889 0.6041666666666666 0.05138888888888889 0.059027777777777776
1 0.6194444444444445 0.4800347222222222 0.041666666666666664 0.0642361111111111
1 0.6902777777777778 0.17708333333333334 0.04722222222222222 0.0625
1 0.7131944444444445 0.2126736111111111 0.043055555555555555 0.05381944444444445
1 0.7048611111111112 0.03125 0.043055555555555555 0.05555555555555555
1 0.7513888888888889 0.024305555555555556 0.04722222222222222 0.04513888888888889
1 0.9673611111111111 0.020833333333333332 0.043055555555555555 0.03819444444444445
1 0.9722222222222222 0.1015625 0.05 0.06076388888888889
1 0.7743055555555556 0.17708333333333334 0.04861111111111111 0.059027777777777776
1 0.8347222222222223 0.2829861111111111 0.05 0.059027777777777776
1 0.7979166666666667 0.3342013888888889 0.04861111111111111 0.057291666666666664
1 0.7534722222222222 0.5260416666666666 0.04861111111111111 0.05555555555555555
1 0.6486111111111111 0.6163194444444444 0.04722222222222222 0.059027777777777776
1 0.7652777777777777 0.6449652777777778 0.044444444444444446 0.06076388888888889
1 0.7340277777777777 0.6822916666666666 0.04583333333333333 0.059027777777777776
1 0.65625 0.9149305555555556 0.04861111111111111 0.05555555555555555
1 0.8819444444444444 0.6440972222222222 0.03888888888888889 0.05555555555555555
1 0.9201388888888888 0.6519097222222222 0.043055555555555555 0.05381944444444445
1 0.8680555555555556 0.7274305555555556 0.041666666666666664 0.05555555555555555
1 0.9090277777777778 0.8472222222222222 0.04027777777777778 0.052083333333333336
