3 0.07847222222222222 0.1388888888888889 0.0375 0.06597222222222222
3 0.2298611111111111 0.10243055555555555 0.05138888888888889 0.0625
3 0.3958333333333333 0.04861111111111111 0.044444444444444446 0.0625
3 0.027777777777777776 0.4435763888888889 0.04722222222222222 0.057291666666666664
3 0.017361111111111112 0.6059027777777778 0.03194444444444444 0.05555555555555555
3 0.03333333333333333 0.8168402777777778 0.041666666666666664 0.057291666666666664
3 0.12222222222222222 0.8585069444444444 0.04722222222222222 0.0642361111111111
3 0.2111111111111111 0.3411458333333333 0.04722222222222222 0.057291666666666664
3 0.28888888888888886 0.3064236111111111 0.044444444444444446 0.057291666666666664
3 0.3819444444444444 0.2378472222222222 0.03888888888888889 0.052083333333333336
3 0.3951388888888889 0.3012152777777778 0.043055555555555555 0.078125
3 0.5805555555555556 0.2743055555555556 0.04722222222222222 0.05555555555555555
3 0.5659722222222222 0.0954861111111111 0.04583333333333333 0.059027777777777776
3 0.6763888888888889 0.0998263888888889 0.041666666666666664 0.050347222222222224
3 0.6631944444444444 0.1831597222222222 0.04027777777777778 0.057291666666666664
3 0.7798611111111111 0.18489583333333334 0.043055555555555555 0.06076388888888889
3 0.8201388888888889 0.19618055555555555 0.04583333333333333 0.05555555555555555
3 0.9402777777777778 0.04079861111111111 0.03888888888888889 0.046875
3 0.9673611111111111 0.19010416666666666 0.04027777777777778 0.043402777777777776
3 0.4673611111111111 0.4357638888888889 0.04027777777777778 0.06597222222222222
3 0.6069444444444444 0.5130208333333334 0.041666666666666664 0.057291666666666664
3 0.4618055555555556 0.5364583333333334 0.0375 0.052083333333333336
3 0.6722222222222223 0.5381944444444444 0.03611111111111111 0.052083333333333336
3 0.8597222222222223 0.5182291666666666 0.044444444444444446 0.057291666666666664
3 0.9138888888888889 0.5260416666666666 0.03611111111111111 0.04513888888888889
3 0.4708333333333333 0.6154513888888888 0.041666666666666664 0.05381944444444445
3 0.6298611111111111 0.6276041666666666 0.04027777777777778 0.06076388888888889
3 0.6902777777777778 0.5972222222222222 0.044444444444444446 0.04513888888888889
3 0.4861111111111111 0.7664930555555556 0.044444444444444446 0.05381944444444445
3 0.3347222222222222 0.7647569444444444 0.041666666666666664 0.06076388888888889
3 0.34305555555555556 0.8220486111111112 0.03611111111111111 0.05381944444444445
3 0.41944444444444445 0.8454861111111112 0.03611111111111111 0.05555555555555555
3 0.5465277777777777 0.8012152777777778 0.043055555555555555 0.06076388888888889
3 0.6819444444444445 0.6805555555555556 0.03611111111111111 0.04861111111111111
3 0.7104166666666667 0.7317708333333334 0.04583333333333333 0.05381944444444445
3 0.7701388888888889 0.8098958333333334 0.04583333333333333 0.05381944444444445
3 0.775 0.8993055555555556 0.04722222222222222 0.059027777777777776
3 0.9090277777777778 0.8272569444444444 0.034722222222222224 0.0642361111111111
3 0.9125 0.9131944444444444 0.04722222222222222 0.0625
3 0.9888888888888889 0.4574652777777778 0.022222222222222223 0.07465277777777778
