1 0.022222222222222223 0.3975694444444444 0.041666666666666664 0.06597222222222222
1 0.014583333333333334 0.3046875 0.02638888888888889 0.057291666666666664
1 0.03194444444444444 0.11979166666666667 0.041666666666666664 0.05555555555555555
1 0.07777777777777778 0.0954861111111111 0.044444444444444446 0.05555555555555555
1 0.11944444444444445 0.10069444444444445 0.041666666666666664 0.0625
1 0.2722222222222222 0.0234375 0.044444444444444446 0.043402777777777776
1 0.3402777777777778 0.058159722222222224 0.041666666666666664 0.05381944444444445
1 0.05486111111111111 0.5381944444444444 0.04861111111111111 0.05555555555555555
1 0.11319444444444444 0.4791666666666667 0.04027777777777778 0.05555555555555555
1 0.20555555555555555 0.4904513888888889 0.044444444444444446 0.05381944444444445
1 0.2972222222222222 0.5043402777777778 0.05 0.05381944444444445
1 0.3680555555555556 0.5980902777777778 0.044444444444444446 0.0642361111111111
1 0.2638888888888889 0.6979166666666666 0.041666666666666664 0.0625
1 0.33125 0.8064236111111112 0.04583333333333333 0.06076388888888889
1 0.15069444444444444 0.9704861111111112 0.04027777777777778 0.052083333333333336
1 0.33055555555555555 0.8914930555555556 0.04722222222222222 0.057291666666666664
1 0.3993055555555556 0.4097222222222222 0.043055555555555555 0.06597222222222222
1 0.4284722222222222 0.21180555555555555 0.05138888888888889 0.0625
1 0.45555555555555555 0.051215277777777776 0.04722222222222222 0.05381944444444445
1 0.5118055555555555 0.057291666666666664 0.04027777777777778 0.0625
1 0.5333333333333333 0.2560763888888889 0.04722222222222222 0.0642361111111111
1 0.46597222222222223 0.3315972222222222 0.05138888888888889 0.06597222222222222
1 0.54375 0.375 0.04583333333333333 0.06597222222222222
1 0.5993055555555555 0.2899305555555556 0.04861111111111111 0.06944444444444445
1 0.6625 0.5399305555555556 0.044444444444444446 0.05555555555555555
1 0.7138888888888889 0.5607638888888888 0.05277777777777778 0.0625
1 0.55625 0.7465277777777778 0.04861111111111111 0.059027777777777776
1 0.4395833333333333 0.6085069444444444 0.05138888888888889 0.057291666666666664
1 0.5708333333333333 0.8081597222222222 0.05 0.06770833333333333
1 0.8541666666666666 0.4131944444444444 0.03888888888888889 0.052083333333333336
1 0.9 0.3888888888888889 0.05 0.06597222222222222
1 0.93125 0.1953125 0.04027777777777778 0.0642361111111111
1 0.7736111111111111 0.09288194444444445 0.05 0.06770833333333333
1 0.7513888888888889 0.030381944444444444 0.04722222222222222 0.057291666666666664
1 0.8611111111111112 0.014756944444444444 0.044444444444444446 0.026041666666666668
1 0.8666666666666667 0.5633680555555556 0.05 0.06076388888888889
1 0.7625 0.7126736111111112 0.041666666666666664 0.06076388888888889
1 0.7479166666666667 0.9288194444444444 0.04583333333333333 0.0625
1 0.8347222222222223 0.8871527777777778 0.044444444444444446 0.06944444444444445
1 0.9486111111111111 0.8411458333333334 0.044444444444444446 0.057291666666666664
1 0.7840277777777778 0.7595486111111112 0.043055555555555555 0.06076388888888889
1 0.44513888888888886 0.1293402777777778 0.04861111111111111 0.0642361111111111
1 0.9486111111111111 0.012152777777777778 0.04722222222222222 0.020833333333333332
