1 0.04513888888888889 0.2690972222222222 0.05138888888888889 0.06944444444444445
3 0.16111111111111112 0.2777777777777778 0.05 0.059027777777777776
3 0.23472222222222222 0.2170138888888889 0.04722222222222222 0.059027777777777776
3 0.32430555555555557 0.05381944444444445 0.04861111111111111 0.06597222222222222
3 0.2916666666666667 0.3862847222222222 0.041666666666666664 0.057291666666666664
3 0.3263888888888889 0.3723958333333333 0.05555555555555555 0.05381944444444445
3 0.37083333333333335 0.3932291666666667 0.05 0.07118055555555555
3 0.31875 0.5295138888888888 0.04583333333333333 0.04861111111111111
3 0.12986111111111112 0.6623263888888888 0.04583333333333333 0.07118055555555555
3 0.2326388888888889 0.6579861111111112 0.05138888888888889 0.0625
3 0.17708333333333334 0.6927083333333334 0.04027777777777778 0.0625
3 0.125 0.7664930555555556 0.058333333333333334 0.057291666666666664
3 0.17916666666666667 0.7673611111111112 0.05277777777777778 0.059027777777777776
3 0.10416666666666667 0.9079861111111112 0.041666666666666664 0.059027777777777776
3 0.21319444444444444 0.9348958333333334 0.05694444444444444 0.07118055555555555
3 0.25 0.8645833333333334 0.044444444444444446 0.0625
3 0.2972222222222222 0.8880208333333334 0.05277777777777778 0.06770833333333333
3 0.2875 0.9713541666666666 0.04722222222222222 0.050347222222222224
3 0.4013888888888889 0.8289930555555556 0.041666666666666664 0.0642361111111111
3 0.32222222222222224 0.5954861111111112 0.05277777777777778 0.0625
3 0.4895833333333333 0.4921875 0.05138888888888889 0.06770833333333333
3 0.5048611111111111 0.7282986111111112 0.05138888888888889 0.06770833333333333
3 0.5465277777777777 0.7786458333333334 0.04027777777777778 0.05381944444444445
3 0.45 0.9296875 0.04722222222222222 0.0642361111111111
3 0.7256944444444444 0.8515625 0.0375 0.0642361111111111
3 0.6527777777777778 0.9618055555555556 0.05 0.059027777777777776
3 0.8256944444444444 0.9756944444444444 0.04583333333333333 0.041666666666666664
3 0.46111111111111114 0.3072916666666667 0.041666666666666664 0.06597222222222222
3 0.49236111111111114 0.2847222222222222 0.05138888888888889 0.06944444444444445
3 0.5305555555555556 0.2803819444444444 0.044444444444444446 0.06770833333333333
3 0.5430555555555555 0.1362847222222222 0.05555555555555555 0.0642361111111111
3 0.5173611111111112 0.0763888888888889 0.034722222222222224 0.06597222222222222
3 0.4840277777777778 0.03819444444444445 0.05138888888888889 0.06597222222222222
3 0.6291666666666667 0.07378472222222222 0.044444444444444446 0.06076388888888889
3 0.6576388888888889 0.1371527777777778 0.05138888888888889 0.07291666666666667
3 0.7326388888888888 0.019965277777777776 0.05416666666666667 0.036458333333333336
3 0.8229166666666666 0.050347222222222224 0.043055555555555555 0.059027777777777776
3 0.8513888888888889 0.026041666666666668 0.03888888888888889 0.04861111111111111
3 0.9430555555555555 0.04600694444444445 0.04722222222222222 0.06076388888888889
3 0.8777777777777778 0.12239583333333333 0.05277777777777778 0.0642361111111111
3 0.9833333333333333 0.11284722222222222 0.03333333333333333 0.0625
3 0.7090277777777778 0.4210069444444444 0.04583333333333333 0.05381944444444445
3 0.8229166666666666 0.3958333333333333 0.04861111111111111 0.07291666666666667
3 0.9604166666666667 0.2960069444444444 0.043055555555555555 0.06770833333333333
3 0.7708333333333334 0.5616319444444444 0.044444444444444446 0.07118055555555555
3 0.9194444444444444 0.4904513888888889 0.05 0.0642361111111111
3 0.8388888888888889 0.5607638888888888 0.05 0.07291666666666667
3 0.9541666666666667 0.5355902777777778 0.05 0.06076388888888889
3 0.95625 0.6762152777777778 0.05416666666666667 0.07118055555555555
3 0.9798611111111111 0.9288194444444444 0.04027777777777778 0.07291666666666667
3 0.5645833333333333 0.3663194444444444 0.05694444444444444 0.059027777777777776
3 0.9909722222222223 0.71875 0.018055555555555554 0.052083333333333336
3 0.2465277777777778 0.012152777777777778 0.05138888888888889 0.020833333333333332
3 0.18611111111111112 0.011284722222222222 0.041666666666666664 0.019097222222222224
3 0.10833333333333334 0.8315972222222222 0.04722222222222222 0.05555555555555555
3 0.9055555555555556 0.014756944444444444 0.044444444444444446 0.026041666666666668
3 0.3173611111111111 0.8506944444444444 0.05138888888888889 0.0625
