1 0.017361111111111112 0.0234375 0.03194444444444444 0.043402777777777776
1 0.16805555555555557 0.3185763888888889 0.044444444444444446 0.06770833333333333
1 0.013194444444444444 0.4366319444444444 0.02361111111111111 0.0642361111111111
1 0.043055555555555555 0.5121527777777778 0.05277777777777778 0.06597222222222222
1 0.01597222222222222 0.7630208333333334 0.029166666666666667 0.05381944444444445
1 0.21597222222222223 0.4097222222222222 0.043055555555555555 0.059027777777777776
1 0.21666666666666667 0.34375 0.05 0.0625
1 0.35555555555555557 0.2864583333333333 0.044444444444444446 0.0625
1 0.3701388888888889 0.11197916666666667 0.04861111111111111 0.0642361111111111
1 0.5291666666666667 0.0763888888888889 0.044444444444444446 0.06597222222222222
1 0.6013888888888889 0.058159722222222224 0.044444444444444446 0.057291666666666664
1 0.6416666666666667 0.043402777777777776 0.04722222222222222 0.05555555555555555
1 0.68125 0.203125 0.05416666666666667 0.0625
1 0.5083333333333333 0.3376736111111111 0.041666666666666664 0.06076388888888889
1 0.27847222222222223 0.4296875 0.04583333333333333 0.06076388888888889
1 0.3972222222222222 0.5703125 0.044444444444444446 0.0642361111111111
1 0.35555555555555557 0.6102430555555556 0.04722222222222222 0.06076388888888889
1 0.28194444444444444 0.8550347222222222 0.04722222222222222 0.0642361111111111
1 0.12777777777777777 0.9661458333333334 0.05 0.06076388888888889
1 0.5243055555555556 0.6701388888888888 0.04027777777777778 0.05555555555555555
1 0.5152777777777777 0.7899305555555556 0.044444444444444446 0.05555555555555555
1 0.6083333333333333 0.6684027777777778 0.05277777777777778 0.06944444444444445
1 0.65 0.5520833333333334 0.05555555555555555 0.052083333333333336
1 0.55 0.4479166666666667 0.04722222222222222 0.0763888888888889
1 0.6527777777777778 0.3645833333333333 0.05 0.059027777777777776
1 0.79375 0.3237847222222222 0.05416666666666667 0.05381944444444445
1 0.9715277777777778 0.1423611111111111 0.05138888888888889 0.0625
1 0.9222222222222223 0.4453125 0.04722222222222222 0.0642361111111111
1 0.9069444444444444 0.546875 0.04722222222222222 0.059027777777777776
1 0.7201388888888889 0.6319444444444444 0.04861111111111111 0.06597222222222222
1 0.6208333333333333 0.7682291666666666 0.044444444444444446 0.07118055555555555
1 0.5590277777777778 0.8680555555555556 0.05138888888888889 0.0625
1 0.6868055555555556 0.8289930555555556 0.043055555555555555 0.057291666666666664
1 0.7243055555555555 0.7873263888888888 0.04583333333333333 0.0642361111111111
1 0.7868055555555555 0.7951388888888888 0.04861111111111111 0.06597222222222222
1 0.8256944444444444 0.8125 0.043055555555555555 0.052083333333333336
1 0.7777777777777778 0.9513888888888888 0.044444444444444446 0.05555555555555555
1 0.7069444444444445 0.9097222222222222 0.04722222222222222 0.06597222222222222
1 0.9770833333333333 0.8576388888888888 0.04027777777777778 0.059027777777777776
1 0.9625 0.8984375 0.04722222222222222 0.05381944444444445
1 0.30416666666666664 0.9791666666666666 0.05 0.03819444444444445
1 0.9180555555555555 0.9817708333333334 0.05277777777777778 0.03298611111111111
1 0.9868055555555556 0.6727430555555556 0.02638888888888889 0.07118055555555555
1 0.9868055555555556 0.3541666666666667 0.02638888888888889 0.07291666666666667
1 0.08888888888888889 0.015625 0.05 0.027777777777777776
