1 0.08263888888888889 0.2951388888888889 0.04861111111111111 0.0625
1 0.01597222222222222 0.4079861111111111 0.029166666666666667 0.059027777777777776
1 0.06180555555555556 0.5034722222222222 0.05138888888888889 0.0625
1 0.04861111111111111 0.6024305555555556 0.04722222222222222 0.05555555555555555
1 0.2465277777777778 0.5190972222222222 0.05138888888888889 0.06597222222222222
1 0.2708333333333333 0.4053819444444444 0.044444444444444446 0.05381944444444445
1 0.16041666666666668 0.22135416666666666 0.04027777777777778 0.05381944444444445
1 0.2361111111111111 0.05381944444444445 0.044444444444444446 0.04861111111111111
1 0.3861111111111111 0.058159722222222224 0.03888888888888889 0.06076388888888889
1 0.36319444444444443 0.16493055555555555 0.043055555555555555 0.05555555555555555
1 0.4409722222222222 0.3836805555555556 0.04583333333333333 0.06597222222222222
1 0.47291666666666665 0.17447916666666666 0.04583333333333333 0.06076388888888889
1 0.43125 0.2838541666666667 0.04027777777777778 0.06076388888888889
1 0.39305555555555555 0.24479166666666666 0.041666666666666664 0.04861111111111111
1 0.39791666666666664 0.19270833333333334 0.04027777777777778 0.04861111111111111
1 0.5631944444444444 0.10416666666666667 0.034722222222222224 0.06597222222222222
1 0.7520833333333333 0.051215277777777776 0.043055555555555555 0.06076388888888889
1 0.8291666666666667 0.1501736111111111 0.04722222222222222 0.06076388888888889
1 0.6604166666666667 0.3923611111111111 0.0375 0.0625
1 0.9 0.2560763888888889 0.05 0.046875
1 0.8076388888888889 0.2838541666666667 0.0375 0.050347222222222224
1 0.8020833333333334 0.3333333333333333 0.05416666666666667 0.05555555555555555
1 0.9645833333333333 0.3177083333333333 0.04583333333333333 0.059027777777777776
1 0.3145833333333333 0.4600694444444444 0.04583333333333333 0.052083333333333336
1 0.35625 0.5607638888888888 0.0375 0.0625
1 0.2375 0.6631944444444444 0.044444444444444446 0.05555555555555555
1 0.25 0.7491319444444444 0.05277777777777778 0.07118055555555555
1 0.11319444444444444 0.7256944444444444 0.0375 0.05555555555555555
1 0.21319444444444444 0.8628472222222222 0.04861111111111111 0.04861111111111111
1 0.19375 0.8993055555555556 0.043055555555555555 0.05555555555555555
3 0.13680555555555557 0.9487847222222222 0.043055555555555555 0.06076388888888889
3 0.09861111111111111 0.9739583333333334 0.05 0.04513888888888889
3 0.44513888888888886 0.7795138888888888 0.04583333333333333 0.0625
3 0.47638888888888886 0.6223958333333334 0.05277777777777778 0.07465277777777778
3 0.5048611111111111 0.5746527777777778 0.03194444444444444 0.052083333333333336
3 0.5340277777777778 0.6519097222222222 0.04583333333333333 0.0642361111111111
3 0.5465277777777777 0.7144097222222222 0.04583333333333333 0.06076388888888889
3 0.5277777777777778 0.7795138888888888 0.03333333333333333 0.0625
3 0.4409722222222222 0.8506944444444444 0.043055555555555555 0.06944444444444445
3 0.8847222222222222 0.5269097222222222 0.03888888888888889 0.05381944444444445
3 0.9756944444444444 0.4375 0.04861111111111111 0.0625
3 0.8326388888888889 0.5989583333333334 0.03194444444444444 0.059027777777777776
3 0.7777777777777778 0.8064236111111112 0.044444444444444446 0.05381944444444445
3 0.8958333333333334 0.7213541666666666 0.03888888888888889 0.0642361111111111
3 0.8347222222222223 0.7760416666666666 0.044444444444444446 0.05555555555555555
3 0.7347222222222223 0.8836805555555556 0.041666666666666664 0.05555555555555555
3 0.6791666666666667 0.9105902777777778 0.03611111111111111 0.06076388888888889
3 0.8069444444444445 0.9036458333333334 0.04722222222222222 0.0642361111111111
3 0.9159722222222222 0.9157986111111112 0.043055555555555555 0.05381944444444445
3 0.7972222222222223 0.9704861111111112 0.03888888888888889 0.04861111111111111
3 0.9402777777777778 0.5260416666666666 0.058333333333333334 0.06597222222222222
3 0.9458333333333333 0.5798611111111112 0.05277777777777778 0.04861111111111111
3 0.8333333333333334 0.6527777777777778 0.03888888888888889 0.04861111111111111
3 0.6951388888888889 0.011284722222222222 0.03194444444444444 0.019097222222222224
3 0.2611111111111111 0.012152777777777778 0.044444444444444446 0.020833333333333332
3 0.8576388888888888 0.75 0.0375 0.059027777777777776
