1 0.1840277777777778 0.10243055555555555 0.04861111111111111 0.0763888888888889
1 0.03125 0.4296875 0.04583333333333333 0.06770833333333333
1 0.2013888888888889 0.2838541666666667 0.044444444444444446 0.06770833333333333
1 0.3784722222222222 0.1918402777777778 0.043055555555555555 0.0642361111111111
1 0.4125 0.1892361111111111 0.041666666666666664 0.0625
1 0.09861111111111111 0.5815972222222222 0.05277777777777778 0.0625
1 0.18680555555555556 0.5243055555555556 0.05416666666666667 0.06944444444444445
1 0.22152777777777777 0.3515625 0.05138888888888889 0.0642361111111111
1 0.25277777777777777 0.4071180555555556 0.05 0.06076388888888889
1 0.2638888888888889 0.4670138888888889 0.05 0.06597222222222222
1 0.35208333333333336 0.4947916666666667 0.05694444444444444 0.0798611111111111
1 0.28541666666666665 0.6197916666666666 0.04861111111111111 0.06597222222222222
1 0.1736111111111111 0.7404513888888888 0.05 0.07118055555555555
1 0.02013888888888889 0.8776041666666666 0.0375 0.07118055555555555
1 0.25833333333333336 0.9166666666666666 0.05555555555555555 0.06944444444444445
1 0.26875 0.9670138888888888 0.04861111111111111 0.059027777777777776
1 0.27291666666666664 0.7178819444444444 0.04861111111111111 0.0642361111111111
1 0.5152777777777777 0.6701388888888888 0.044444444444444446 0.0625
1 0.4326388888888889 0.8663194444444444 0.043055555555555555 0.06597222222222222
1 0.5243055555555556 0.5026041666666666 0.04583333333333333 0.057291666666666664
1 0.4340277777777778 0.3012152777777778 0.05138888888888889 0.0642361111111111
1 0.5854166666666667 0.2786458333333333 0.05416666666666667 0.06076388888888889
1 0.6340277777777777 0.2230902777777778 0.05694444444444444 0.07465277777777778
1 0.7958333333333333 0.1267361111111111 0.04722222222222222 0.0625
1 0.6847222222222222 0.3394097222222222 0.05 0.0642361111111111
1 0.7347222222222223 0.2907986111111111 0.044444444444444446 0.06076388888888889
1 0.7541666666666667 0.2586805555555556 0.041666666666666664 0.0625
1 0.8340277777777778 0.4279513888888889 0.04861111111111111 0.06770833333333333
1 0.7979166666666667 0.7196180555555556 0.05694444444444444 0.08159722222222222
1 0.9416666666666667 0.8064236111111112 0.04722222222222222 0.07118055555555555
1 0.9513888888888888 0.9079861111111112 0.05 0.0763888888888889
1 0.7027777777777777 0.9765625 0.041666666666666664 0.03993055555555555
7 0.9534722222222223 0.1657986111111111 0.059722222222222225 0.07465277777777778
1 0.6569444444444444 0.9713541666666666 0.044444444444444446 0.046875
