1 0.15486111111111112 0.2647569444444444 0.0375 0.05381944444444445
1 0.12638888888888888 0.5 0.044444444444444446 0.052083333333333336
1 0.29930555555555555 0.4053819444444444 0.04027777777777778 0.05381944444444445
1 0.1361111111111111 0.6024305555555556 0.044444444444444446 0.052083333333333336
1 0.18472222222222223 0.6493055555555556 0.044444444444444446 0.0625
1 0.2638888888888889 0.7621527777777778 0.041666666666666664 0.0625
1 0.38472222222222224 0.7994791666666666 0.03888888888888889 0.05381944444444445
1 0.3590277777777778 0.8628472222222222 0.043055555555555555 0.0625
1 0.22291666666666668 0.9670138888888888 0.04027777777777778 0.059027777777777776
1 0.26180555555555557 0.9800347222222222 0.0375 0.03993055555555555
1 0.12083333333333333 0.9748263888888888 0.041666666666666664 0.043402777777777776
1 0.41388888888888886 0.5911458333333334 0.041666666666666664 0.057291666666666664
1 0.4340277777777778 0.5251736111111112 0.043055555555555555 0.05381944444444445
1 0.5097222222222222 0.6649305555555556 0.041666666666666664 0.059027777777777776
1 0.6083333333333333 0.7065972222222222 0.03888888888888889 0.05555555555555555
1 0.6458333333333334 0.6736111111111112 0.044444444444444446 0.0625
1 0.6527777777777778 0.765625 0.041666666666666664 0.059027777777777776
1 0.6965277777777777 0.78125 0.04027777777777778 0.05555555555555555
1 0.7430555555555556 0.7447916666666666 0.044444444444444446 0.0625
1 0.5895833333333333 0.8975694444444444 0.04583333333333333 0.059027777777777776
1 0.7381944444444445 0.8394097222222222 0.04027777777777778 0.0642361111111111
1 0.9402777777777778 0.5234375 0.04722222222222222 0.057291666666666664
1 0.5611111111111111 0.4461805555555556 0.044444444444444446 0.052083333333333336
1 0.6826388888888889 0.4262152777777778 0.043055555555555555 0.057291666666666664
1 0.9833333333333333 0.4427083333333333 0.03333333333333333 0.059027777777777776
1 0.49722222222222223 0.328125 0.044444444444444446 0.059027777777777776
1 0.575 0.22569444444444445 0.044444444444444446 0.04861111111111111
1 0.5729166666666666 0.3185763888888889 0.04583333333333333 0.06076388888888889
1 0.6458333333333334 0.2569444444444444 0.03888888888888889 0.059027777777777776
1 0.7361111111111112 0.1657986111111111 0.044444444444444446 0.06770833333333333
1 0.9680555555555556 0.05381944444444445 0.041666666666666664 0.052083333333333336
1 0.9895833333333334 0.2699652777777778 0.020833333333333332 0.0642361111111111
1 0.21388888888888888 0.13020833333333334 0.04722222222222222 0.059027777777777776
1 0.17916666666666667 0.1449652777777778 0.03611111111111111 0.057291666666666664
1 0.20902777777777778 0.051215277777777776 0.034722222222222224 0.050347222222222224
1 0.24305555555555555 0.041666666666666664 0.03888888888888889 0.05555555555555555
1 0.3326388888888889 0.024305555555555556 0.04027777777777778 0.04513888888888889
