1 0.23125 0.059895833333333336 0.04861111111111111 0.0642361111111111
1 0.43125 0.07552083333333333 0.04861111111111111 0.06076388888888889
1 0.3013888888888889 0.1623263888888889 0.044444444444444446 0.07465277777777778
1 0.6298611111111111 0.21180555555555555 0.04861111111111111 0.06597222222222222
1 0.29444444444444445 0.3116319444444444 0.05 0.057291666666666664
1 0.0798611111111111 0.3185763888888889 0.04583333333333333 0.06076388888888889
1 0.058333333333333334 0.3923611111111111 0.05277777777777778 0.0798611111111111
1 0.29930555555555555 0.4644097222222222 0.05138888888888889 0.06770833333333333
1 0.016666666666666666 0.7769097222222222 0.030555555555555555 0.0642361111111111
1 0.09027777777777778 0.9296875 0.05277777777777778 0.06076388888888889
1 0.275 0.8489583333333334 0.041666666666666664 0.06597222222222222
1 0.31319444444444444 0.8793402777777778 0.04027777777777778 0.057291666666666664
1 0.36875 0.8585069444444444 0.04861111111111111 0.06770833333333333
1 0.36875 0.5902777777777778 0.04583333333333333 0.06944444444444445
1 0.42430555555555555 0.4895833333333333 0.04861111111111111 0.0625
1 0.47708333333333336 0.5078125 0.04583333333333333 0.06076388888888889
1 0.4861111111111111 0.3177083333333333 0.04722222222222222 0.0625
1 0.6666666666666666 0.4227430555555556 0.05277777777777778 0.07465277777777778
1 0.7659722222222223 0.5182291666666666 0.04861111111111111 0.057291666666666664
1 0.7180555555555556 0.5833333333333334 0.04722222222222222 0.06944444444444445
1 0.7673611111111112 0.8619791666666666 0.05416666666666667 0.057291666666666664
1 0.9194444444444444 0.7725694444444444 0.05277777777777778 0.06597222222222222
1 0.8611111111111112 0.8159722222222222 0.044444444444444446 0.059027777777777776
1 0.9736111111111111 0.40625 0.05 0.06597222222222222
1 0.9395833333333333 0.2708333333333333 0.05694444444444444 0.07291666666666667
1 0.5638888888888889 0.016493055555555556 0.04722222222222222 0.029513888888888888
1 0.7423611111111111 0.015625 0.04027777777777778 0.027777777777777776
1 0.21875 0.5685763888888888 0.05416666666666667 0.057291666666666664
