1 0.01597222222222222 0.3003472222222222 0.029166666666666667 0.05555555555555555
1 0.21736111111111112 0.08506944444444445 0.04583333333333333 0.052083333333333336
1 0.15069444444444444 0.4809027777777778 0.04027777777777778 0.052083333333333336
1 0.016666666666666666 0.7170138888888888 0.030555555555555555 0.059027777777777776
1 0.03125 0.9322916666666666 0.043055555555555555 0.05555555555555555
1 0.15138888888888888 0.8229166666666666 0.044444444444444446 0.05555555555555555
1 0.22013888888888888 0.6449652777777778 0.043055555555555555 0.0642361111111111
1 0.2722222222222222 0.5980902777777778 0.041666666666666664 0.06076388888888889
1 0.19027777777777777 0.3098958333333333 0.05277777777777778 0.057291666666666664
1 0.18888888888888888 0.2456597222222222 0.044444444444444446 0.057291666666666664
1 0.2861111111111111 0.2708333333333333 0.044444444444444446 0.0625
1 0.25416666666666665 0.3350694444444444 0.041666666666666664 0.059027777777777776
1 0.44930555555555557 0.3263888888888889 0.0375 0.052083333333333336
1 0.25972222222222224 0.7109375 0.044444444444444446 0.06076388888888889
1 0.2326388888888889 0.8914930555555556 0.043055555555555555 0.06076388888888889
1 0.2763888888888889 0.9609375 0.044444444444444446 0.06076388888888889
1 0.46875 0.7690972222222222 0.04861111111111111 0.06597222222222222
1 0.4354166666666667 0.9739583333333334 0.043055555555555555 0.04513888888888889
1 0.50625 0.9392361111111112 0.04583333333333333 0.059027777777777776
1 0.5555555555555556 0.7751736111111112 0.03888888888888889 0.05381944444444445
1 0.6138888888888889 0.9140625 0.044444444444444446 0.06076388888888889
1 0.675 0.8411458333333334 0.041666666666666664 0.057291666666666664
1 0.5541666666666667 0.6336805555555556 0.05 0.059027777777777776
1 0.4701388888888889 0.5112847222222222 0.04027777777777778 0.06076388888888889
1 0.5090277777777777 0.5772569444444444 0.04583333333333333 0.05381944444444445
1 0.48333333333333334 0.24739583333333334 0.041666666666666664 0.046875
1 0.49583333333333335 0.09288194444444445 0.04722222222222222 0.06076388888888889
1 0.3993055555555556 0.014756944444444444 0.04861111111111111 0.026041666666666668
1 0.7729166666666667 0.025173611111111112 0.043055555555555555 0.046875
1 0.6715277777777777 0.11805555555555555 0.04583333333333333 0.0625
1 0.6180555555555556 0.20052083333333334 0.05 0.0642361111111111
1 0.725 0.20572916666666666 0.044444444444444446 0.05381944444444445
1 0.70625 0.24913194444444445 0.04861111111111111 0.057291666666666664
1 0.81875 0.2803819444444444 0.04027777777777778 0.057291666666666664
1 0.7375 0.3472222222222222 0.044444444444444446 0.05555555555555555
1 0.7861111111111111 0.4331597222222222 0.041666666666666664 0.057291666666666664
1 0.8902777777777777 0.4366319444444444 0.03888888888888889 0.057291666666666664
1 0.9006944444444445 0.22743055555555555 0.04027777777777778 0.05555555555555555
1 0.8222222222222222 0.1779513888888889 0.041666666666666664 0.057291666666666664
1 0.8923611111111112 0.13802083333333334 0.04861111111111111 0.06770833333333333
1 0.9451388888888889 0.1519097222222222 0.0375 0.05381944444444445
1 0.80625 0.59375 0.04027777777777778 0.052083333333333336
1 0.84375 0.5928819444444444 0.04583333333333333 0.07465277777777778
1 0.8652777777777778 0.5034722222222222 0.044444444444444446 0.052083333333333336
1 0.7631944444444444 0.8671875 0.04583333333333333 0.06076388888888889
1 0.6986111111111111 0.9322916666666666 0.044444444444444446 0.06597222222222222
1 0.011805555555555555 0.19791666666666666 0.020833333333333332 0.05555555555555555
1 0.010416666666666666 0.5347222222222222 0.018055555555555554 0.059027777777777776
