1 0.05763888888888889 0.1310763888888889 0.043055555555555555 0.057291666666666664
1 0.14166666666666666 0.1892361111111111 0.03888888888888889 0.059027777777777776
1 0.10138888888888889 0.2743055555555556 0.05 0.05555555555555555
1 0.19236111111111112 0.328125 0.043055555555555555 0.05555555555555555
1 0.26944444444444443 0.3289930555555556 0.041666666666666664 0.05381944444444445
1 0.3013888888888889 0.4331597222222222 0.03888888888888889 0.05381944444444445
1 0.10625 0.5130208333333334 0.043055555555555555 0.06770833333333333
1 0.05138888888888889 0.6276041666666666 0.041666666666666664 0.06076388888888889
1 0.09097222222222222 0.6579861111111112 0.043055555555555555 0.052083333333333336
1 0.14027777777777778 0.5954861111111112 0.04722222222222222 0.059027777777777776
1 0.225 0.5451388888888888 0.041666666666666664 0.052083333333333336
1 0.22291666666666668 0.6588541666666666 0.04583333333333333 0.06770833333333333
1 0.2777777777777778 0.7447916666666666 0.041666666666666664 0.052083333333333336
1 0.17569444444444443 0.8819444444444444 0.04027777777777778 0.059027777777777776
1 0.4284722222222222 0.7569444444444444 0.04027777777777778 0.052083333333333336
1 0.38263888888888886 0.3116319444444444 0.04027777777777778 0.057291666666666664
1 0.41041666666666665 0.21788194444444445 0.0375 0.05381944444444445
1 0.44375 0.19791666666666666 0.04027777777777778 0.04861111111111111
1 0.4513888888888889 0.2690972222222222 0.03888888888888889 0.04861111111111111
1 0.5395833333333333 0.2526041666666667 0.04027777777777778 0.057291666666666664
1 0.5534722222222223 0.11284722222222222 0.04027777777777778 0.05555555555555555
1 0.6006944444444444 0.1388888888888889 0.04027777777777778 0.05555555555555555
1 0.6048611111111111 0.18836805555555555 0.043055555555555555 0.046875
1 0.6770833333333334 0.027777777777777776 0.04027777777777778 0.04861111111111111
1 0.6868055555555556 0.13802083333333334 0.043055555555555555 0.06076388888888889
1 0.8430555555555556 0.1892361111111111 0.03888888888888889 0.05555555555555555
1 0.5722222222222222 0.4401041666666667 0.044444444444444446 0.0642361111111111
1 0.9277777777777778 0.4010416666666667 0.03888888888888889 0.052083333333333336
1 0.5909722222222222 0.5659722222222222 0.043055555555555555 0.05555555555555555
1 0.6395833333333333 0.5807291666666666 0.0375 0.05381944444444445
1 0.8548611111111111 0.5859375 0.04027777777777778 0.05381944444444445
1 0.9611111111111111 0.640625 0.041666666666666664 0.05555555555555555
1 0.6791666666666667 0.6623263888888888 0.03611111111111111 0.05381944444444445
1 0.5722222222222222 0.7708333333333334 0.05277777777777778 0.0625
1 0.6541666666666667 0.9244791666666666 0.041666666666666664 0.07465277777777778
1 0.40069444444444446 0.9696180555555556 0.04583333333333333 0.05381944444444445
1 0.11597222222222223 0.7256944444444444 0.04583333333333333 0.05555555555555555
1 0.9875 0.7291666666666666 0.025 0.0625
7 0.7597222222222222 0.125 0.03888888888888889 0.041666666666666664
1 0.34652777777777777 0.984375 0.04027777777777778 0.03125
