1 0.03888888888888889 0.2986111111111111 0.03888888888888889 0.05555555555555555
1 0.09930555555555555 0.4557291666666667 0.04861111111111111 0.06076388888888889
1 0.12013888888888889 0.3611111111111111 0.04583333333333333 0.05555555555555555
1 0.16805555555555557 0.4401041666666667 0.044444444444444446 0.05381944444444445
1 0.1951388888888889 0.5329861111111112 0.0375 0.052083333333333336
1 0.20347222222222222 0.7725694444444444 0.04583333333333333 0.052083333333333336
1 0.03263888888888889 0.8567708333333334 0.04583333333333333 0.057291666666666664
1 0.1840277777777778 0.8637152777777778 0.04583333333333333 0.057291666666666664
1 0.3770833333333333 0.8663194444444444 0.04583333333333333 0.0625
1 0.24097222222222223 0.9713541666666666 0.04583333333333333 0.05381944444444445
1 0.31180555555555556 0.9765625 0.04861111111111111 0.043402777777777776
1 0.44513888888888886 0.8246527777777778 0.04583333333333333 0.0625
1 0.6076388888888888 0.7057291666666666 0.04861111111111111 0.0642361111111111
1 0.2465277777777778 0.3012152777777778 0.043055555555555555 0.057291666666666664
1 0.24930555555555556 0.03298611111111111 0.0375 0.0625
1 0.3229166666666667 0.07378472222222222 0.04583333333333333 0.057291666666666664
1 0.4131944444444444 0.1284722222222222 0.04583333333333333 0.0625
1 0.40694444444444444 0.23958333333333334 0.044444444444444446 0.05555555555555555
1 0.4666666666666667 0.3107638888888889 0.044444444444444446 0.05555555555555555
1 0.4909722222222222 0.3480902777777778 0.04027777777777778 0.06076388888888889
1 0.5736111111111111 0.2595486111111111 0.044444444444444446 0.057291666666666664
1 0.6152777777777778 0.2543402777777778 0.041666666666666664 0.057291666666666664
1 0.73125 0.07291666666666667 0.04027777777777778 0.05555555555555555
1 0.4638888888888889 0.025173611111111112 0.044444444444444446 0.046875
1 0.5145833333333333 0.4774305555555556 0.04861111111111111 0.059027777777777776
1 0.7354166666666667 0.4513888888888889 0.043055555555555555 0.05555555555555555
1 0.6090277777777777 0.5520833333333334 0.0375 0.052083333333333336
1 0.7173611111111111 0.5729166666666666 0.043055555555555555 0.059027777777777776
1 0.8902777777777777 0.4973958333333333 0.044444444444444446 0.050347222222222224
1 0.7472222222222222 0.8324652777777778 0.03888888888888889 0.050347222222222224
1 0.8881944444444444 0.9722222222222222 0.043055555555555555 0.04861111111111111
1 0.9854166666666667 0.9609375 0.029166666666666667 0.057291666666666664
1 0.9194444444444444 0.2595486111111111 0.041666666666666664 0.057291666666666664
1 0.9444444444444444 0.13802083333333334 0.03888888888888889 0.05381944444444445
1 0.9805555555555555 0.1284722222222222 0.03888888888888889 0.0625
1 0.975 0.04079861111111111 0.041666666666666664 0.050347222222222224
1 0.9013888888888889 0.5980902777777778 0.044444444444444446 0.05381944444444445
1 0.9472222222222222 0.6449652777777778 0.044444444444444446 0.0642361111111111
7 0.7652777777777777 0.009548611111111112 0.041666666666666664 0.015625
7 0.0125 0.46875 0.022222222222222223 0.052083333333333336
1 0.007638888888888889 0.8758680555555556 0.0125 0.050347222222222224
