1 0.02013888888888889 0.2612847222222222 0.0375 0.05381944444444445
1 0.14791666666666667 0.3506944444444444 0.043055555555555555 0.052083333333333336
1 0.20416666666666666 0.3159722222222222 0.041666666666666664 0.0625
1 0.21944444444444444 0.1762152777777778 0.05277777777777778 0.06076388888888889
1 0.17847222222222223 0.2092013888888889 0.04027777777777778 0.05381944444444445
1 0.2263888888888889 0.2248263888888889 0.044444444444444446 0.05381944444444445
1 0.25555555555555554 0.3845486111111111 0.044444444444444446 0.078125
1 0.29791666666666666 0.3723958333333333 0.04027777777777778 0.06076388888888889
1 0.04791666666666667 0.6102430555555556 0.04027777777777778 0.050347222222222224
1 0.12430555555555556 0.6059027777777778 0.043055555555555555 0.05555555555555555
1 0.1701388888888889 0.6059027777777778 0.043055555555555555 0.052083333333333336
1 0.3 0.5277777777777778 0.03888888888888889 0.05555555555555555
1 0.44027777777777777 0.3480902777777778 0.05 0.06770833333333333
1 0.5472222222222223 0.3090277777777778 0.04722222222222222 0.06944444444444445
1 0.6916666666666667 0.3420138888888889 0.05 0.06597222222222222
1 0.6291666666666667 0.07899305555555555 0.041666666666666664 0.050347222222222224
1 0.7680555555555556 0.06510416666666667 0.05277777777777778 0.07118055555555555
1 0.75 0.21961805555555555 0.044444444444444446 0.06076388888888889
1 0.8138888888888889 0.19010416666666666 0.041666666666666664 0.06770833333333333
1 0.8576388888888888 0.3394097222222222 0.04027777777777778 0.057291666666666664
1 0.5479166666666667 0.5494791666666666 0.043055555555555555 0.05381944444444445
1 0.60625 0.5694444444444444 0.043055555555555555 0.06597222222222222
1 0.7340277777777777 0.4895833333333333 0.04027777777777778 0.059027777777777776
1 0.7680555555555556 0.4852430555555556 0.03611111111111111 0.057291666666666664
1 0.9090277777777778 0.4756944444444444 0.043055555555555555 0.06597222222222222
1 0.26319444444444445 0.7387152777777778 0.043055555555555555 0.050347222222222224
1 0.11527777777777778 0.8220486111111112 0.041666666666666664 0.05381944444444445
1 0.034722222222222224 0.9765625 0.04722222222222222 0.043402777777777776
1 0.1388888888888889 0.9661458333333334 0.044444444444444446 0.05381944444444445
1 0.23472222222222222 0.9019097222222222 0.03888888888888889 0.06076388888888889
1 0.32013888888888886 0.8741319444444444 0.043055555555555555 0.06076388888888889
1 0.3888888888888889 0.8090277777777778 0.044444444444444446 0.059027777777777776
1 0.5673611111111111 0.8385416666666666 0.04583333333333333 0.052083333333333336
1 0.6652777777777777 0.8324652777777778 0.044444444444444446 0.0642361111111111
1 0.6715277777777777 0.7109375 0.043055555555555555 0.05381944444444445
1 0.6201388888888889 0.9279513888888888 0.0375 0.05381944444444445
1 0.9375 0.7222222222222222 0.044444444444444446 0.04861111111111111
1 0.7430555555555556 0.5555555555555556 0.05 0.06944444444444445
1 0.9868055555555556 0.5190972222222222 0.02638888888888889 0.05555555555555555
