1 0.0125 0.07899305555555555 0.022222222222222223 0.06770833333333333
1 0.04791666666666667 0.2248263888888889 0.043055555555555555 0.057291666666666664
1 0.08402777777777778 0.24913194444444445 0.04027777777777778 0.050347222222222224
1 0.09166666666666666 0.3923611111111111 0.041666666666666664 0.052083333333333336
1 0.19305555555555556 0.09809027777777778 0.041666666666666664 0.057291666666666664
1 0.3138888888888889 0.25 0.04722222222222222 0.06597222222222222
1 0.36319444444444443 0.28125 0.04027777777777778 0.04861111111111111
1 0.39166666666666666 0.2230902777777778 0.041666666666666664 0.050347222222222224
1 0.325 0.3871527777777778 0.03611111111111111 0.052083333333333336
1 0.36041666666666666 0.4366319444444444 0.043055555555555555 0.057291666666666664
1 0.28541666666666665 0.5190972222222222 0.04583333333333333 0.0625
1 0.24791666666666667 0.4973958333333333 0.043055555555555555 0.057291666666666664
1 0.21388888888888888 0.5364583333333334 0.044444444444444446 0.05555555555555555
1 0.11458333333333333 0.8185763888888888 0.04027777777777778 0.0642361111111111
1 0.1701388888888889 0.9496527777777778 0.04027777777777778 0.05555555555555555
1 0.21597222222222223 0.9296875 0.04027777777777778 0.05381944444444445
1 0.3451388888888889 0.7144097222222222 0.04027777777777778 0.05381944444444445
1 0.43680555555555556 0.6666666666666666 0.04027777777777778 0.05555555555555555
1 0.47430555555555554 0.7960069444444444 0.043055555555555555 0.06076388888888889
1 0.675 0.578125 0.03888888888888889 0.052083333333333336
1 0.6423611111111112 0.7916666666666666 0.04861111111111111 0.05555555555555555
1 0.6118055555555556 0.15625 0.04027777777777778 0.05555555555555555
1 0.775 0.05381944444444445 0.03888888888888889 0.04861111111111111
1 0.875 0.1232638888888889 0.041666666666666664 0.05555555555555555
1 0.7777777777777778 0.3828125 0.044444444444444446 0.06076388888888889
1 0.74375 0.4357638888888889 0.043055555555555555 0.04513888888888889
1 0.91875 0.5173611111111112 0.043055555555555555 0.05555555555555555
1 0.6763888888888889 0.6649305555555556 0.041666666666666664 0.052083333333333336
1 0.7041666666666667 0.7543402777777778 0.03888888888888889 0.057291666666666664
1 0.8118055555555556 0.7925347222222222 0.043055555555555555 0.050347222222222224
1 0.9722222222222222 0.7369791666666666 0.041666666666666664 0.05381944444444445
1 0.9756944444444444 0.8324652777777778 0.04861111111111111 0.06076388888888889
1 0.91875 0.9696180555555556 0.04027777777777778 0.050347222222222224
1 0.5569444444444445 0.9800347222222222 0.044444444444444446 0.03298611111111111
