1 0.014583333333333334 0.2994791666666667 0.02638888888888889 0.06770833333333333
1 0.09722222222222222 0.4166666666666667 0.044444444444444446 0.059027777777777776
1 0.12152777777777778 0.08072916666666667 0.043055555555555555 0.0642361111111111
1 0.18194444444444444 0.019965277777777776 0.041666666666666664 0.036458333333333336
1 0.2972222222222222 0.051215277777777776 0.044444444444444446 0.06076388888888889
1 0.34444444444444444 0.1684027777777778 0.041666666666666664 0.052083333333333336
1 0.43472222222222223 0.050347222222222224 0.04722222222222222 0.059027777777777776
1 0.4486111111111111 0.3515625 0.044444444444444446 0.050347222222222224
1 0.37777777777777777 0.4878472222222222 0.03888888888888889 0.04861111111111111
1 0.2625 0.5086805555555556 0.03888888888888889 0.059027777777777776
1 0.2076388888888889 0.5859375 0.05138888888888889 0.05381944444444445
1 0.18680555555555556 0.6276041666666666 0.04027777777777778 0.050347222222222224
1 0.09375 0.7230902777777778 0.05138888888888889 0.06076388888888889
1 0.013888888888888888 0.7682291666666666 0.025 0.06076388888888889
1 0.049305555555555554 0.7907986111111112 0.04027777777777778 0.05381944444444445
1 0.020833333333333332 0.8897569444444444 0.03888888888888889 0.057291666666666664
1 0.34444444444444444 0.6362847222222222 0.044444444444444446 0.057291666666666664
1 0.3861111111111111 0.5477430555555556 0.041666666666666664 0.057291666666666664
1 0.5534722222222223 0.6232638888888888 0.04583333333333333 0.05555555555555555
1 0.5027777777777778 0.9175347222222222 0.05 0.06076388888888889
1 0.4986111111111111 0.9748263888888888 0.04722222222222222 0.03993055555555555
1 0.5965277777777778 0.3394097222222222 0.043055555555555555 0.06076388888888889
1 0.6694444444444444 0.5390625 0.044444444444444446 0.05381944444444445
1 0.7152777777777778 0.1467013888888889 0.03888888888888889 0.057291666666666664
1 0.8111111111111111 0.1467013888888889 0.041666666666666664 0.057291666666666664
1 0.7444444444444445 0.3003472222222222 0.04722222222222222 0.0625
1 0.6868055555555556 0.3862847222222222 0.043055555555555555 0.057291666666666664
1 0.7756944444444445 0.5737847222222222 0.043055555555555555 0.06770833333333333
1 0.9166666666666666 0.6310763888888888 0.041666666666666664 0.050347222222222224
1 0.6645833333333333 0.7413194444444444 0.043055555555555555 0.0625
1 0.7527777777777778 0.7682291666666666 0.041666666666666664 0.057291666666666664
1 0.9020833333333333 0.7335069444444444 0.043055555555555555 0.05381944444444445
1 0.9888888888888889 0.6493055555555556 0.022222222222222223 0.059027777777777776
1 0.9284722222222223 0.2708333333333333 0.04027777777777778 0.059027777777777776
1 0.9798611111111111 0.027777777777777776 0.0375 0.04861111111111111
1 0.9243055555555556 0.017361111111111112 0.04583333333333333 0.03125
