1 0.03194444444444444 0.22395833333333334 0.05 0.0625
1 0.02847222222222222 0.05381944444444445 0.043055555555555555 0.052083333333333336
1 0.10972222222222222 0.03125 0.04722222222222222 0.059027777777777776
1 0.16805555555555557 0.16319444444444445 0.03888888888888889 0.05555555555555555
1 0.33958333333333335 0.078125 0.04583333333333333 0.05555555555555555
1 0.08472222222222223 0.3819444444444444 0.04722222222222222 0.06597222222222222
1 0.14930555555555555 0.4053819444444444 0.04027777777777778 0.046875
1 0.04375 0.6059027777777778 0.043055555555555555 0.059027777777777776
1 0.20069444444444445 0.5434027777777778 0.04027777777777778 0.052083333333333336
1 0.07430555555555556 0.9696180555555556 0.04583333333333333 0.05381944444444445
1 0.3125 0.7482638888888888 0.03888888888888889 0.05555555555555555
1 0.175 0.9739583333333334 0.044444444444444446 0.04861111111111111
1 0.2965277777777778 0.9157986111111112 0.043055555555555555 0.057291666666666664
1 0.2423611111111111 0.9782986111111112 0.043055555555555555 0.03993055555555555
1 0.30277777777777776 0.9748263888888888 0.04722222222222222 0.046875
1 0.35347222222222224 0.9644097222222222 0.04027777777777778 0.06076388888888889
1 0.4013888888888889 0.9574652777777778 0.044444444444444446 0.050347222222222224
1 0.45208333333333334 0.8923611111111112 0.043055555555555555 0.059027777777777776
1 0.42291666666666666 0.7795138888888888 0.04861111111111111 0.0625
1 0.5152777777777777 0.8958333333333334 0.044444444444444446 0.05555555555555555
1 0.5097222222222222 0.5581597222222222 0.041666666666666664 0.06076388888888889
1 0.3388888888888889 0.5607638888888888 0.04722222222222222 0.0625
1 0.26180555555555557 0.4921875 0.04027777777777778 0.05381944444444445
1 0.2861111111111111 0.4201388888888889 0.041666666666666664 0.052083333333333336
1 0.33402777777777776 0.2638888888888889 0.043055555555555555 0.05555555555555555
1 0.4201388888888889 0.359375 0.04027777777777778 0.04861111111111111
1 0.3854166666666667 0.4201388888888889 0.04027777777777778 0.06597222222222222
1 0.5569444444444445 0.3758680555555556 0.041666666666666664 0.057291666666666664
1 0.5805555555555556 0.0642361111111111 0.044444444444444446 0.05555555555555555
1 0.7215277777777778 0.2170138888888889 0.043055555555555555 0.04861111111111111
1 0.6583333333333333 0.4748263888888889 0.04722222222222222 0.06770833333333333
1 0.7048611111111112 0.4982638888888889 0.043055555555555555 0.05555555555555555
1 0.6381944444444444 0.671875 0.04027777777777778 0.052083333333333336
1 0.6145833333333334 0.8333333333333334 0.043055555555555555 0.0625
1 0.65 0.859375 0.03888888888888889 0.05555555555555555
1 0.7625 0.8732638888888888 0.044444444444444446 0.059027777777777776
1 0.7145833333333333 0.96875 0.04583333333333333 0.052083333333333336
1 0.8229166666666666 0.9696180555555556 0.043055555555555555 0.05381944444444445
1 0.8722222222222222 0.9678819444444444 0.041666666666666664 0.05381944444444445
1 0.8965277777777778 0.5364583333333334 0.043055555555555555 0.059027777777777776
1 0.8673611111111111 0.4791666666666667 0.043055555555555555 0.06597222222222222
1 0.9659722222222222 0.2387152777777778 0.04027777777777778 0.05381944444444445
1 0.9597222222222223 0.3385416666666667 0.03888888888888889 0.05555555555555555
1 0.9854166666666667 0.3776041666666667 0.029166666666666667 0.06076388888888889
1 0.3277777777777778 0.6927083333333334 0.041666666666666664 0.059027777777777776
