1 0.03263888888888889 0.24739583333333334 0.043055555555555555 0.057291666666666664
1 0.09791666666666667 0.3532986111111111 0.04861111111111111 0.057291666666666664
1 0.013888888888888888 0.6171875 0.025 0.0642361111111111
1 0.08819444444444445 0.6423611111111112 0.04583333333333333 0.06597222222222222
1 0.029166666666666667 0.6901041666666666 0.041666666666666664 0.05381944444444445
1 0.16527777777777777 0.5651041666666666 0.04722222222222222 0.0642361111111111
1 0.19583333333333333 0.4921875 0.044444444444444446 0.06076388888888889
1 0.049305555555555554 0.1293402777777778 0.043055555555555555 0.057291666666666664
1 0.17291666666666666 0.015625 0.043055555555555555 0.027777777777777776
1 0.2659722222222222 0.06076388888888889 0.04583333333333333 0.06597222222222222
1 0.21041666666666667 0.2013888888888889 0.04861111111111111 0.059027777777777776
1 0.27361111111111114 0.1440972222222222 0.04722222222222222 0.05555555555555555
1 0.14791666666666667 0.21180555555555555 0.04583333333333333 0.052083333333333336
1 0.1527777777777778 0.2569444444444444 0.04722222222222222 0.059027777777777776
1 0.4326388888888889 0.1440972222222222 0.043055555555555555 0.052083333333333336
1 0.40625 0.4592013888888889 0.043055555555555555 0.0642361111111111
1 0.29097222222222224 0.5277777777777778 0.043055555555555555 0.0625
1 0.2 0.5902777777777778 0.044444444444444446 0.05555555555555555
1 0.3020833333333333 0.5859375 0.04861111111111111 0.0642361111111111
1 0.3840277777777778 0.6336805555555556 0.04583333333333333 0.0625
1 0.24027777777777778 0.6979166666666666 0.04722222222222222 0.0625
1 0.3645833333333333 0.6866319444444444 0.043055555555555555 0.050347222222222224
1 0.39444444444444443 0.8177083333333334 0.041666666666666664 0.05555555555555555
1 0.4131944444444444 0.8637152777777778 0.04861111111111111 0.06076388888888889
1 0.44027777777777777 0.9192708333333334 0.044444444444444446 0.06076388888888889
1 0.5458333333333333 0.8576388888888888 0.04722222222222222 0.05555555555555555
1 0.5548611111111111 0.9722222222222222 0.05138888888888889 0.04861111111111111
1 0.5305555555555556 0.5243055555555556 0.044444444444444446 0.059027777777777776
1 0.6201388888888889 0.4696180555555556 0.043055555555555555 0.06076388888888889
1 0.6659722222222222 0.4401041666666667 0.043055555555555555 0.057291666666666664
1 0.5458333333333333 0.2048611111111111 0.03888888888888889 0.059027777777777776
1 0.5770833333333333 0.1857638888888889 0.04027777777777778 0.052083333333333336
1 0.6555555555555556 0.04513888888888889 0.04722222222222222 0.06944444444444445
1 0.7777777777777778 0.027777777777777776 0.041666666666666664 0.052083333333333336
1 0.9083333333333333 0.18229166666666666 0.044444444444444446 0.059027777777777776
1 0.6458333333333334 0.2934027777777778 0.03888888888888889 0.05555555555555555
1 0.6916666666666667 0.2855902777777778 0.041666666666666664 0.057291666666666664
1 0.7881944444444444 0.4210069444444444 0.043055555555555555 0.057291666666666664
1 0.6951388888888889 0.5980902777777778 0.05694444444444444 0.06770833333333333
1 0.7708333333333334 0.5572916666666666 0.04722222222222222 0.059027777777777776
1 0.8 0.5911458333333334 0.041666666666666664 0.057291666666666664
1 0.8333333333333334 0.5416666666666666 0.03888888888888889 0.05555555555555555
1 0.8930555555555556 0.5251736111111112 0.041666666666666664 0.057291666666666664
1 0.9486111111111111 0.6354166666666666 0.03611111111111111 0.059027777777777776
1 0.975 0.018229166666666668 0.044444444444444446 0.03298611111111111
1 0.9798611111111111 0.1032986111111111 0.04027777777777778 0.06076388888888889
1 0.9888888888888889 0.16145833333333334 0.022222222222222223 0.05555555555555555
1 0.7951388888888888 0.9418402777777778 0.05138888888888889 0.06076388888888889
1 0.8083333333333333 0.8376736111111112 0.041666666666666664 0.05381944444444445
1 0.6583333333333333 0.78125 0.041666666666666664 0.0625
1 0.7305555555555555 0.7743055555555556 0.044444444444444446 0.0625
1 0.8506944444444444 0.8793402777777778 0.04027777777777778 0.057291666666666664
1 0.7208333333333333 0.8220486111111112 0.041666666666666664 0.05381944444444445
