1 0.06666666666666667 0.1171875 0.05 0.06770833333333333
1 0.16666666666666666 0.022569444444444444 0.05 0.041666666666666664
1 0.1638888888888889 0.07552083333333333 0.041666666666666664 0.0642361111111111
1 0.14375 0.11024305555555555 0.04861111111111111 0.07465277777777778
1 0.25555555555555554 0.0763888888888889 0.05555555555555555 0.07291666666666667
1 0.48333333333333334 0.06684027777777778 0.05 0.06076388888888889
1 0.5895833333333333 0.10677083333333333 0.05694444444444444 0.07118055555555555
1 0.6534722222222222 0.057291666666666664 0.04861111111111111 0.06597222222222222
1 0.6784722222222223 0.09027777777777778 0.043055555555555555 0.0625
1 0.7208333333333333 0.03125 0.05277777777777778 0.059027777777777776
1 0.2590277777777778 0.14322916666666666 0.05138888888888889 0.0642361111111111
1 0.09375 0.2699652777777778 0.05416666666666667 0.06076388888888889
1 0.1111111111111111 0.3237847222222222 0.05 0.07465277777777778
1 0.014583333333333334 0.4305555555555556 0.02638888888888889 0.0625
1 0.3854166666666667 0.2977430555555556 0.04861111111111111 0.06770833333333333
1 0.07847222222222222 0.6484375 0.04861111111111111 0.0642361111111111
1 0.022916666666666665 0.6840277777777778 0.043055555555555555 0.0625
1 0.25625 0.5642361111111112 0.04861111111111111 0.05555555555555555
1 0.21319444444444444 0.6597222222222222 0.04861111111111111 0.06944444444444445
1 0.25555555555555554 0.6380208333333334 0.04722222222222222 0.0642361111111111
1 0.14930555555555555 0.8428819444444444 0.059722222222222225 0.078125
1 0.18819444444444444 0.8454861111111112 0.04861111111111111 0.06944444444444445
1 0.28402777777777777 0.7543402777777778 0.05138888888888889 0.07118055555555555
1 0.25763888888888886 0.8116319444444444 0.04583333333333333 0.0642361111111111
1 0.3590277777777778 0.7465277777777778 0.05416666666666667 0.06944444444444445
1 0.48194444444444445 0.5460069444444444 0.05277777777777778 0.07118055555555555
1 0.47847222222222224 0.6979166666666666 0.059722222222222225 0.06944444444444445
1 0.5645833333333333 0.4418402777777778 0.05138888888888889 0.06076388888888889
1 0.6118055555555556 0.4739583333333333 0.04583333333333333 0.0625
1 0.6916666666666667 0.6684027777777778 0.05 0.059027777777777776
1 0.48819444444444443 0.8628472222222222 0.05416666666666667 0.0625
1 0.9430555555555555 0.3524305555555556 0.044444444444444446 0.0625
1 0.8 0.734375 0.05277777777777778 0.0625
1 0.8604166666666667 0.7621527777777778 0.04583333333333333 0.0625
1 0.8368055555555556 0.8072916666666666 0.04861111111111111 0.06944444444444445
1 0.9333333333333333 0.8003472222222222 0.05555555555555555 0.0625
1 0.95625 0.4322916666666667 0.05416666666666667 0.07291666666666667
1 0.9645833333333333 0.14149305555555555 0.05138888888888889 0.06770833333333333
1 0.9861111111111112 0.0546875 0.027777777777777776 0.0642361111111111
1 0.3298611111111111 0.515625 0.05138888888888889 0.059027777777777776
1 0.20555555555555555 0.1953125 0.04722222222222222 0.0642361111111111
1 0.18472222222222223 0.23958333333333334 0.04722222222222222 0.06597222222222222
1 0.17222222222222222 0.2925347222222222 0.05 0.06770833333333333
1 0.014583333333333334 0.14930555555555555 0.02638888888888889 0.08333333333333333
1 0.05555555555555555 0.9861111111111112 0.04722222222222222 0.024305555555555556
