3 0.04791666666666667 0.1189236111111111 0.04583333333333333 0.07118055555555555
3 0.11666666666666667 0.07725694444444445 0.041666666666666664 0.057291666666666664
3 0.13680555555555557 0.1284722222222222 0.04583333333333333 0.0625
3 0.11458333333333333 0.23350694444444445 0.04861111111111111 0.06076388888888889
3 0.2263888888888889 0.1736111111111111 0.04722222222222222 0.0625
3 0.2951388888888889 0.2621527777777778 0.04861111111111111 0.059027777777777776
3 0.24375 0.3880208333333333 0.04861111111111111 0.07118055555555555
3 0.19305555555555556 0.453125 0.041666666666666664 0.0625
3 0.24166666666666667 0.4826388888888889 0.04722222222222222 0.0625
3 0.1840277777777778 0.65625 0.043055555555555555 0.0763888888888889
3 0.025694444444444443 0.8654513888888888 0.04861111111111111 0.06076388888888889
3 0.017361111111111112 0.9565972222222222 0.03194444444444444 0.06597222222222222
3 0.34930555555555554 0.6388888888888888 0.05138888888888889 0.06597222222222222
3 0.39375 0.5789930555555556 0.04583333333333333 0.050347222222222224
3 0.5034722222222222 0.5078125 0.04861111111111111 0.06770833333333333
3 0.5597222222222222 0.4001736111111111 0.04722222222222222 0.06770833333333333
3 0.5569444444444445 0.5442708333333334 0.044444444444444446 0.06076388888888889
3 0.51875 0.7838541666666666 0.05138888888888889 0.07118055555555555
3 0.42291666666666666 0.8029513888888888 0.04583333333333333 0.050347222222222224
3 0.4527777777777778 0.9244791666666666 0.044444444444444446 0.0642361111111111
3 0.5222222222222223 0.9609375 0.04722222222222222 0.050347222222222224
3 0.7291666666666666 0.8203125 0.05555555555555555 0.07118055555555555
3 0.8263888888888888 0.8984375 0.03611111111111111 0.06770833333333333
3 0.8979166666666667 0.9696180555555556 0.05138888888888889 0.06076388888888889
3 0.8881944444444444 0.671875 0.05694444444444444 0.06944444444444445
3 0.9340277777777778 0.5868055555555556 0.04583333333333333 0.059027777777777776
3 0.9736111111111111 0.6293402777777778 0.04722222222222222 0.057291666666666664
3 0.9576388888888889 0.2829861111111111 0.043055555555555555 0.059027777777777776
3 0.9486111111111111 0.2439236111111111 0.03888888888888889 0.046875
3 0.6013888888888889 0.19618055555555555 0.03333333333333333 0.05555555555555555
3 0.6104166666666667 0.1545138888888889 0.04583333333333333 0.0625
3 0.6465277777777778 0.12586805555555555 0.04583333333333333 0.06770833333333333
3 0.6326388888888889 0.07291666666666667 0.05138888888888889 0.06597222222222222
3 0.6743055555555556 0.036458333333333336 0.04583333333333333 0.0625
3 0.8076388888888889 0.028645833333333332 0.04861111111111111 0.05381944444444445
3 0.975 0.04079861111111111 0.04722222222222222 0.06076388888888889
3 0.9451388888888889 0.11371527777777778 0.043055555555555555 0.05381944444444445
3 0.9715277777777778 0.14930555555555555 0.0375 0.05555555555555555
3 0.9888888888888889 0.8628472222222222 0.022222222222222223 0.0763888888888889
