1 0.06805555555555555 0.1605902777777778 0.05 0.06770833333333333
1 0.17222222222222222 0.12065972222222222 0.041666666666666664 0.06076388888888889
1 0.32916666666666666 0.020833333333333332 0.044444444444444446 0.03819444444444445
1 0.20972222222222223 0.3333333333333333 0.03888888888888889 0.052083333333333336
1 0.3013888888888889 0.3107638888888889 0.04722222222222222 0.059027777777777776
1 0.1763888888888889 0.4887152777777778 0.044444444444444446 0.05381944444444445
1 0.041666666666666664 0.6197916666666666 0.044444444444444446 0.059027777777777776
1 0.011805555555555555 0.765625 0.020833333333333332 0.06597222222222222
1 0.05486111111111111 0.8967013888888888 0.043055555555555555 0.0642361111111111
1 0.017361111111111112 0.9262152777777778 0.03194444444444444 0.06076388888888889
1 0.04583333333333333 0.9791666666666666 0.05 0.03125
1 0.26875 0.5607638888888888 0.04583333333333333 0.052083333333333336
1 0.2625 0.4375 0.041666666666666664 0.052083333333333336
1 0.23194444444444445 0.4756944444444444 0.041666666666666664 0.0625
1 0.38263888888888886 0.4635416666666667 0.04583333333333333 0.052083333333333336
1 0.4027777777777778 0.4279513888888889 0.04722222222222222 0.050347222222222224
1 0.4444444444444444 0.4149305555555556 0.04722222222222222 0.059027777777777776
1 0.5826388888888889 0.2873263888888889 0.04861111111111111 0.057291666666666664
1 0.6375 0.03819444444444445 0.03888888888888889 0.052083333333333336
1 0.7027777777777777 0.036458333333333336 0.04722222222222222 0.0625
1 0.8034722222222223 0.034722222222222224 0.04861111111111111 0.052083333333333336
1 0.7631944444444444 0.20052083333333334 0.04583333333333333 0.057291666666666664
1 0.9263888888888889 0.2604166666666667 0.041666666666666664 0.05555555555555555
1 0.7208333333333333 0.3776041666666667 0.04722222222222222 0.06770833333333333
1 0.6090277777777777 0.4088541666666667 0.04583333333333333 0.0642361111111111
1 0.6458333333333334 0.3897569444444444 0.03611111111111111 0.046875
1 0.8986111111111111 0.5529513888888888 0.07222222222222222 0.05381944444444445
1 0.4513888888888889 0.6380208333333334 0.03888888888888889 0.057291666666666664
1 0.75 0.6631944444444444 0.05 0.052083333333333336
1 0.9458333333333333 0.6684027777777778 0.04722222222222222 0.06944444444444445
1 0.8069444444444445 0.7925347222222222 0.05 0.06076388888888889
1 0.54375 0.921875 0.043055555555555555 0.06944444444444445
1 0.4840277777777778 0.9704861111111112 0.04583333333333333 0.04861111111111111
1 0.8215277777777777 0.8559027777777778 0.04861111111111111 0.05555555555555555
1 0.9270833333333334 0.9565972222222222 0.043055555555555555 0.059027777777777776
1 0.8395833333333333 0.9678819444444444 0.043055555555555555 0.05381944444444445
1 0.9680555555555556 0.9739583333333334 0.044444444444444446 0.041666666666666664
1 0.2326388888888889 0.9791666666666666 0.04861111111111111 0.03125
1 0.9895833333333334 0.4470486111111111 0.020833333333333332 0.057291666666666664
