1 0.04722222222222222 0.1892361111111111 0.044444444444444446 0.059027777777777776
1 0.08263888888888889 0.1736111111111111 0.043055555555555555 0.05555555555555555
1 0.11319444444444444 0.3810763888888889 0.04027777777777778 0.05381944444444445
1 0.22916666666666666 0.484375 0.041666666666666664 0.06597222222222222
1 0.02013888888888889 0.8932291666666666 0.0375 0.06076388888888889
1 0.29791666666666666 0.5946180555555556 0.04861111111111111 0.050347222222222224
1 0.20347222222222222 0.2847222222222222 0.043055555555555555 0.05555555555555555
1 0.29097222222222224 0.1388888888888889 0.043055555555555555 0.0625
1 0.16527777777777777 0.018229166666666668 0.05277777777777778 0.03298611111111111
1 0.2833333333333333 0.22743055555555555 0.044444444444444446 0.0625
1 0.30416666666666664 0.2829861111111111 0.041666666666666664 0.05555555555555555
1 0.35208333333333336 0.3472222222222222 0.04583333333333333 0.0625
1 0.40347222222222223 0.4487847222222222 0.04583333333333333 0.050347222222222224
1 0.3972222222222222 0.5069444444444444 0.041666666666666664 0.052083333333333336
1 0.51875 0.3715277777777778 0.043055555555555555 0.06597222222222222
1 0.5333333333333333 0.5303819444444444 0.04722222222222222 0.057291666666666664
1 0.5888888888888889 0.5407986111111112 0.04722222222222222 0.0642361111111111
1 0.40208333333333335 0.7899305555555556 0.04027777777777778 0.052083333333333336
1 0.7590277777777777 0.6180555555555556 0.04861111111111111 0.06597222222222222
1 0.63125 0.4053819444444444 0.04583333333333333 0.057291666666666664
1 0.45555555555555555 0.08506944444444445 0.04722222222222222 0.052083333333333336
1 0.5361111111111111 0.1154513888888889 0.05 0.06076388888888889
1 0.5243055555555556 0.18836805555555555 0.04027777777777778 0.06770833333333333
1 0.6118055555555556 0.10850694444444445 0.04861111111111111 0.06770833333333333
1 0.7375 0.11631944444444445 0.044444444444444446 0.059027777777777776
1 0.9131944444444444 0.05381944444444445 0.04583333333333333 0.06597222222222222
1 0.9 0.21961805555555555 0.041666666666666664 0.06076388888888889
1 0.9770833333333333 0.2769097222222222 0.043055555555555555 0.07465277777777778
1 0.9659722222222222 0.3732638888888889 0.04027777777777778 0.0625
1 0.9625 0.5026041666666666 0.041666666666666664 0.06770833333333333
1 0.9034722222222222 0.8246527777777778 0.05138888888888889 0.06597222222222222
1 0.7416666666666667 0.9340277777777778 0.044444444444444446 0.0625
7 0.4666666666666667 0.6901041666666666 0.05 0.08506944444444445
7 0.58125 0.3003472222222222 0.05416666666666667 0.0763888888888889
1 0.23333333333333334 0.013020833333333334 0.04722222222222222 0.022569444444444444
