3 0.05416666666666667 0.4262152777777778 0.05 0.07465277777777778
3 0.04375 0.5407986111111112 0.05138888888888889 0.06770833333333333
3 0.034722222222222224 0.7118055555555556 0.05277777777777778 0.05555555555555555
3 0.2548611111111111 0.4852430555555556 0.043055555555555555 0.0642361111111111
3 0.25625 0.3463541666666667 0.04027777777777778 0.07118055555555555
3 0.3125 0.4001736111111111 0.04722222222222222 0.07118055555555555
3 0.47638888888888886 0.4583333333333333 0.05555555555555555 0.07291666666666667
3 0.35347222222222224 0.6779513888888888 0.059722222222222225 0.06770833333333333
3 0.3111111111111111 0.8428819444444444 0.05 0.0642361111111111
3 0.4444444444444444 0.7803819444444444 0.044444444444444446 0.05381944444444445
3 0.5847222222222223 0.671875 0.044444444444444446 0.06597222222222222
3 0.5402777777777777 0.8151041666666666 0.04722222222222222 0.057291666666666664
3 0.5402777777777777 0.4487847222222222 0.05 0.078125
3 0.6493055555555556 0.453125 0.043055555555555555 0.06944444444444445
3 0.5701388888888889 0.28125 0.05138888888888889 0.07291666666666667
3 0.4888888888888889 0.2664930555555556 0.05 0.0642361111111111
3 0.5125 0.22395833333333334 0.06111111111111111 0.0625
3 0.4791666666666667 0.09375 0.05555555555555555 0.0763888888888889
3 0.5652777777777778 0.15364583333333334 0.044444444444444446 0.07465277777777778
3 0.6284722222222222 0.2222222222222222 0.04861111111111111 0.06597222222222222
3 0.7145833333333333 0.050347222222222224 0.04583333333333333 0.059027777777777776
3 0.9270833333333334 0.375 0.04027777777777778 0.05555555555555555
3 0.9243055555555556 0.5598958333333334 0.04027777777777778 0.057291666666666664
3 0.6013888888888889 0.5920138888888888 0.05555555555555555 0.06944444444444445
3 0.6444444444444445 0.8515625 0.04722222222222222 0.07118055555555555
3 0.5645833333333333 0.9375 0.059722222222222225 0.06597222222222222
3 0.70625 0.9730902777777778 0.04861111111111111 0.046875
3 0.8402777777777778 0.8394097222222222 0.04722222222222222 0.057291666666666664
3 0.9118055555555555 0.8046875 0.04861111111111111 0.06770833333333333
3 0.8833333333333333 0.625 0.05277777777777778 0.0625
3 0.8819444444444444 0.0920138888888889 0.041666666666666664 0.06944444444444445
3 0.9847222222222223 0.28125 0.030555555555555555 0.06944444444444445
3 0.9854166666666667 0.7699652777777778 0.029166666666666667 0.07118055555555555
3 0.011805555555555555 0.1189236111111111 0.020833333333333332 0.07118055555555555
3 0.0125 0.5850694444444444 0.022222222222222223 0.04513888888888889
