1 0.04652777777777778 0.13194444444444445 0.04583333333333333 0.05555555555555555
1 0.21666666666666667 0.022569444444444444 0.04722222222222222 0.041666666666666664
1 0.16458333333333333 0.2569444444444444 0.04027777777777778 0.05555555555555555
1 0.28194444444444444 0.1779513888888889 0.05 0.057291666666666664
1 0.3541666666666667 0.1623263888888889 0.044444444444444446 0.057291666666666664
1 0.019444444444444445 0.5625 0.03611111111111111 0.07291666666666667
1 0.15208333333333332 0.6171875 0.04583333333333333 0.057291666666666664
1 0.13680555555555557 0.7196180555555556 0.0375 0.057291666666666664
1 0.2361111111111111 0.6328125 0.04722222222222222 0.0642361111111111
1 0.27152777777777776 0.5625 0.04583333333333333 0.059027777777777776
1 0.3923611111111111 0.3836805555555556 0.04861111111111111 0.0625
1 0.35 0.4887152777777778 0.041666666666666664 0.05381944444444445
1 0.40347222222222223 0.5321180555555556 0.04861111111111111 0.05381944444444445
1 0.28541666666666665 0.6684027777777778 0.043055555555555555 0.052083333333333336
1 0.3770833333333333 0.8680555555555556 0.04861111111111111 0.06944444444444445
1 0.2833333333333333 0.9296875 0.044444444444444446 0.06076388888888889
1 0.44583333333333336 0.8046875 0.044444444444444446 0.057291666666666664
1 0.4479166666666667 0.9262152777777778 0.05416666666666667 0.05381944444444445
1 0.45 0.9730902777777778 0.05 0.05381944444444445
1 0.5055555555555555 0.7578125 0.041666666666666664 0.06076388888888889
1 0.5381944444444444 0.6475694444444444 0.04583333333333333 0.0625
1 0.5395833333333333 0.4696180555555556 0.04583333333333333 0.06076388888888889
1 0.5881944444444445 0.3107638888888889 0.05138888888888889 0.059027777777777776
1 0.6201388888888889 0.1857638888888889 0.04583333333333333 0.05555555555555555
1 0.5840277777777778 0.09635416666666667 0.04583333333333333 0.057291666666666664
1 0.6222222222222222 0.08246527777777778 0.03888888888888889 0.05381944444444445
1 0.775 0.019097222222222224 0.03333333333333333 0.034722222222222224
1 0.8541666666666666 0.018229166666666668 0.044444444444444446 0.03298611111111111
1 0.8965277777777778 0.014756944444444444 0.04027777777777778 0.026041666666666668
1 0.9861111111111112 0.13802083333333334 0.027777777777777776 0.06076388888888889
1 0.8479166666666667 0.22395833333333334 0.04027777777777778 0.052083333333333336
1 0.7166666666666667 0.3940972222222222 0.044444444444444446 0.052083333333333336
1 0.7625 0.3888888888888889 0.04722222222222222 0.05555555555555555
1 0.8715277777777778 0.3715277777777778 0.04027777777777778 0.052083333333333336
1 0.9652777777777778 0.3046875 0.041666666666666664 0.05381944444444445
1 0.8645833333333334 0.5086805555555556 0.034722222222222224 0.059027777777777776
1 0.5972222222222222 0.5434027777777778 0.044444444444444446 0.05555555555555555
1 0.7020833333333333 0.6223958333333334 0.043055555555555555 0.05381944444444445
1 0.7618055555555555 0.6154513888888888 0.043055555555555555 0.05381944444444445
1 0.8701388888888889 0.6111111111111112 0.043055555555555555 0.052083333333333336
1 0.9611111111111111 0.5902777777777778 0.041666666666666664 0.059027777777777776
1 0.70625 0.6788194444444444 0.04583333333333333 0.05555555555555555
1 0.7902777777777777 0.6762152777777778 0.04722222222222222 0.057291666666666664
1 0.8416666666666667 0.6605902777777778 0.04722222222222222 0.06770833333333333
1 0.7819444444444444 0.7786458333333334 0.041666666666666664 0.057291666666666664
1 0.9 0.7300347222222222 0.05 0.0642361111111111
1 0.9736111111111111 0.7725694444444444 0.044444444444444446 0.052083333333333336
1 0.07777777777777778 0.9835069444444444 0.03888888888888889 0.029513888888888888
1 0.15902777777777777 0.011284722222222222 0.04027777777777778 0.019097222222222224
1 0.4909722222222222 0.9835069444444444 0.04583333333333333 0.029513888888888888
