1 0.021527777777777778 0.08333333333333333 0.04027777777777778 0.05555555555555555
1 0.05555555555555555 0.0763888888888889 0.03888888888888889 0.052083333333333336
1 0.20555555555555555 0.15711805555555555 0.044444444444444446 0.05381944444444445
1 0.10972222222222222 0.3663194444444444 0.044444444444444446 0.052083333333333336
1 0.11875 0.4236111111111111 0.043055555555555555 0.052083333333333336
1 0.10138888888888889 0.4878472222222222 0.041666666666666664 0.052083333333333336
1 0.11180555555555556 0.6484375 0.043055555555555555 0.06076388888888889
1 0.0763888888888889 0.8151041666666666 0.041666666666666664 0.05381944444444445
1 0.29444444444444445 0.6866319444444444 0.044444444444444446 0.05381944444444445
1 0.23472222222222222 0.4904513888888889 0.041666666666666664 0.05381944444444445
1 0.30833333333333335 0.4131944444444444 0.03888888888888889 0.059027777777777776
1 0.24861111111111112 0.25 0.044444444444444446 0.052083333333333336
1 0.3263888888888889 0.16319444444444445 0.03888888888888889 0.052083333333333336
1 0.27847222222222223 0.025173611111111112 0.043055555555555555 0.046875
1 0.3763888888888889 0.2456597222222222 0.041666666666666664 0.05381944444444445
1 0.5319444444444444 0.1857638888888889 0.044444444444444446 0.059027777777777776
1 0.49166666666666664 0.030381944444444444 0.044444444444444446 0.057291666666666664
1 0.6048611111111111 0.05555555555555555 0.04027777777777778 0.059027777777777776
1 0.7645833333333333 0.058159722222222224 0.0375 0.057291666666666664
1 0.5798611111111112 0.3663194444444444 0.04583333333333333 0.059027777777777776
1 0.3798611111111111 0.515625 0.04583333333333333 0.052083333333333336
1 0.4423611111111111 0.4539930555555556 0.04583333333333333 0.057291666666666664
1 0.4083333333333333 0.7230902777777778 0.044444444444444446 0.050347222222222224
1 0.5847222222222223 0.6336805555555556 0.044444444444444446 0.059027777777777776
1 0.5743055555555555 0.7317708333333334 0.04583333333333333 0.06076388888888889
1 0.3138888888888889 0.8871527777777778 0.044444444444444446 0.059027777777777776
1 0.2520833333333333 0.9375 0.04027777777777778 0.059027777777777776
1 0.21805555555555556 0.9722222222222222 0.041666666666666664 0.04861111111111111
1 0.6222222222222222 0.8715277777777778 0.041666666666666664 0.052083333333333336
1 0.6180555555555556 0.9227430555555556 0.04722222222222222 0.05381944444444445
1 0.7097222222222223 0.3567708333333333 0.041666666666666664 0.050347222222222224
1 0.7541666666666667 0.2552083333333333 0.041666666666666664 0.052083333333333336
1 0.9041666666666667 0.2309027777777778 0.044444444444444446 0.052083333333333336
1 0.8006944444444445 0.3246527777777778 0.04583333333333333 0.05555555555555555
1 0.7451388888888889 0.4175347222222222 0.043055555555555555 0.057291666666666664
1 0.8881944444444444 0.3411458333333333 0.04583333333333333 0.057291666666666664
1 0.9833333333333333 0.6744791666666666 0.03333333333333333 0.057291666666666664
1 0.8444444444444444 0.8940972222222222 0.041666666666666664 0.05555555555555555
1 0.9729166666666667 0.9435763888888888 0.043055555555555555 0.05381944444444445
1 0.0125 0.796875 0.022222222222222223 0.05555555555555555
1 0.9861111111111112 0.2829861111111111 0.027777777777777776 0.05555555555555555
1 0.4354166666666667 0.010416666666666666 0.034722222222222224 0.017361111111111112
