1 0.06944444444444445 0.4809027777777778 0.05 0.06944444444444445
1 0.022916666666666665 0.7734375 0.043055555555555555 0.08159722222222222
1 0.24513888888888888 0.4730902777777778 0.04583333333333333 0.06770833333333333
1 0.21041666666666667 0.03819444444444445 0.04861111111111111 0.06944444444444445
1 0.24930555555555556 0.036458333333333336 0.04583333333333333 0.0625
1 0.3326388888888889 0.2682291666666667 0.04861111111111111 0.06770833333333333
1 0.3333333333333333 0.1032986111111111 0.04722222222222222 0.06770833333333333
1 0.46041666666666664 0.05555555555555555 0.04583333333333333 0.0625
1 0.6520833333333333 0.027777777777777776 0.05138888888888889 0.052083333333333336
1 0.2972222222222222 0.4340277777777778 0.044444444444444446 0.0625
1 0.4576388888888889 0.3376736111111111 0.04583333333333333 0.0642361111111111
1 0.39305555555555555 0.4895833333333333 0.05555555555555555 0.04861111111111111
1 0.3888888888888889 0.5538194444444444 0.06111111111111111 0.0763888888888889
1 0.36319444444444443 0.7404513888888888 0.04583333333333333 0.06076388888888889
1 0.3076388888888889 0.8289930555555556 0.04861111111111111 0.07118055555555555
1 0.12291666666666666 0.9305555555555556 0.04583333333333333 0.0798611111111111
1 0.5361111111111111 0.7595486111111112 0.04722222222222222 0.06076388888888889
1 0.5604166666666667 0.3203125 0.04861111111111111 0.057291666666666664
1 0.6069444444444444 0.3480902777777778 0.041666666666666664 0.050347222222222224
1 0.6347222222222222 0.3072916666666667 0.04722222222222222 0.05555555555555555
1 0.7243055555555555 0.07899305555555555 0.04583333333333333 0.06076388888888889
1 0.7270833333333333 0.21961805555555555 0.05138888888888889 0.05381944444444445
1 0.7388888888888889 0.2821180555555556 0.044444444444444446 0.06076388888888889
1 0.8493055555555555 0.026909722222222224 0.043055555555555555 0.050347222222222224
1 0.8215277777777777 0.4140625 0.05138888888888889 0.078125
1 0.7986111111111112 0.4973958333333333 0.03888888888888889 0.050347222222222224
1 0.9770833333333333 0.5095486111111112 0.04583333333333333 0.07118055555555555
1 0.8458333333333333 0.8116319444444444 0.05 0.07465277777777778
1 0.8326388888888889 0.6293402777777778 0.04861111111111111 0.0642361111111111
1 0.7423611111111111 0.8975694444444444 0.05138888888888889 0.06944444444444445
1 0.9388888888888889 0.8585069444444444 0.044444444444444446 0.06076388888888889
1 0.5548611111111111 0.06684027777777778 0.04861111111111111 0.06076388888888889
1 0.021527777777777778 0.5 0.04027777777777778 0.08333333333333333
1 0.6215277777777778 0.013020833333333334 0.05138888888888889 0.022569444444444444
