1 0.01875 0.1284722222222222 0.034722222222222224 0.06597222222222222
1 0.05694444444444444 0.24131944444444445 0.05 0.0625
1 0.034027777777777775 0.3602430555555556 0.04583333333333333 0.057291666666666664
1 0.16111111111111112 0.033854166666666664 0.05 0.057291666666666664
1 0.08333333333333333 0.4774305555555556 0.041666666666666664 0.05555555555555555
1 0.07847222222222222 0.3923611111111111 0.05416666666666667 0.059027777777777776
1 0.12013888888888889 0.3732638888888889 0.04027777777777778 0.059027777777777776
1 0.14722222222222223 0.4079861111111111 0.05277777777777778 0.059027777777777776
1 0.2125 0.453125 0.058333333333333334 0.0625
1 0.21597222222222223 0.5703125 0.05138888888888889 0.05381944444444445
1 0.027083333333333334 0.7248263888888888 0.04583333333333333 0.06076388888888889
1 0.22013888888888888 0.6605902777777778 0.04583333333333333 0.05381944444444445
1 0.0798611111111111 0.8394097222222222 0.04861111111111111 0.0642361111111111
1 0.04375 0.8914930555555556 0.05138888888888889 0.06076388888888889
1 0.3645833333333333 0.5225694444444444 0.04027777777777778 0.04861111111111111
1 0.3576388888888889 0.7100694444444444 0.05416666666666667 0.0625
1 0.33194444444444443 0.9861111111111112 0.041666666666666664 0.024305555555555556
1 0.5104166666666666 0.6840277777777778 0.04861111111111111 0.059027777777777776
1 0.5520833333333334 0.6579861111111112 0.05138888888888889 0.06944444444444445
1 0.5916666666666667 0.4609375 0.05 0.06076388888888889
1 0.6326388888888889 0.7586805555555556 0.043055555555555555 0.0625
1 0.525 0.8454861111111112 0.05 0.0625
1 0.6743055555555556 0.9019097222222222 0.043055555555555555 0.06076388888888889
1 0.6041666666666666 0.9670138888888888 0.041666666666666664 0.05555555555555555
1 0.8666666666666667 0.8932291666666666 0.044444444444444446 0.06076388888888889
1 0.8423611111111111 0.5486111111111112 0.04861111111111111 0.05555555555555555
1 0.8847222222222222 0.5017361111111112 0.044444444444444446 0.05555555555555555
1 0.9020833333333333 0.5572916666666666 0.04583333333333333 0.059027777777777776
1 0.6694444444444444 0.3125 0.05 0.052083333333333336
1 0.7805555555555556 0.3333333333333333 0.041666666666666664 0.059027777777777776
1 0.6243055555555556 0.2109375 0.04583333333333333 0.05381944444444445
1 0.8333333333333334 0.18836805555555555 0.03888888888888889 0.057291666666666664
1 0.9041666666666667 0.2456597222222222 0.044444444444444446 0.0642361111111111
1 0.5743055555555555 0.10069444444444445 0.04583333333333333 0.059027777777777776
1 0.6229166666666667 0.035590277777777776 0.04583333333333333 0.057291666666666664
1 0.84375 0.07291666666666667 0.043055555555555555 0.059027777777777776
1 0.9881944444444445 0.03125 0.02361111111111111 0.052083333333333336
1 0.011805555555555555 0.4357638888888889 0.020833333333333332 0.059027777777777776
1 0.010416666666666666 0.5755208333333334 0.018055555555555554 0.0642361111111111
