1 0.03194444444444444 0.3177083333333333 0.044444444444444446 0.0625
1 0.029861111111111113 0.06336805555555555 0.04861111111111111 0.057291666666666664
1 0.016666666666666666 0.1111111111111111 0.030555555555555555 0.0625
1 0.050694444444444445 0.12065972222222222 0.04861111111111111 0.0642361111111111
1 0.075 0.0390625 0.04722222222222222 0.0642361111111111
1 0.09722222222222222 0.21788194444444445 0.04722222222222222 0.057291666666666664
1 0.08263888888888889 0.17708333333333334 0.04861111111111111 0.059027777777777776
1 0.23194444444444445 0.3107638888888889 0.05 0.06944444444444445
1 0.32013888888888886 0.3671875 0.0625 0.050347222222222224
1 0.22361111111111112 0.5017361111111112 0.044444444444444446 0.06944444444444445
1 0.13194444444444445 0.5677083333333334 0.05277777777777778 0.0625
1 0.3729166666666667 0.5303819444444444 0.05138888888888889 0.0642361111111111
1 0.4152777777777778 0.4487847222222222 0.05 0.06076388888888889
1 0.44583333333333336 0.3810763888888889 0.05 0.0642361111111111
1 0.5659722222222222 0.1449652777777778 0.05416666666666667 0.0642361111111111
1 0.6125 0.07291666666666667 0.05277777777777778 0.059027777777777776
1 0.5916666666666667 0.3307291666666667 0.05 0.06076388888888889
1 0.6229166666666667 0.1701388888888889 0.04861111111111111 0.06944444444444445
1 0.8583333333333333 0.2456597222222222 0.04722222222222222 0.06770833333333333
1 0.7819444444444444 0.4105902777777778 0.05 0.0642361111111111
1 0.8388888888888889 0.3072916666666667 0.044444444444444446 0.0625
1 0.9645833333333333 0.3645833333333333 0.05138888888888889 0.059027777777777776
1 0.7020833333333333 0.5477430555555556 0.05416666666666667 0.0642361111111111
1 0.7284722222222222 0.5859375 0.04861111111111111 0.057291666666666664
1 0.8381944444444445 0.5190972222222222 0.04861111111111111 0.0625
1 0.9388888888888889 0.5946180555555556 0.044444444444444446 0.078125
1 0.9826388888888888 0.6519097222222222 0.034722222222222224 0.06770833333333333
1 0.48541666666666666 0.6727430555555556 0.04583333333333333 0.06076388888888889
1 0.6166666666666667 0.6866319444444444 0.04722222222222222 0.06076388888888889
1 0.36944444444444446 0.7942708333333334 0.044444444444444446 0.0642361111111111
1 0.3076388888888889 0.9592013888888888 0.04583333333333333 0.06076388888888889
1 0.40625 0.8706597222222222 0.043055555555555555 0.06076388888888889
1 0.44166666666666665 0.8828125 0.044444444444444446 0.06770833333333333
1 0.5131944444444444 0.7829861111111112 0.04861111111111111 0.06944444444444445
1 0.45416666666666666 0.7569444444444444 0.05 0.0625
1 0.63125 0.9010416666666666 0.0625 0.059027777777777776
1 0.7673611111111112 0.8993055555555556 0.05416666666666667 0.0625
1 0.8451388888888889 0.9288194444444444 0.04583333333333333 0.052083333333333336
1 0.8326388888888889 0.9696180555555556 0.05416666666666667 0.050347222222222224
1 0.975 0.9270833333333334 0.04722222222222222 0.0625
1 0.175 0.06336805555555555 0.06111111111111111 0.06076388888888889
1 0.60625 0.21180555555555555 0.04861111111111111 0.06597222222222222
1 0.23055555555555557 0.8012152777777778 0.05 0.06770833333333333
1 0.9868055555555556 0.4071180555555556 0.02638888888888889 0.0642361111111111
