1 0.019444444444444445 0.1953125 0.03611111111111111 0.05381944444444445
1 0.04236111111111111 0.24131944444444445 0.04861111111111111 0.05555555555555555
1 0.05138888888888889 0.3038194444444444 0.044444444444444446 0.05555555555555555
1 0.14930555555555555 0.5590277777777778 0.04861111111111111 0.05555555555555555
7 0.015277777777777777 0.5842013888888888 0.027777777777777776 0.046875
1 0.19236111111111112 0.6831597222222222 0.04861111111111111 0.05381944444444445
1 0.07361111111111111 0.8619791666666666 0.03888888888888889 0.06076388888888889
1 0.15347222222222223 0.8880208333333334 0.04583333333333333 0.057291666666666664
1 0.2013888888888889 0.9583333333333334 0.044444444444444446 0.059027777777777776
1 0.06736111111111111 0.9730902777777778 0.05138888888888889 0.046875
1 0.32083333333333336 0.8098958333333334 0.041666666666666664 0.057291666666666664
1 0.3729166666666667 0.7013888888888888 0.043055555555555555 0.059027777777777776
1 0.33125 0.4227430555555556 0.043055555555555555 0.05381944444444445
1 0.14027777777777778 0.20572916666666666 0.05 0.06076388888888889
1 0.22430555555555556 0.13975694444444445 0.04861111111111111 0.06770833333333333
1 0.29930555555555555 0.10850694444444445 0.04027777777777778 0.05381944444444445
1 0.3972222222222222 0.15625 0.044444444444444446 0.059027777777777776
1 0.22083333333333333 0.22916666666666666 0.04722222222222222 0.06597222222222222
1 0.3125 0.24131944444444445 0.03888888888888889 0.05555555555555555
1 0.40694444444444444 0.24913194444444445 0.044444444444444446 0.057291666666666664
1 0.6173611111111111 0.40625 0.043055555555555555 0.059027777777777776
1 0.6569444444444444 0.2855902777777778 0.04722222222222222 0.06770833333333333
1 0.5791666666666667 0.09027777777777778 0.04722222222222222 0.059027777777777776
1 0.6541666666666667 0.08072916666666667 0.041666666666666664 0.06076388888888889
1 0.8743055555555556 0.025173611111111112 0.043055555555555555 0.046875
1 0.7506944444444444 0.3567708333333333 0.043055555555555555 0.06076388888888889
1 0.7111111111111111 0.4496527777777778 0.04722222222222222 0.059027777777777776
1 0.7930555555555555 0.4513888888888889 0.03888888888888889 0.05555555555555555
1 0.9722222222222222 0.4487847222222222 0.041666666666666664 0.057291666666666664
1 0.5263888888888889 0.6076388888888888 0.03888888888888889 0.0625
1 0.6625 0.5581597222222222 0.044444444444444446 0.05381944444444445
1 0.8597222222222223 0.6744791666666666 0.04722222222222222 0.057291666666666664
1 0.4465277777777778 0.6467013888888888 0.043055555555555555 0.06770833333333333
1 0.4076388888888889 0.7873263888888888 0.04027777777777778 0.057291666666666664
1 0.48819444444444443 0.8350694444444444 0.043055555555555555 0.059027777777777776
1 0.3645833333333333 0.9036458333333334 0.04583333333333333 0.057291666666666664
1 0.425 0.875 0.04722222222222222 0.06597222222222222
1 0.6756944444444445 0.96875 0.04861111111111111 0.052083333333333336
1 0.6173611111111111 0.6822916666666666 0.043055555555555555 0.05555555555555555
1 0.6604166666666667 0.6736111111111112 0.04027777777777778 0.05555555555555555
1 0.7465277777777778 0.7439236111111112 0.04583333333333333 0.0642361111111111
1 0.7298611111111111 0.78125 0.043055555555555555 0.05555555555555555
1 0.9083333333333333 0.6883680555555556 0.041666666666666664 0.0642361111111111
1 0.9875 0.5963541666666666 0.025 0.06770833333333333
1 0.013888888888888888 0.0920138888888889 0.025 0.059027777777777776
1 0.013194444444444444 0.8810763888888888 0.02361111111111111 0.0642361111111111
