1 0.06527777777777778 0.4487847222222222 0.041666666666666664 0.050347222222222224
1 0.1909722222222222 0.20833333333333334 0.04583333333333333 0.05555555555555555
1 0.2111111111111111 0.2951388888888889 0.044444444444444446 0.04861111111111111
1 0.03263888888888889 0.5711805555555556 0.04583333333333333 0.059027777777777776
1 0.05486111111111111 0.6050347222222222 0.043055555555555555 0.06076388888888889
1 0.14375 0.6267361111111112 0.05138888888888889 0.059027777777777776
1 0.20208333333333334 0.6545138888888888 0.04027777777777778 0.052083333333333336
1 0.034722222222222224 0.7673611111111112 0.044444444444444446 0.05555555555555555
1 0.14722222222222223 0.8949652777777778 0.041666666666666664 0.0642361111111111
1 0.26666666666666666 0.8133680555555556 0.041666666666666664 0.05381944444444445
1 0.34097222222222223 0.7960069444444444 0.043055555555555555 0.057291666666666664
1 0.38680555555555557 0.4791666666666667 0.043055555555555555 0.059027777777777776
1 0.5027777777777778 0.4045138888888889 0.03888888888888889 0.052083333333333336
1 0.5222222222222223 0.1675347222222222 0.044444444444444446 0.06076388888888889
1 0.6347222222222222 0.2543402777777778 0.06111111111111111 0.057291666666666664
1 0.6722222222222223 0.1328125 0.044444444444444446 0.06076388888888889
1 0.7534722222222222 0.022569444444444444 0.04027777777777778 0.041666666666666664
1 0.7305555555555555 0.3003472222222222 0.044444444444444446 0.05555555555555555
1 0.7027777777777777 0.3741319444444444 0.03888888888888889 0.057291666666666664
1 0.8631944444444445 0.3888888888888889 0.043055555555555555 0.04861111111111111
1 0.89375 0.24913194444444445 0.043055555555555555 0.05381944444444445
1 0.91875 0.3515625 0.04027777777777778 0.06076388888888889
1 0.9368055555555556 0.21180555555555555 0.05416666666666667 0.059027777777777776
1 0.9423611111111111 0.2621527777777778 0.043055555555555555 0.04861111111111111
1 0.5701388888888889 0.7309027777777778 0.04583333333333333 0.05555555555555555
1 0.6090277777777777 0.7178819444444444 0.043055555555555555 0.057291666666666664
1 0.7625 0.6510416666666666 0.03888888888888889 0.04861111111111111
1 0.8368055555555556 0.6432291666666666 0.04583333333333333 0.057291666666666664
1 0.8819444444444444 0.6371527777777778 0.044444444444444446 0.052083333333333336
1 0.6027777777777777 0.8211805555555556 0.044444444444444446 0.052083333333333336
1 0.575 0.9444444444444444 0.044444444444444446 0.0625
1 0.8347222222222223 0.8611111111111112 0.041666666666666664 0.052083333333333336
1 0.9777777777777777 0.7786458333333334 0.03888888888888889 0.05381944444444445
1 0.9527777777777777 0.9427083333333334 0.03888888888888889 0.05555555555555555
1 0.9680555555555556 0.4201388888888889 0.05 0.0798611111111111
