3 0.034027777777777775 0.0390625 0.034722222222222224 0.05381944444444445
3 0.15902777777777777 0.1423611111111111 0.0375 0.0625
3 0.2111111111111111 0.1423611111111111 0.03888888888888889 0.05555555555555555
3 0.34652777777777777 0.020833333333333332 0.04027777777777778 0.03819444444444445
3 0.3659722222222222 0.1605902777777778 0.04583333333333333 0.057291666666666664
3 0.41458333333333336 0.11631944444444445 0.04861111111111111 0.059027777777777776
3 0.1125 0.24479166666666666 0.03611111111111111 0.052083333333333336
3 0.04027777777777778 0.3663194444444444 0.03611111111111111 0.059027777777777776
3 0.12222222222222222 0.3680555555555556 0.03611111111111111 0.052083333333333336
3 0.09791666666666667 0.4131944444444444 0.04861111111111111 0.05555555555555555
3 0.04097222222222222 0.4748263888888889 0.043055555555555555 0.0642361111111111
3 0.1486111111111111 0.4878472222222222 0.044444444444444446 0.06597222222222222
3 0.2916666666666667 0.3914930555555556 0.041666666666666664 0.05381944444444445
3 0.34097222222222223 0.3133680555555556 0.04027777777777778 0.046875
3 0.16319444444444445 0.609375 0.04027777777777778 0.05555555555555555
3 0.029166666666666667 0.7847222222222222 0.03333333333333333 0.05555555555555555
3 0.06111111111111111 0.8506944444444444 0.041666666666666664 0.04861111111111111
3 0.18055555555555555 0.6796875 0.03888888888888889 0.05381944444444445
3 0.43125 0.5963541666666666 0.0375 0.05381944444444445
3 0.5638888888888889 0.1111111111111111 0.041666666666666664 0.059027777777777776
3 0.5083333333333333 0.2595486111111111 0.03888888888888889 0.046875
3 0.5201388888888889 0.2960069444444444 0.04027777777777778 0.046875
3 0.6618055555555555 0.21006944444444445 0.034722222222222224 0.059027777777777776
3 0.63125 0.3420138888888889 0.04027777777777778 0.05555555555555555
3 0.6902777777777778 0.3602430555555556 0.041666666666666664 0.05381944444444445
3 0.7215277777777778 0.24739583333333334 0.04583333333333333 0.036458333333333336
3 0.8645833333333334 0.2456597222222222 0.043055555555555555 0.05381944444444445
3 0.8270833333333333 0.3203125 0.04583333333333333 0.05381944444444445
3 0.9638888888888889 0.4496527777777778 0.04722222222222222 0.059027777777777776
3 0.5666666666666667 0.5989583333333334 0.03888888888888889 0.06597222222222222
3 0.6520833333333333 0.7204861111111112 0.0375 0.04861111111111111
3 0.7520833333333333 0.6649305555555556 0.043055555555555555 0.05555555555555555
3 0.5 0.8020833333333334 0.044444444444444446 0.059027777777777776
3 0.6958333333333333 0.8628472222222222 0.041666666666666664 0.05555555555555555
3 0.6104166666666667 0.9244791666666666 0.029166666666666667 0.05381944444444445
3 0.8361111111111111 0.9097222222222222 0.03333333333333333 0.059027777777777776
3 0.9173611111111111 0.8819444444444444 0.04861111111111111 0.07291666666666667
3 0.8361111111111111 0.9600694444444444 0.044444444444444446 0.04513888888888889
3 0.8638888888888889 0.9809027777777778 0.03611111111111111 0.034722222222222224
3 0.5118055555555555 0.6232638888888888 0.034722222222222224 0.04861111111111111
3 0.7673611111111112 0.7491319444444444 0.04027777777777778 0.057291666666666664
