1 0.035416666666666666 0.3576388888888889 0.043055555555555555 0.059027777777777776
1 0.08819444444444445 0.21614583333333334 0.04583333333333333 0.05381944444444445
1 0.09652777777777778 0.09288194444444445 0.04583333333333333 0.057291666666666664
1 0.2513888888888889 0.06163194444444445 0.04722222222222222 0.05381944444444445
1 0.15763888888888888 0.2708333333333333 0.043055555555555555 0.05555555555555555
1 0.31180555555555556 0.19444444444444445 0.04861111111111111 0.052083333333333336
1 0.27291666666666664 0.12586805555555555 0.043055555555555555 0.06076388888888889
1 0.26180555555555557 0.013020833333333334 0.05694444444444444 0.022569444444444444
1 0.5111111111111111 0.1675347222222222 0.04722222222222222 0.057291666666666664
1 0.5180555555555556 0.3940972222222222 0.04722222222222222 0.059027777777777776
1 0.14027777777777778 0.5234375 0.04722222222222222 0.05381944444444445
1 0.09722222222222222 0.5677083333333334 0.04722222222222222 0.04861111111111111
1 0.15555555555555556 0.5815972222222222 0.05 0.0625
1 0.11944444444444445 0.9166666666666666 0.044444444444444446 0.0625
1 0.3159722222222222 0.8567708333333334 0.04583333333333333 0.05381944444444445
1 0.28541666666666665 0.9088541666666666 0.04861111111111111 0.05381944444444445
1 0.44305555555555554 0.5998263888888888 0.044444444444444446 0.057291666666666664
1 0.4527777777777778 0.8220486111111112 0.041666666666666664 0.0642361111111111
1 0.5444444444444444 0.8541666666666666 0.041666666666666664 0.05555555555555555
1 0.5430555555555555 0.6979166666666666 0.03611111111111111 0.04513888888888889
1 0.5625 0.6510416666666666 0.044444444444444446 0.05555555555555555
1 0.6361111111111111 0.5581597222222222 0.044444444444444446 0.06076388888888889
1 0.6701388888888888 0.3194444444444444 0.0375 0.052083333333333336
1 0.6729166666666667 0.18229166666666666 0.04583333333333333 0.052083333333333336
1 0.7402777777777778 0.3550347222222222 0.04722222222222222 0.057291666666666664
1 0.6388888888888888 0.6892361111111112 0.041666666666666664 0.05555555555555555
1 0.6548611111111111 0.7586805555555556 0.043055555555555555 0.059027777777777776
1 0.76875 0.8758680555555556 0.04861111111111111 0.057291666666666664
1 0.6819444444444445 0.9487847222222222 0.044444444444444446 0.06770833333333333
1 0.8319444444444445 0.9418402777777778 0.041666666666666664 0.06076388888888889
1 0.8659722222222223 0.6605902777777778 0.04027777777777778 0.06076388888888889
1 0.9270833333333334 0.5954861111111112 0.04861111111111111 0.059027777777777776
1 0.9194444444444444 0.2786458333333333 0.05 0.0642361111111111
1 0.7444444444444445 0.04513888888888889 0.05555555555555555 0.06597222222222222
1 0.9916666666666667 0.017361111111111112 0.016666666666666666 0.03125
1 0.9333333333333333 0.1987847222222222 0.04722222222222222 0.057291666666666664
1 0.9854166666666667 0.1657986111111111 0.029166666666666667 0.06770833333333333
1 0.6145833333333334 0.4913194444444444 0.043055555555555555 0.059027777777777776
1 0.9611111111111111 0.019097222222222224 0.04722222222222222 0.034722222222222224
