1 0.0875 0.2326388888888889 0.041666666666666664 0.05555555555555555
1 0.20555555555555555 0.2829861111111111 0.041666666666666664 0.059027777777777776
1 0.0763888888888889 0.3967013888888889 0.041666666666666664 0.057291666666666664
1 0.15069444444444444 0.4210069444444444 0.04027777777777778 0.06076388888888889
1 0.22777777777777777 0.3732638888888889 0.044444444444444446 0.059027777777777776
1 0.3993055555555556 0.2795138888888889 0.043055555555555555 0.05555555555555555
1 0.2534722222222222 0.07552083333333333 0.04027777777777778 0.057291666666666664
1 0.2263888888888889 0.018229166666666668 0.04722222222222222 0.03298611111111111
1 0.43125 0.022569444444444444 0.043055555555555555 0.041666666666666664
1 0.5916666666666667 0.2170138888888889 0.041666666666666664 0.052083333333333336
1 0.7548611111111111 0.2465277777777778 0.04583333333333333 0.0625
1 0.5520833333333334 0.3159722222222222 0.04583333333333333 0.059027777777777776
1 0.5180555555555556 0.3706597222222222 0.044444444444444446 0.05381944444444445
1 0.32569444444444445 0.4583333333333333 0.04027777777777778 0.05555555555555555
1 0.4215277777777778 0.4861111111111111 0.043055555555555555 0.05555555555555555
1 0.12291666666666666 0.5920138888888888 0.05694444444444444 0.06597222222222222
1 0.06388888888888888 0.6449652777777778 0.041666666666666664 0.05381944444444445
1 0.05625 0.7065972222222222 0.04861111111111111 0.059027777777777776
1 0.27291666666666664 0.6927083333333334 0.043055555555555555 0.059027777777777776
1 0.21805555555555556 0.6032986111111112 0.044444444444444446 0.057291666666666664
1 0.1326388888888889 0.8697916666666666 0.04583333333333333 0.0625
1 0.19027777777777777 0.8697916666666666 0.041666666666666664 0.06597222222222222
1 0.12916666666666668 0.9418402777777778 0.04722222222222222 0.05381944444444445
1 0.39166666666666666 0.7682291666666666 0.041666666666666664 0.057291666666666664
1 0.5006944444444444 0.7664930555555556 0.04583333333333333 0.06076388888888889
1 0.6173611111111111 0.7309027777777778 0.043055555555555555 0.05555555555555555
1 0.5847222222222223 0.8402777777777778 0.041666666666666664 0.05555555555555555
1 0.8909722222222223 0.6111111111111112 0.043055555555555555 0.059027777777777776
1 0.9361111111111111 0.7326388888888888 0.044444444444444446 0.059027777777777776
1 0.8180555555555555 0.9149305555555556 0.041666666666666664 0.059027777777777776
1 0.7090277777777778 0.9210069444444444 0.04861111111111111 0.06076388888888889
1 0.75 0.9288194444444444 0.041666666666666664 0.06944444444444445
1 0.6604166666666667 0.9756944444444444 0.043055555555555555 0.03819444444444445
1 0.7215277777777778 0.9696180555555556 0.043055555555555555 0.050347222222222224
1 0.9020833333333333 0.9401041666666666 0.04583333333333333 0.05381944444444445
1 0.7923611111111111 0.3498263888888889 0.043055555555555555 0.057291666666666664
1 0.7819444444444444 0.2873263888888889 0.05 0.06076388888888889
1 0.7340277777777777 0.03211805555555555 0.04583333333333333 0.06076388888888889
1 0.7527777777777778 0.14149305555555555 0.03888888888888889 0.057291666666666664
1 0.8833333333333333 0.2578125 0.04722222222222222 0.06076388888888889
1 0.9604166666666667 0.2803819444444444 0.04583333333333333 0.0642361111111111
1 0.9743055555555555 0.18663194444444445 0.04583333333333333 0.0642361111111111
7 0.7527777777777778 0.6362847222222222 0.025 0.036458333333333336
1 0.5166666666666667 0.5763888888888888 0.044444444444444446 0.059027777777777776
1 0.5395833333333333 0.4626736111111111 0.04027777777777778 0.057291666666666664
1 0.9180555555555555 0.013020833333333334 0.05 0.022569444444444444
