1 0.027777777777777776 0.12586805555555555 0.05 0.06770833333333333
1 0.07083333333333333 0.3159722222222222 0.04722222222222222 0.05555555555555555
1 0.16805555555555557 0.3680555555555556 0.044444444444444446 0.059027777777777776
1 0.2534722222222222 0.16145833333333334 0.05138888888888889 0.08333333333333333
1 0.28402777777777777 0.03125 0.05138888888888889 0.059027777777777776
1 0.5472222222222223 0.041666666666666664 0.044444444444444446 0.059027777777777776
1 0.5715277777777777 0.08940972222222222 0.05138888888888889 0.07465277777777778
1 0.2569444444444444 0.2734375 0.05555555555555555 0.07118055555555555
1 0.19791666666666666 0.5390625 0.04583333333333333 0.06076388888888889
1 0.07569444444444444 0.6762152777777778 0.05694444444444444 0.07465277777777778
1 0.041666666666666664 0.8055555555555556 0.05277777777777778 0.0625
1 0.24583333333333332 0.6866319444444444 0.05 0.06770833333333333
1 0.15208333333333332 0.6814236111111112 0.05138888888888889 0.06076388888888889
1 0.13958333333333334 0.7013888888888888 0.04861111111111111 0.0625
1 0.2263888888888889 0.7586805555555556 0.044444444444444446 0.06597222222222222
1 0.33125 0.7361111111111112 0.043055555555555555 0.0625
1 0.45625 0.3810763888888889 0.04861111111111111 0.07465277777777778
1 0.49166666666666664 0.2534722222222222 0.05 0.0625
1 0.5243055555555556 0.3489583333333333 0.05694444444444444 0.06597222222222222
1 0.575 0.6458333333333334 0.05 0.06597222222222222
1 0.5513888888888889 0.7057291666666666 0.04722222222222222 0.0642361111111111
1 0.6638888888888889 0.5989583333333334 0.041666666666666664 0.06597222222222222
1 0.7430555555555556 0.5112847222222222 0.058333333333333334 0.06076388888888889
1 0.7861111111111111 0.2560763888888889 0.044444444444444446 0.06770833333333333
1 0.8576388888888888 0.3359375 0.04861111111111111 0.0642361111111111
1 0.8583333333333333 0.2621527777777778 0.05 0.06597222222222222
1 0.9201388888888888 0.2838541666666667 0.04861111111111111 0.06770833333333333
1 0.9798611111111111 0.12413194444444445 0.04027777777777778 0.06770833333333333
1 0.5868055555555556 0.90625 0.04583333333333333 0.07291666666666667
1 0.6375 0.9322916666666666 0.041666666666666664 0.059027777777777776
1 0.7944444444444444 0.8237847222222222 0.05277777777777778 0.07118055555555555
1 0.9722222222222222 0.9045138888888888 0.04722222222222222 0.0625
1 0.9097222222222222 0.9635416666666666 0.05 0.06944444444444445
1 0.98125 0.9722222222222222 0.03194444444444444 0.05555555555555555
1 0.9847222222222223 0.2222222222222222 0.030555555555555555 0.06944444444444445
7 0.7006944444444444 0.3498263888888889 0.06805555555555555 0.08159722222222222
7 0.24930555555555556 0.8463541666666666 0.0625 0.057291666666666664
1 0.011805555555555555 0.6388888888888888 0.020833333333333332 0.07291666666666667
1 0.3333333333333333 0.019965277777777776 0.05 0.036458333333333336
