1 0.07569444444444444 0.1293402777777778 0.05416666666666667 0.057291666666666664
1 0.13125 0.08072916666666667 0.05416666666666667 0.06770833333333333
1 0.14930555555555555 0.3532986111111111 0.05138888888888889 0.057291666666666664
1 0.15416666666666667 0.5477430555555556 0.04722222222222222 0.057291666666666664
1 0.23541666666666666 0.17447916666666666 0.059722222222222225 0.06770833333333333
1 0.29097222222222224 0.109375 0.04861111111111111 0.06944444444444445
1 0.3194444444444444 0.2552083333333333 0.05 0.059027777777777776
1 0.37083333333333335 0.3194444444444444 0.05 0.06597222222222222
1 0.3861111111111111 0.3819444444444444 0.04722222222222222 0.059027777777777776
1 0.3423611111111111 0.6059027777777778 0.04861111111111111 0.06597222222222222
1 0.06111111111111111 0.6206597222222222 0.05 0.07465277777777778
1 0.14444444444444443 0.6328125 0.05277777777777778 0.07118055555555555
1 0.22361111111111112 0.78125 0.06666666666666667 0.06597222222222222
1 0.3229166666666667 0.7873263888888888 0.05416666666666667 0.07465277777777778
1 0.4826388888888889 0.8871527777777778 0.04583333333333333 0.06944444444444445
1 0.45416666666666666 0.9635416666666666 0.05 0.0625
1 0.5659722222222222 0.14322916666666666 0.05138888888888889 0.0642361111111111
1 0.6708333333333333 0.06770833333333333 0.044444444444444446 0.06944444444444445
1 0.5479166666666667 0.453125 0.04583333333333333 0.059027777777777776
1 0.5909722222222222 0.4357638888888889 0.05138888888888889 0.06944444444444445
1 0.6486111111111111 0.5243055555555556 0.05 0.06597222222222222
1 0.6541666666666667 0.5833333333333334 0.06388888888888888 0.06597222222222222
1 0.7590277777777777 0.5546875 0.05416666666666667 0.06076388888888889
1 0.8048611111111111 0.4513888888888889 0.05416666666666667 0.06597222222222222
1 0.9055555555555556 0.125 0.058333333333333334 0.06944444444444445
1 0.8618055555555556 0.3671875 0.05138888888888889 0.06770833333333333
1 0.8895833333333333 0.2456597222222222 0.04861111111111111 0.0642361111111111
1 0.91875 0.1987847222222222 0.05694444444444444 0.07118055555555555
1 0.9090277777777778 0.4592013888888889 0.05694444444444444 0.06770833333333333
1 0.9 0.5373263888888888 0.05 0.0642361111111111
1 0.9458333333333333 0.5512152777777778 0.04722222222222222 0.057291666666666664
1 0.95 0.609375 0.05 0.05555555555555555
1 0.9055555555555556 0.6284722222222222 0.05277777777777778 0.06944444444444445
1 0.89375 0.6553819444444444 0.04027777777777778 0.05381944444444445
1 0.7875 0.7369791666666666 0.05277777777777778 0.0642361111111111
1 0.8666666666666667 0.7248263888888888 0.05 0.07118055555555555
1 0.7576388888888889 0.8194444444444444 0.05138888888888889 0.0625
1 0.6569444444444444 0.8611111111111112 0.05 0.0625
1 0.6333333333333333 0.9253472222222222 0.05 0.059027777777777776
1 0.6409722222222223 0.9730902777777778 0.04861111111111111 0.046875
1 0.7875 0.890625 0.041666666666666664 0.06597222222222222
1 0.9611111111111111 0.7916666666666666 0.05277777777777778 0.06944444444444445
1 0.8847222222222222 0.9730902777777778 0.06944444444444445 0.03993055555555555
1 0.43680555555555556 0.019097222222222224 0.05694444444444444 0.034722222222222224
7 0.5409722222222222 0.8559027777777778 0.0625 0.0798611111111111
