3 0.1597222222222222 0.1519097222222222 0.05277777777777778 0.06076388888888889
3 0.21319444444444444 0.050347222222222224 0.04027777777777778 0.06597222222222222
3 0.3 0.030381944444444444 0.05 0.05381944444444445
3 0.40625 0.140625 0.04027777777777778 0.05555555555555555
3 0.22013888888888888 0.1623263888888889 0.043055555555555555 0.05381944444444445
3 0.17430555555555555 0.2204861111111111 0.04027777777777778 0.0625
3 0.30277777777777776 0.2013888888888889 0.05 0.0625
3 0.20208333333333334 0.2994791666666667 0.05694444444444444 0.06076388888888889
3 0.13055555555555556 0.3828125 0.03888888888888889 0.05381944444444445
3 0.12152777777777778 0.4609375 0.043055555555555555 0.0642361111111111
3 0.034027777777777775 0.5399305555555556 0.04027777777777778 0.059027777777777776
3 0.04513888888888889 0.6197916666666666 0.05138888888888889 0.06597222222222222
3 0.16111111111111112 0.6050347222222222 0.05 0.06076388888888889
3 0.02847222222222222 0.8177083333333334 0.05416666666666667 0.0625
3 0.2222222222222222 0.8159722222222222 0.06666666666666667 0.06944444444444445
3 0.3326388888888889 0.7543402777777778 0.05138888888888889 0.06076388888888889
3 0.22083333333333333 0.9305555555555556 0.06111111111111111 0.06597222222222222
3 0.3125 0.8845486111111112 0.05 0.0642361111111111
3 0.4083333333333333 0.8020833333333334 0.04722222222222222 0.06944444444444445
3 0.44027777777777777 0.9140625 0.044444444444444446 0.057291666666666664
3 0.5041666666666667 0.7048611111111112 0.041666666666666664 0.059027777777777776
3 0.46875 0.5998263888888888 0.05416666666666667 0.057291666666666664
3 0.5395833333333333 0.5399305555555556 0.04583333333333333 0.06597222222222222
3 0.3875 0.3576388888888889 0.05277777777777778 0.0625
3 0.425 0.2647569444444444 0.03888888888888889 0.06076388888888889
3 0.5013888888888889 0.036458333333333336 0.058333333333333334 0.0625
3 0.5881944444444445 0.04079861111111111 0.04583333333333333 0.05381944444444445
3 0.4965277777777778 0.3342013888888889 0.04027777777777778 0.06076388888888889
3 0.5777777777777777 0.3697916666666667 0.041666666666666664 0.06944444444444445
3 0.7652777777777777 0.3645833333333333 0.04722222222222222 0.05555555555555555
3 0.7680555555555556 0.2899305555555556 0.041666666666666664 0.059027777777777776
3 0.6548611111111111 0.2560763888888889 0.04583333333333333 0.057291666666666664
3 0.6361111111111111 0.17708333333333334 0.03888888888888889 0.059027777777777776
3 0.6736111111111112 0.1892361111111111 0.03888888888888889 0.052083333333333336
3 0.7243055555555555 0.17274305555555555 0.04861111111111111 0.07118055555555555
1 0.8590277777777777 0.21961805555555555 0.05694444444444444 0.07118055555555555
3 0.8652777777777778 0.0876736111111111 0.04722222222222222 0.05381944444444445
3 0.95 0.09809027777777778 0.04722222222222222 0.07465277777777778
3 0.9215277777777777 0.2569444444444444 0.04861111111111111 0.06944444444444445
3 0.7875 0.5902777777777778 0.044444444444444446 0.05555555555555555
3 0.6013888888888889 0.6875 0.05555555555555555 0.06597222222222222
3 0.6555555555555556 0.6814236111111112 0.044444444444444446 0.06076388888888889
3 0.7861111111111111 0.8211805555555556 0.03888888888888889 0.06597222222222222
3 0.6270833333333333 0.9722222222222222 0.05138888888888889 0.04513888888888889
3 0.7465277777777778 0.9722222222222222 0.04861111111111111 0.05555555555555555
3 0.9118055555555555 0.7005208333333334 0.034722222222222224 0.06076388888888889
3 0.9368055555555556 0.6006944444444444 0.04861111111111111 0.05555555555555555
3 0.9298611111111111 0.4852430555555556 0.05138888888888889 0.07118055555555555
3 0.8375 0.4097222222222222 0.05277777777777778 0.0625
3 0.9027777777777778 0.3897569444444444 0.044444444444444446 0.057291666666666664
3 0.9513888888888888 0.3359375 0.044444444444444446 0.050347222222222224
3 0.4284722222222222 0.2109375 0.04861111111111111 0.057291666666666664
1 0.19166666666666668 0.9800347222222222 0.06944444444444445 0.03993055555555555
7 0.35625 0.9791666666666666 0.05694444444444444 0.034722222222222224
3 0.18958333333333333 0.016493055555555556 0.05138888888888889 0.029513888888888888
7 0.3729166666666667 0.23697916666666666 0.04027777777777778 0.078125
