1 0.017361111111111112 0.2543402777777778 0.03194444444444444 0.06076388888888889
1 0.07708333333333334 0.3532986111111111 0.04861111111111111 0.057291666666666664
1 0.08333333333333333 0.234375 0.03888888888888889 0.05555555555555555
1 0.16111111111111112 0.2638888888888889 0.044444444444444446 0.059027777777777776
1 0.21041666666666667 0.3333333333333333 0.043055555555555555 0.059027777777777776
1 0.15 0.4045138888888889 0.041666666666666664 0.059027777777777776
1 0.075 0.4279513888888889 0.04722222222222222 0.06076388888888889
1 0.09305555555555556 0.4947916666666667 0.041666666666666664 0.0625
1 0.07152777777777777 0.7309027777777778 0.04027777777777778 0.059027777777777776
1 0.04236111111111111 0.8524305555555556 0.043055555555555555 0.059027777777777776
1 0.1076388888888889 0.9409722222222222 0.04027777777777778 0.05555555555555555
1 0.3368055555555556 0.9184027777777778 0.04027777777777778 0.05555555555555555
1 0.32222222222222224 0.9696180555555556 0.05277777777777778 0.057291666666666664
1 0.31875 0.5451388888888888 0.05138888888888889 0.0625
1 0.4152777777777778 0.4227430555555556 0.044444444444444446 0.06076388888888889
1 0.3284722222222222 0.1875 0.043055555555555555 0.052083333333333336
1 0.19791666666666666 0.057291666666666664 0.04027777777777778 0.05555555555555555
1 0.38333333333333336 0.0763888888888889 0.044444444444444446 0.05555555555555555
1 0.45694444444444443 0.027777777777777776 0.044444444444444446 0.052083333333333336
1 0.6263888888888889 0.06076388888888889 0.03888888888888889 0.0625
1 0.6680555555555555 0.04774305555555555 0.041666666666666664 0.05381944444444445
1 0.7513888888888889 0.11979166666666667 0.044444444444444446 0.0625
1 0.7333333333333333 0.15885416666666666 0.041666666666666664 0.05381944444444445
1 0.86875 0.046875 0.04583333333333333 0.059027777777777776
1 0.9166666666666666 0.06597222222222222 0.044444444444444446 0.06597222222222222
1 0.6826388888888889 0.3506944444444444 0.05416666666666667 0.0625
1 0.5208333333333334 0.4288194444444444 0.04722222222222222 0.059027777777777776
1 0.4361111111111111 0.2508680555555556 0.041666666666666664 0.06076388888888889
1 0.49444444444444446 0.2126736111111111 0.05277777777777778 0.06076388888888889
1 0.4166666666666667 0.16145833333333334 0.03888888888888889 0.05555555555555555
1 0.6347222222222222 0.4626736111111111 0.044444444444444446 0.057291666666666664
1 0.6097222222222223 0.3862847222222222 0.041666666666666664 0.05381944444444445
1 0.5298611111111111 0.5807291666666666 0.043055555555555555 0.05381944444444445
1 0.4409722222222222 0.6805555555555556 0.04583333333333333 0.05555555555555555
1 0.5152777777777777 0.7352430555555556 0.044444444444444446 0.06076388888888889
1 0.6395833333333333 0.6545138888888888 0.043055555555555555 0.05555555555555555
1 0.6715277777777777 0.6128472222222222 0.04861111111111111 0.052083333333333336
1 0.7722222222222223 0.5373263888888888 0.05 0.06076388888888889
1 0.88125 0.5633680555555556 0.04583333333333333 0.057291666666666664
1 0.8222222222222222 0.6571180555555556 0.04722222222222222 0.057291666666666664
1 0.8465277777777778 0.6050347222222222 0.04027777777777778 0.050347222222222224
1 0.65625 0.7560763888888888 0.05694444444444444 0.057291666666666664
1 0.7979166666666667 0.8532986111111112 0.04027777777777778 0.057291666666666664
1 0.9201388888888888 0.7769097222222222 0.04583333333333333 0.0642361111111111
1 0.9826388888888888 0.6979166666666666 0.034722222222222224 0.059027777777777776
1 0.8347222222222223 0.9053819444444444 0.041666666666666664 0.057291666666666664
1 0.3729166666666667 0.2829861111111111 0.04027777777777778 0.05555555555555555
1 0.013194444444444444 0.3836805555555556 0.02361111111111111 0.0625
