1 0.07083333333333333 0.09375 0.05277777777777778 0.0625
1 0.09027777777777778 0.1657986111111111 0.04722222222222222 0.06076388888888889
1 0.10138888888888889 0.2725694444444444 0.044444444444444446 0.05555555555555555
1 0.04027777777777778 0.3845486111111111 0.05 0.0642361111111111
1 0.05277777777777778 0.5885416666666666 0.04722222222222222 0.06944444444444445
1 0.1361111111111111 0.5381944444444444 0.044444444444444446 0.0625
1 0.19236111111111112 0.2682291666666667 0.043055555555555555 0.06770833333333333
1 0.2388888888888889 0.2760416666666667 0.04722222222222222 0.0625
1 0.2847222222222222 0.06944444444444445 0.03888888888888889 0.04861111111111111
1 0.35138888888888886 0.018229166666666668 0.05 0.03298611111111111
1 0.41805555555555557 0.0642361111111111 0.044444444444444446 0.059027777777777776
1 0.38055555555555554 0.3446180555555556 0.044444444444444446 0.06076388888888889
1 0.34652777777777777 0.3993055555555556 0.05138888888888889 0.05555555555555555
1 0.5048611111111111 0.3645833333333333 0.04861111111111111 0.06597222222222222
1 0.5770833333333333 0.2890625 0.05694444444444444 0.06770833333333333
1 0.7013888888888888 0.028645833333333332 0.044444444444444446 0.05381944444444445
1 0.7673611111111112 0.06076388888888889 0.043055555555555555 0.052083333333333336
1 0.8111111111111111 0.07291666666666667 0.05 0.059027777777777776
1 0.4354166666666667 0.5390625 0.04027777777777778 0.05381944444444445
1 0.22361111111111112 0.6631944444444444 0.041666666666666664 0.06944444444444445
1 0.18194444444444444 0.7152777777777778 0.041666666666666664 0.059027777777777776
1 0.020833333333333332 0.8524305555555556 0.03888888888888889 0.059027777777777776
1 0.2652777777777778 0.8862847222222222 0.04722222222222222 0.057291666666666664
1 0.3715277777777778 0.8289930555555556 0.043055555555555555 0.057291666666666664
1 0.5520833333333334 0.6354166666666666 0.04027777777777778 0.05555555555555555
1 0.6902777777777778 0.5607638888888888 0.044444444444444446 0.059027777777777776
1 0.7618055555555555 0.546875 0.04583333333333333 0.0625
1 0.8659722222222223 0.546875 0.05138888888888889 0.06944444444444445
1 0.9777777777777777 0.8020833333333334 0.044444444444444446 0.06597222222222222
1 0.6097222222222223 0.8289930555555556 0.044444444444444446 0.05381944444444445
1 0.6326388888888889 0.6875 0.043055555555555555 0.0625
1 0.6916666666666667 0.7300347222222222 0.044444444444444446 0.05381944444444445
1 0.7527777777777778 0.6814236111111112 0.044444444444444446 0.06770833333333333
1 0.6541666666666667 0.9704861111111112 0.044444444444444446 0.052083333333333336
1 0.7375 0.96875 0.05 0.052083333333333336
1 0.6069444444444444 0.9826388888888888 0.05555555555555555 0.034722222222222224
