1 0.030555555555555555 0.4626736111111111 0.044444444444444446 0.057291666666666664
1 0.07222222222222222 0.7361111111111112 0.044444444444444446 0.059027777777777776
1 0.29444444444444445 0.5868055555555556 0.04722222222222222 0.059027777777777776
1 0.19236111111111112 0.3133680555555556 0.043055555555555555 0.050347222222222224
1 0.29930555555555555 0.3133680555555556 0.04027777777777778 0.057291666666666664
1 0.3 0.16493055555555555 0.041666666666666664 0.05555555555555555
1 0.20972222222222223 0.03819444444444445 0.03888888888888889 0.059027777777777776
1 0.3111111111111111 0.019097222222222224 0.03888888888888889 0.034722222222222224
1 0.4097222222222222 0.035590277777777776 0.05 0.06770833333333333
1 0.4701388888888889 0.12152777777777778 0.04583333333333333 0.0625
1 0.48194444444444445 0.2482638888888889 0.044444444444444446 0.052083333333333336
1 0.5590277777777778 0.09635416666666667 0.04027777777777778 0.057291666666666664
1 0.5638888888888889 0.3715277777777778 0.041666666666666664 0.06597222222222222
1 0.2972222222222222 0.4079861111111111 0.03888888888888889 0.052083333333333336
1 0.44722222222222224 0.4157986111111111 0.041666666666666664 0.057291666666666664
1 0.66875 0.2916666666666667 0.0375 0.05555555555555555
1 0.8 0.12239583333333333 0.044444444444444446 0.050347222222222224
1 0.7972222222222223 0.16319444444444445 0.03888888888888889 0.04513888888888889
1 0.9006944444444445 0.10243055555555555 0.043055555555555555 0.05555555555555555
1 0.9041666666666667 0.2387152777777778 0.03888888888888889 0.05381944444444445
1 0.80625 0.3194444444444444 0.04027777777777778 0.059027777777777776
1 0.8805555555555555 0.3914930555555556 0.03888888888888889 0.050347222222222224
1 0.5090277777777777 0.5815972222222222 0.043055555555555555 0.052083333333333336
1 0.6534722222222222 0.5364583333333334 0.04583333333333333 0.05555555555555555
1 0.7256944444444444 0.5876736111111112 0.0375 0.050347222222222224
1 0.9631944444444445 0.4939236111111111 0.04861111111111111 0.06076388888888889
1 0.38958333333333334 0.6814236111111112 0.04027777777777778 0.06076388888888889
1 0.41458333333333336 0.7013888888888888 0.043055555555555555 0.05555555555555555
1 0.23958333333333334 0.7760416666666666 0.04027777777777778 0.05555555555555555
1 0.20208333333333334 0.8203125 0.043055555555555555 0.05381944444444445
1 0.20972222222222223 0.8671875 0.03888888888888889 0.050347222222222224
1 0.3451388888888889 0.7664930555555556 0.04027777777777778 0.05381944444444445
1 0.3680555555555556 0.7960069444444444 0.03888888888888889 0.050347222222222224
1 0.4 0.7821180555555556 0.03611111111111111 0.06076388888888889
1 0.5145833333333333 0.7942708333333334 0.04861111111111111 0.0642361111111111
1 0.5659722222222222 0.6996527777777778 0.043055555555555555 0.059027777777777776
1 0.6055555555555555 0.8871527777777778 0.041666666666666664 0.06944444444444445
1 0.7125 0.8428819444444444 0.04722222222222222 0.0642361111111111
1 0.7486111111111111 0.9010416666666666 0.044444444444444446 0.05555555555555555
1 0.7819444444444444 0.9600694444444444 0.05 0.06944444444444445
1 0.9 0.7395833333333334 0.05 0.0625
1 0.9652777777777778 0.6753472222222222 0.03888888888888889 0.05555555555555555
7 0.009722222222222222 0.8984375 0.016666666666666666 0.05381944444444445
