1 0.2388888888888889 0.1953125 0.041666666666666664 0.06076388888888889
1 0.32083333333333336 0.09375 0.044444444444444446 0.059027777777777776
1 0.37569444444444444 0.11371527777777778 0.0375 0.050347222222222224
1 0.4215277777777778 0.10850694444444445 0.04027777777777778 0.05381944444444445
1 0.6666666666666666 0.109375 0.041666666666666664 0.052083333333333336
1 0.8986111111111111 0.019965277777777776 0.03888888888888889 0.036458333333333336
1 0.23055555555555557 0.2942708333333333 0.03888888888888889 0.050347222222222224
1 0.2659722222222222 0.3359375 0.04583333333333333 0.05381944444444445
1 0.13819444444444445 0.4322916666666667 0.04027777777777778 0.05555555555555555
1 0.17222222222222222 0.4861111111111111 0.04722222222222222 0.052083333333333336
1 0.3611111111111111 0.3454861111111111 0.04722222222222222 0.052083333333333336
1 0.44375 0.390625 0.04583333333333333 0.059027777777777776
1 0.4583333333333333 0.4383680555555556 0.044444444444444446 0.050347222222222224
1 0.5395833333333333 0.2942708333333333 0.043055555555555555 0.057291666666666664
1 0.6298611111111111 0.3098958333333333 0.04583333333333333 0.057291666666666664
1 0.5805555555555556 0.3515625 0.041666666666666664 0.05381944444444445
1 0.7277777777777777 0.2065972222222222 0.044444444444444446 0.052083333333333336
1 0.8111111111111111 0.18489583333333334 0.04722222222222222 0.06076388888888889
1 0.8736111111111111 0.17881944444444445 0.044444444444444446 0.05555555555555555
1 0.9840277777777777 0.1623263888888889 0.03194444444444444 0.0642361111111111
1 0.7854166666666667 0.3767361111111111 0.04027777777777778 0.04861111111111111
1 0.9472222222222222 0.3046875 0.041666666666666664 0.057291666666666664
1 0.5104166666666666 0.6258680555555556 0.04583333333333333 0.06076388888888889
1 0.6416666666666667 0.6414930555555556 0.041666666666666664 0.050347222222222224
1 0.7534722222222222 0.4453125 0.04583333333333333 0.046875
1 0.7423611111111111 0.4921875 0.04583333333333333 0.050347222222222224
1 0.8416666666666667 0.5138888888888888 0.03888888888888889 0.05555555555555555
1 0.8298611111111112 0.5677083333333334 0.043055555555555555 0.04861111111111111
1 0.9444444444444444 0.5295138888888888 0.041666666666666664 0.05555555555555555
1 0.6402777777777777 0.7265625 0.041666666666666664 0.06770833333333333
1 0.034722222222222224 0.8255208333333334 0.041666666666666664 0.057291666666666664
1 0.14027777777777778 0.921875 0.03888888888888889 0.0625
1 0.09236111111111112 0.9279513888888888 0.043055555555555555 0.06076388888888889
1 0.0763888888888889 0.9652777777777778 0.04722222222222222 0.052083333333333336
1 0.3013888888888889 0.8767361111111112 0.044444444444444446 0.0625
1 0.46597222222222223 0.8177083333333334 0.043055555555555555 0.05555555555555555
1 0.31875 0.9574652777777778 0.04027777777777778 0.05381944444444445
1 0.5423611111111111 0.9444444444444444 0.04583333333333333 0.059027777777777776
1 0.6930555555555555 0.8680555555555556 0.041666666666666664 0.05555555555555555
1 0.7305555555555555 0.8888888888888888 0.03888888888888889 0.052083333333333336
1 0.6895833333333333 0.9670138888888888 0.04861111111111111 0.0625
1 0.8298611111111112 0.8472222222222222 0.04027777777777778 0.05555555555555555
1 0.81875 0.9322916666666666 0.04861111111111111 0.06597222222222222
1 0.8618055555555556 0.9288194444444444 0.043055555555555555 0.059027777777777776
1 0.6541666666666667 0.17100694444444445 0.041666666666666664 0.05381944444444445
1 0.9888888888888889 0.5572916666666666 0.022222222222222223 0.05555555555555555
