3 0.02638888888888889 0.06684027777777778 0.03888888888888889 0.06770833333333333
7 0.16458333333333333 0.07552083333333333 0.07083333333333333 0.0920138888888889
3 0.2611111111111111 0.15104166666666666 0.04722222222222222 0.06944444444444445
3 0.16458333333333333 0.2300347222222222 0.0625 0.07118055555555555
3 0.015277777777777777 0.15625 0.027777777777777776 0.0798611111111111
3 0.020833333333333332 0.3159722222222222 0.03888888888888889 0.07291666666666667
3 0.09930555555555555 0.3168402777777778 0.043055555555555555 0.06076388888888889
3 0.020833333333333332 0.4835069444444444 0.03888888888888889 0.06770833333333333
3 0.09652777777777778 0.5 0.05416666666666667 0.059027777777777776
3 0.21180555555555555 0.4444444444444444 0.04583333333333333 0.06597222222222222
3 0.2423611111111111 0.4105902777777778 0.043055555555555555 0.06770833333333333
3 0.08333333333333333 0.6675347222222222 0.05555555555555555 0.07118055555555555
3 0.21736111111111112 0.5416666666666666 0.04583333333333333 0.06597222222222222
3 0.2673611111111111 0.5763888888888888 0.04027777777777778 0.05555555555555555
3 0.20833333333333334 0.6883680555555556 0.03888888888888889 0.06076388888888889
3 0.16111111111111112 0.7586805555555556 0.05555555555555555 0.0763888888888889
3 0.10694444444444444 0.7934027777777778 0.044444444444444446 0.07291666666666667
3 0.059722222222222225 0.8055555555555556 0.044444444444444446 0.06597222222222222
3 0.13958333333333334 0.8506944444444444 0.04861111111111111 0.05555555555555555
3 0.1284722222222222 0.9574652777777778 0.05138888888888889 0.057291666666666664
3 0.23958333333333334 0.9392361111111112 0.04861111111111111 0.0625
3 0.39861111111111114 0.7690972222222222 0.04722222222222222 0.059027777777777776
3 0.33125 0.9166666666666666 0.04583333333333333 0.052083333333333336
3 0.33541666666666664 0.9557291666666666 0.04861111111111111 0.057291666666666664
3 0.6520833333333333 0.03125 0.04861111111111111 0.059027777777777776
3 0.7673611111111112 0.20399305555555555 0.04027777777777778 0.0642361111111111
3 0.6034722222222222 0.3098958333333333 0.05138888888888889 0.0642361111111111
3 0.7479166666666667 0.4175347222222222 0.043055555555555555 0.050347222222222224
3 0.9236111111111112 0.4756944444444444 0.04722222222222222 0.059027777777777776
3 0.6784722222222223 0.5763888888888888 0.04027777777777778 0.0625
3 0.7375 0.6102430555555556 0.03611111111111111 0.050347222222222224
3 0.47847222222222224 0.7161458333333334 0.05416666666666667 0.0642361111111111
3 0.5854166666666667 0.7118055555555556 0.04861111111111111 0.06597222222222222
3 0.5291666666666667 0.7751736111111112 0.041666666666666664 0.06076388888888889
3 0.4847222222222222 0.7751736111111112 0.044444444444444446 0.07118055555555555
3 0.43680555555555556 0.8151041666666666 0.034722222222222224 0.06770833333333333
3 0.49722222222222223 0.8611111111111112 0.044444444444444446 0.052083333333333336
3 0.7659722222222223 0.8567708333333334 0.04027777777777778 0.06076388888888889
3 0.8576388888888888 0.7821180555555556 0.0375 0.06076388888888889
3 0.49722222222222223 0.9835069444444444 0.05555555555555555 0.029513888888888888
3 0.06736111111111111 0.9809027777777778 0.043055555555555555 0.03819444444444445
3 0.8534722222222222 0.9817708333333334 0.05694444444444444 0.026041666666666668
3 0.010416666666666666 0.4227430555555556 0.018055555555555554 0.0642361111111111
3 0.21736111111111112 0.9904513888888888 0.034722222222222224 0.019097222222222224
