1 0.05486111111111111 0.3524305555555556 0.0375 0.052083333333333336
1 0.28402777777777777 0.2126736111111111 0.04027777777777778 0.057291666666666664
1 0.27152777777777776 0.034722222222222224 0.04861111111111111 0.059027777777777776
1 0.23958333333333334 0.3758680555555556 0.05138888888888889 0.06770833333333333
1 0.07222222222222222 0.4930555555555556 0.05277777777777778 0.05555555555555555
1 0.18125 0.4991319444444444 0.043055555555555555 0.057291666666666664
1 0.09166666666666666 0.6032986111111112 0.041666666666666664 0.05381944444444445
1 0.14583333333333334 0.6362847222222222 0.044444444444444446 0.057291666666666664
1 0.015277777777777777 0.8402777777777778 0.027777777777777776 0.05555555555555555
1 0.15138888888888888 0.8237847222222222 0.041666666666666664 0.05381944444444445
1 0.21805555555555556 0.8524305555555556 0.044444444444444446 0.04861111111111111
1 0.15 0.8793402777777778 0.044444444444444446 0.05381944444444445
1 0.19027777777777777 0.9548611111111112 0.041666666666666664 0.05555555555555555
1 0.3993055555555556 0.7413194444444444 0.043055555555555555 0.05555555555555555
1 0.3590277777777778 0.3914930555555556 0.04583333333333333 0.06076388888888889
1 0.33125 0.2144097222222222 0.04027777777777778 0.057291666666666664
1 0.3638888888888889 0.2222222222222222 0.03611111111111111 0.04861111111111111
1 0.37430555555555556 0.2760416666666667 0.043055555555555555 0.04861111111111111
1 0.41944444444444445 0.3151041666666667 0.03888888888888889 0.05381944444444445
1 0.4444444444444444 0.3767361111111111 0.044444444444444446 0.052083333333333336
1 0.5222222222222223 0.0859375 0.044444444444444446 0.050347222222222224
1 0.6340277777777777 0.1015625 0.04027777777777778 0.050347222222222224
1 0.7256944444444444 0.15104166666666666 0.04027777777777778 0.05555555555555555
1 0.7076388888888889 0.1996527777777778 0.043055555555555555 0.05555555555555555
1 0.7423611111111111 0.359375 0.043055555555555555 0.059027777777777776
1 0.6923611111111111 0.5980902777777778 0.043055555555555555 0.057291666666666664
1 0.46041666666666664 0.5755208333333334 0.04027777777777778 0.06076388888888889
1 0.4076388888888889 0.4600694444444444 0.0375 0.05555555555555555
1 0.4444444444444444 0.4626736111111111 0.041666666666666664 0.06076388888888889
1 0.44027777777777777 0.7447916666666666 0.041666666666666664 0.04861111111111111
1 0.5291666666666667 0.7335069444444444 0.03888888888888889 0.057291666666666664
1 0.4722222222222222 0.9756944444444444 0.044444444444444446 0.03819444444444445
1 0.5958333333333333 0.7899305555555556 0.044444444444444446 0.059027777777777776
1 0.8875 0.53125 0.044444444444444446 0.059027777777777776
1 0.8451388888888889 0.6970486111111112 0.04583333333333333 0.050347222222222224
1 0.7833333333333333 0.7751736111111112 0.041666666666666664 0.057291666666666664
1 0.8652777777777778 0.9270833333333334 0.03888888888888889 0.059027777777777776
1 0.8923611111111112 0.40625 0.043055555555555555 0.0625
1 0.9423611111111111 0.34375 0.04027777777777778 0.05555555555555555
1 0.9680555555555556 0.6944444444444444 0.05 0.06597222222222222
1 0.8791666666666667 0.2439236111111111 0.044444444444444446 0.06076388888888889
1 0.9479166666666666 0.2378472222222222 0.04861111111111111 0.05555555555555555
1 0.9618055555555556 0.18663194444444445 0.04861111111111111 0.0642361111111111
1 0.9381944444444444 0.057291666666666664 0.043055555555555555 0.05555555555555555
7 0.9916666666666667 0.7039930555555556 0.016666666666666666 0.050347222222222224
7 0.8097222222222222 0.9835069444444444 0.044444444444444446 0.03298611111111111
1 0.9590277777777778 0.017361111111111112 0.04861111111111111 0.03125
1 0.009722222222222222 0.9739583333333334 0.016666666666666666 0.04861111111111111
