1 0.07361111111111111 0.22135416666666666 0.05 0.06770833333333333
1 0.11458333333333333 0.3489583333333333 0.04583333333333333 0.059027777777777776
1 0.07847222222222222 0.4045138888888889 0.04583333333333333 0.05555555555555555
1 0.11041666666666666 0.4383680555555556 0.043055555555555555 0.057291666666666664
1 0.010416666666666666 0.6875 0.018055555555555554 0.059027777777777776
1 0.10833333333333334 0.6796875 0.05 0.0642361111111111
1 0.05694444444444444 0.7960069444444444 0.041666666666666664 0.057291666666666664
1 0.2423611111111111 0.5677083333333334 0.05416666666666667 0.059027777777777776
1 0.24444444444444444 0.21614583333333334 0.04722222222222222 0.0642361111111111
1 0.22291666666666668 0.2803819444444444 0.04583333333333333 0.06076388888888889
1 0.2743055555555556 0.3246527777777778 0.043055555555555555 0.05555555555555555
1 0.31666666666666665 0.4192708333333333 0.044444444444444446 0.057291666666666664
1 0.35625 0.5755208333333334 0.05138888888888889 0.06076388888888889
1 0.4736111111111111 0.4288194444444444 0.05277777777777778 0.0625
1 0.4201388888888889 0.6197916666666666 0.04861111111111111 0.0625
1 0.3138888888888889 0.6657986111111112 0.044444444444444446 0.05381944444444445
1 0.35347222222222224 0.6788194444444444 0.04027777777777778 0.05555555555555555
1 0.31527777777777777 0.9296875 0.05 0.05381944444444445
1 0.5340277777777778 0.8003472222222222 0.05138888888888889 0.0625
1 0.4708333333333333 0.4887152777777778 0.05277777777777778 0.0642361111111111
1 0.36319444444444443 0.051215277777777776 0.043055555555555555 0.05381944444444445
1 0.39861111111111114 0.0920138888888889 0.041666666666666664 0.059027777777777776
1 0.5041666666666667 0.06944444444444445 0.04722222222222222 0.06597222222222222
1 0.4986111111111111 0.1362847222222222 0.041666666666666664 0.05381944444444445
1 0.49444444444444446 0.20399305555555555 0.05277777777777778 0.0642361111111111
1 0.5333333333333333 0.16927083333333334 0.04722222222222222 0.057291666666666664
1 0.6034722222222222 0.328125 0.04583333333333333 0.059027777777777776
1 0.6875 0.3350694444444444 0.044444444444444446 0.059027777777777776
1 0.69375 0.2465277777777778 0.0375 0.059027777777777776
1 0.6534722222222222 0.4505208333333333 0.04861111111111111 0.06770833333333333
1 0.7486111111111111 0.5329861111111112 0.044444444444444446 0.06597222222222222
1 0.8375 0.5815972222222222 0.05 0.059027777777777776
1 0.7180555555555556 0.703125 0.04722222222222222 0.059027777777777776
1 0.4965277777777778 0.9739583333333334 0.05416666666666667 0.041666666666666664
1 0.6555555555555556 0.9574652777777778 0.04722222222222222 0.057291666666666664
1 0.7076388888888889 0.9592013888888888 0.04861111111111111 0.05381944444444445
1 0.9826388888888888 0.9210069444444444 0.034722222222222224 0.06770833333333333
1 0.81875 0.7447916666666666 0.043055555555555555 0.059027777777777776
1 0.8423611111111111 0.6996527777777778 0.04861111111111111 0.0625
1 0.9020833333333333 0.6779513888888888 0.04583333333333333 0.05381944444444445
1 0.9569444444444445 0.65625 0.04722222222222222 0.05555555555555555
1 0.9208333333333333 0.3706597222222222 0.05555555555555555 0.07465277777777778
1 0.9854166666666667 0.2204861111111111 0.02638888888888889 0.07291666666666667
1 0.3715277777777778 0.4149305555555556 0.043055555555555555 0.059027777777777776
1 0.7756944444444445 0.984375 0.043055555555555555 0.027777777777777776
