1 0.04375 0.15538194444444445 0.04861111111111111 0.06770833333333333
1 0.16666666666666666 0.21354166666666666 0.05 0.05555555555555555
1 0.08541666666666667 0.3081597222222222 0.043055555555555555 0.057291666666666664
1 0.06944444444444445 0.4565972222222222 0.05 0.06597222222222222
1 0.1375 0.6145833333333334 0.04722222222222222 0.059027777777777776
1 0.20555555555555555 0.4557291666666667 0.05 0.0642361111111111
1 0.27291666666666664 0.2361111111111111 0.05138888888888889 0.06597222222222222
1 0.25972222222222224 0.3142361111111111 0.05277777777777778 0.05555555555555555
1 0.275 0.3645833333333333 0.05 0.059027777777777776
1 0.31666666666666665 0.5034722222222222 0.04722222222222222 0.059027777777777776
1 0.32083333333333336 0.6128472222222222 0.04722222222222222 0.0625
1 0.12152777777777778 0.8020833333333334 0.04583333333333333 0.0625
1 0.36736111111111114 0.4670138888888889 0.05694444444444444 0.06597222222222222
1 0.37777777777777777 0.2673611111111111 0.05 0.059027777777777776
1 0.5173611111111112 0.17708333333333334 0.04861111111111111 0.06597222222222222
1 0.9069444444444444 0.026909722222222224 0.04722222222222222 0.050347222222222224
1 0.6458333333333334 0.1953125 0.05 0.057291666666666664
1 0.8013888888888889 0.1171875 0.04722222222222222 0.057291666666666664
1 0.8451388888888889 0.10069444444444445 0.05138888888888889 0.059027777777777776
1 0.8652777777777778 0.2881944444444444 0.044444444444444446 0.0625
1 0.9451388888888889 0.2526041666666667 0.05138888888888889 0.0642361111111111
1 0.9166666666666666 0.3029513888888889 0.044444444444444446 0.0642361111111111
1 0.60625 0.4618055555555556 0.05416666666666667 0.06944444444444445
1 0.775 0.3871527777777778 0.044444444444444446 0.0625
1 0.9611111111111111 0.4366319444444444 0.044444444444444446 0.057291666666666664
1 0.9604166666666667 0.6579861111111112 0.04583333333333333 0.059027777777777776
1 0.9458333333333333 0.6840277777777778 0.04722222222222222 0.059027777777777776
1 0.6395833333333333 0.8810763888888888 0.04027777777777778 0.06076388888888889
1 0.9111111111111111 0.8211805555555556 0.04722222222222222 0.0625
1 0.7361111111111112 0.8567708333333334 0.05 0.06076388888888889
1 0.9631944444444445 0.9496527777777778 0.04583333333333333 0.0625
1 0.015277777777777777 0.5572916666666666 0.027777777777777776 0.06944444444444445
7 0.7375 0.7161458333333334 0.07222222222222222 0.08506944444444445
7 0.6486111111111111 0.8194444444444444 0.06111111111111111 0.06944444444444445
7 0.034027777777777775 0.4991319444444444 0.0625 0.0642361111111111
1 0.016666666666666666 0.9765625 0.030555555555555555 0.043402777777777776
1 0.5229166666666667 0.016493055555555556 0.04861111111111111 0.029513888888888888
1 0.009027777777777777 0.6710069444444444 0.015277777777777777 0.057291666666666664
