3 0.1375 0.5434027777777778 0.044444444444444446 0.0625
3 0.15138888888888888 0.5894097222222222 0.05 0.05381944444444445
3 0.32708333333333334 0.4236111111111111 0.04027777777777778 0.05555555555555555
3 0.2875 0.22916666666666666 0.04722222222222222 0.0625
3 0.2673611111111111 0.052083333333333336 0.043055555555555555 0.059027777777777776
3 0.5256944444444445 0.12239583333333333 0.043055555555555555 0.06076388888888889
3 0.5590277777777778 0.22135416666666666 0.04861111111111111 0.0642361111111111
3 0.6541666666666667 0.2300347222222222 0.04722222222222222 0.0642361111111111
3 0.5833333333333334 0.3472222222222222 0.05 0.05555555555555555
3 0.40555555555555556 0.6371527777777778 0.044444444444444446 0.05555555555555555
3 0.33958333333333335 0.7213541666666666 0.04027777777777778 0.05381944444444445
3 0.3541666666666667 0.7717013888888888 0.044444444444444446 0.0642361111111111
3 0.28402777777777777 0.8090277777777778 0.043055555555555555 0.05555555555555555
3 0.22777777777777777 0.8220486111111112 0.03888888888888889 0.057291666666666664
3 0.27152777777777776 0.9678819444444444 0.04027777777777778 0.057291666666666664
3 0.5819444444444445 0.6831597222222222 0.030555555555555555 0.06076388888888889
3 0.5875 0.9366319444444444 0.05 0.06076388888888889
3 0.69375 0.7630208333333334 0.04583333333333333 0.057291666666666664
3 0.8034722222222223 0.5555555555555556 0.043055555555555555 0.0625
3 0.8986111111111111 0.6414930555555556 0.04722222222222222 0.06076388888888889
3 0.8833333333333333 0.7456597222222222 0.05 0.06076388888888889
3 0.7715277777777778 0.3828125 0.04027777777777778 0.06076388888888889
3 0.7013888888888888 0.4557291666666667 0.03611111111111111 0.0642361111111111
3 0.8201388888888889 0.2309027777777778 0.0375 0.0625
3 0.9583333333333334 0.3949652777777778 0.03333333333333333 0.057291666666666664
3 0.9840277777777777 0.2048611111111111 0.029166666666666667 0.0625
3 0.9826388888888888 0.08159722222222222 0.034722222222222224 0.06944444444444445
3 0.9875 0.421875 0.025 0.04861111111111111
3 0.6631944444444444 0.7977430555555556 0.04027777777777778 0.05381944444444445
