3 0.08263888888888889 0.1267361111111111 0.04861111111111111 0.0625
3 0.14444444444444443 0.078125 0.03888888888888889 0.05555555555555555
3 0.10694444444444444 0.3342013888888889 0.03888888888888889 0.057291666666666664
3 0.07152777777777777 0.3802083333333333 0.04027777777777778 0.052083333333333336
3 0.26875 0.2725694444444444 0.04027777777777778 0.0763888888888889
3 0.2986111111111111 0.1362847222222222 0.041666666666666664 0.0642361111111111
3 0.4263888888888889 0.08680555555555555 0.04722222222222222 0.06597222222222222
3 0.4979166666666667 0.10850694444444445 0.043055555555555555 0.05381944444444445
3 0.6222222222222222 0.033854166666666664 0.044444444444444446 0.057291666666666664
3 0.35625 0.4114583333333333 0.04027777777777778 0.05555555555555555
3 0.06666666666666667 0.7109375 0.03611111111111111 0.043402777777777776
3 0.041666666666666664 0.890625 0.044444444444444446 0.059027777777777776
3 0.08402777777777778 0.9227430555555556 0.04583333333333333 0.07118055555555555
3 0.24791666666666667 0.6631944444444444 0.0375 0.0625
3 0.42083333333333334 0.7118055555555556 0.03611111111111111 0.05555555555555555
3 0.4013888888888889 0.7960069444444444 0.03611111111111111 0.043402777777777776
3 0.46319444444444446 0.4574652777777778 0.04027777777777778 0.050347222222222224
3 0.5513888888888889 0.3098958333333333 0.03333333333333333 0.06076388888888889
3 0.5861111111111111 0.3246527777777778 0.03888888888888889 0.05555555555555555
3 0.5944444444444444 0.24479166666666666 0.04722222222222222 0.04861111111111111
3 0.6006944444444444 0.16319444444444445 0.04861111111111111 0.052083333333333336
3 0.65625 0.1293402777777778 0.034722222222222224 0.050347222222222224
3 0.6923611111111111 0.17708333333333334 0.0375 0.04861111111111111
3 0.6722222222222223 0.22135416666666666 0.03888888888888889 0.050347222222222224
3 0.8368055555555556 0.09027777777777778 0.04027777777777778 0.059027777777777776
3 0.9048611111111111 0.24739583333333334 0.043055555555555555 0.06076388888888889
3 0.7041666666666667 0.2951388888888889 0.041666666666666664 0.06597222222222222
3 0.675 0.3914930555555556 0.04722222222222222 0.05381944444444445
3 0.8680555555555556 0.3654513888888889 0.041666666666666664 0.0642361111111111
3 0.9125 0.4340277777777778 0.03888888888888889 0.052083333333333336
3 0.5277777777777778 0.5321180555555556 0.03888888888888889 0.057291666666666664
3 0.5666666666666667 0.5321180555555556 0.03611111111111111 0.06076388888888889
3 0.6145833333333334 0.5607638888888888 0.04027777777777778 0.05555555555555555
3 0.7354166666666667 0.640625 0.034722222222222224 0.06944444444444445
3 0.9305555555555556 0.5633680555555556 0.03611111111111111 0.046875
3 0.9006944444444445 0.6128472222222222 0.03194444444444444 0.059027777777777776
3 0.8465277777777778 0.7013888888888888 0.04583333333333333 0.059027777777777776
3 0.8743055555555556 0.7864583333333334 0.04027777777777778 0.05555555555555555
3 0.7305555555555555 0.7352430555555556 0.044444444444444446 0.050347222222222224
3 0.6416666666666667 0.8333333333333334 0.044444444444444446 0.052083333333333336
3 0.7722222222222223 0.8263888888888888 0.03888888888888889 0.05555555555555555
3 0.9090277777777778 0.8871527777777778 0.04027777777777778 0.052083333333333336
3 0.48194444444444445 0.9696180555555556 0.041666666666666664 0.050347222222222224
3 0.011805555555555555 0.2222222222222222 0.020833333333333332 0.05555555555555555
