1 0.010416666666666666 0.05642361111111111 0.018055555555555554 0.057291666666666664
1 0.07013888888888889 0.0920138888888889 0.043055555555555555 0.059027777777777776
1 0.02013888888888889 0.4713541666666667 0.0375 0.05381944444444445
1 0.04791666666666667 0.23958333333333334 0.043055555555555555 0.0625
1 0.20833333333333334 0.4383680555555556 0.044444444444444446 0.06076388888888889
1 0.1638888888888889 0.6614583333333334 0.04722222222222222 0.059027777777777776
1 0.2548611111111111 0.7204861111111112 0.04583333333333333 0.06944444444444445
1 0.2638888888888889 0.8072916666666666 0.041666666666666664 0.05555555555555555
1 0.20208333333333334 0.859375 0.043055555555555555 0.059027777777777776
1 0.03819444444444445 0.7890625 0.0375 0.06076388888888889
1 0.020833333333333332 0.9097222222222222 0.03888888888888889 0.059027777777777776
1 0.13680555555555557 0.8723958333333334 0.043055555555555555 0.050347222222222224
1 0.14166666666666666 0.9210069444444444 0.05 0.06076388888888889
1 0.42083333333333334 0.8020833333333334 0.03888888888888889 0.059027777777777776
1 0.3111111111111111 0.5347222222222222 0.044444444444444446 0.0625
1 0.47708333333333336 0.4513888888888889 0.04027777777777778 0.05555555555555555
1 0.4083333333333333 0.3489583333333333 0.04722222222222222 0.059027777777777776
1 0.29583333333333334 0.234375 0.05 0.06597222222222222
1 0.3388888888888889 0.12152777777777778 0.04722222222222222 0.059027777777777776
1 0.39375 0.0859375 0.043055555555555555 0.057291666666666664
1 0.4097222222222222 0.014756944444444444 0.04722222222222222 0.026041666666666668
1 0.5277777777777778 0.0703125 0.044444444444444446 0.057291666666666664
1 0.5979166666666667 0.2986111111111111 0.04027777777777778 0.05555555555555555
1 0.5784722222222223 0.3463541666666667 0.04027777777777778 0.06076388888888889
1 0.675 0.3315972222222222 0.044444444444444446 0.059027777777777776
1 0.6479166666666667 0.2734375 0.043055555555555555 0.057291666666666664
1 0.7131944444444445 0.15104166666666666 0.04027777777777778 0.05555555555555555
1 0.8291666666666667 0.0876736111111111 0.05 0.06076388888888889
1 0.7604166666666666 0.2508680555555556 0.043055555555555555 0.057291666666666664
1 0.9638888888888889 0.1779513888888889 0.03888888888888889 0.050347222222222224
1 0.9888888888888889 0.13020833333333334 0.022222222222222223 0.052083333333333336
1 0.6777777777777778 0.4565972222222222 0.03888888888888889 0.05555555555555555
1 0.6375 0.6284722222222222 0.041666666666666664 0.059027777777777776
1 0.7840277777777778 0.6319444444444444 0.04583333333333333 0.06597222222222222
1 0.9569444444444445 0.6197916666666666 0.044444444444444446 0.059027777777777776
1 0.9888888888888889 0.5112847222222222 0.022222222222222223 0.057291666666666664
1 0.6416666666666667 0.7039930555555556 0.04722222222222222 0.07118055555555555
1 0.7618055555555555 0.6866319444444444 0.043055555555555555 0.057291666666666664
1 0.8972222222222223 0.84375 0.044444444444444446 0.059027777777777776
1 0.5340277777777778 0.8628472222222222 0.043055555555555555 0.052083333333333336
1 0.5645833333333333 0.8385416666666666 0.04027777777777778 0.059027777777777776
1 0.6326388888888889 0.9513888888888888 0.043055555555555555 0.059027777777777776
1 0.6784722222222223 0.9461805555555556 0.043055555555555555 0.059027777777777776
1 0.9708333333333333 0.7708333333333334 0.05 0.06597222222222222
1 0.9805555555555555 0.8263888888888888 0.03888888888888889 0.059027777777777776
1 0.9611111111111111 0.2248263888888889 0.044444444444444446 0.057291666666666664
1 0.9631944444444445 0.6736111111111112 0.043055555555555555 0.05555555555555555
