1 0.021527777777777778 0.2986111111111111 0.04027777777777778 0.059027777777777776
1 0.034027777777777775 0.04079861111111111 0.04027777777777778 0.05381944444444445
1 0.14097222222222222 0.1675347222222222 0.043055555555555555 0.06076388888888889
1 0.07777777777777778 0.2647569444444444 0.044444444444444446 0.06076388888888889
1 0.13055555555555556 0.3567708333333333 0.03888888888888889 0.05381944444444445
1 0.03125 0.5260416666666666 0.04583333333333333 0.059027777777777776
1 0.12430555555555556 0.4678819444444444 0.04583333333333333 0.05381944444444445
1 0.07708333333333334 0.5737847222222222 0.043055555555555555 0.057291666666666664
1 0.04027777777777778 0.75 0.03888888888888889 0.059027777777777776
1 0.015277777777777777 0.7578125 0.027777777777777776 0.057291666666666664
1 0.26458333333333334 0.6935763888888888 0.04583333333333333 0.06076388888888889
1 0.19305555555555556 0.8298611111111112 0.041666666666666664 0.05555555555555555
1 0.3138888888888889 0.8342013888888888 0.03888888888888889 0.050347222222222224
1 0.23541666666666666 0.9201388888888888 0.043055555555555555 0.05555555555555555
1 0.3645833333333333 0.9184027777777778 0.04027777777777778 0.059027777777777776
1 0.3909722222222222 0.5520833333333334 0.043055555555555555 0.05555555555555555
1 0.48819444444444443 0.5998263888888888 0.043055555555555555 0.057291666666666664
1 0.42291666666666666 0.6640625 0.043055555555555555 0.06076388888888889
1 0.47847222222222224 0.7013888888888888 0.043055555555555555 0.05555555555555555
1 0.5166666666666667 0.8550347222222222 0.05 0.057291666666666664
1 0.5902777777777778 0.7274305555555556 0.041666666666666664 0.05555555555555555
1 0.6465277777777778 0.5807291666666666 0.043055555555555555 0.05381944444444445
1 0.4895833333333333 0.4565972222222222 0.0375 0.05555555555555555
1 0.5243055555555556 0.4305555555555556 0.043055555555555555 0.052083333333333336
1 0.5722222222222222 0.3567708333333333 0.044444444444444446 0.050347222222222224
1 0.31875 0.2013888888888889 0.043055555555555555 0.05555555555555555
1 0.35694444444444445 0.2248263888888889 0.03888888888888889 0.057291666666666664
1 0.3368055555555556 0.078125 0.043055555555555555 0.05555555555555555
1 0.5770833333333333 0.078125 0.04027777777777778 0.059027777777777776
1 0.7013888888888888 0.033854166666666664 0.03888888888888889 0.050347222222222224
1 0.8368055555555556 0.019965277777777776 0.0375 0.036458333333333336
1 0.7875 0.15885416666666666 0.03888888888888889 0.057291666666666664
1 0.7145833333333333 0.11371527777777778 0.043055555555555555 0.06076388888888889
1 0.5680555555555555 0.2552083333333333 0.04722222222222222 0.05555555555555555
1 0.7673611111111112 0.4583333333333333 0.043055555555555555 0.0625
1 0.8645833333333334 0.2786458333333333 0.0375 0.057291666666666664
1 0.9576388888888889 0.203125 0.04027777777777778 0.05555555555555555
1 0.9513888888888888 0.4991319444444444 0.041666666666666664 0.057291666666666664
1 0.8736111111111111 0.6276041666666666 0.03611111111111111 0.050347222222222224
1 0.9486111111111111 0.6163194444444444 0.03611111111111111 0.04861111111111111
1 0.7472222222222222 0.7300347222222222 0.03888888888888889 0.057291666666666664
1 0.7423611111111111 0.9236111111111112 0.04583333333333333 0.052083333333333336
1 0.8916666666666667 0.9053819444444444 0.041666666666666664 0.057291666666666664
1 0.98125 0.9609375 0.0375 0.06076388888888889
1 0.9451388888888889 0.2838541666666667 0.04583333333333333 0.06770833333333333
1 0.9763888888888889 0.09635416666666667 0.03888888888888889 0.050347222222222224
1 0.9861111111111112 0.05555555555555555 0.027777777777777776 0.052083333333333336
1 0.7986111111111112 0.016493055555555556 0.03888888888888889 0.029513888888888888
1 0.7916666666666666 0.9826388888888888 0.044444444444444446 0.024305555555555556
1 0.5291666666666667 0.015625 0.044444444444444446 0.027777777777777776
1 0.7645833333333333 0.010416666666666666 0.043055555555555555 0.017361111111111112
1 0.9923611111111111 0.2534722222222222 0.015277777777777777 0.04513888888888889
