1 0.1125 0.019965277777777776 0.04722222222222222 0.036458333333333336
1 0.23958333333333334 0.07465277777777778 0.04583333333333333 0.059027777777777776
1 0.32013888888888886 0.0798611111111111 0.04861111111111111 0.059027777777777776
1 0.5020833333333333 0.0390625 0.04861111111111111 0.0642361111111111
1 0.7840277777777778 0.026041666666666668 0.04027777777777778 0.04861111111111111
1 0.9819444444444444 0.06336805555555555 0.03611111111111111 0.05381944444444445
1 0.2875 0.3090277777777778 0.05277777777777778 0.06944444444444445
1 0.06944444444444445 0.2803819444444444 0.044444444444444446 0.057291666666666664
1 0.09097222222222222 0.3151041666666667 0.04583333333333333 0.057291666666666664
1 0.10555555555555556 0.4262152777777778 0.041666666666666664 0.06076388888888889
1 0.28402777777777777 0.4817708333333333 0.0375 0.05381944444444445
1 0.11388888888888889 0.5703125 0.044444444444444446 0.05381944444444445
1 0.30416666666666664 0.5190972222222222 0.041666666666666664 0.05555555555555555
1 0.5215277777777778 0.4123263888888889 0.043055555555555555 0.06076388888888889
1 0.1597222222222222 0.6597222222222222 0.041666666666666664 0.059027777777777776
1 0.30625 0.6232638888888888 0.04583333333333333 0.0625
1 0.029861111111111113 0.8107638888888888 0.04583333333333333 0.06944444444444445
1 0.08472222222222223 0.8854166666666666 0.04722222222222222 0.06597222222222222
1 0.024305555555555556 0.8949652777777778 0.04583333333333333 0.057291666666666664
1 0.30694444444444446 0.8394097222222222 0.041666666666666664 0.05381944444444445
1 0.3875 0.5590277777777778 0.03611111111111111 0.04861111111111111
1 0.5923611111111111 0.6024305555555556 0.043055555555555555 0.0625
1 0.6048611111111111 0.6605902777777778 0.04583333333333333 0.0642361111111111
1 0.61875 0.9019097222222222 0.043055555555555555 0.06076388888888889
1 0.3347222222222222 0.9574652777777778 0.03888888888888889 0.050347222222222224
1 0.7375 0.4505208333333333 0.044444444444444446 0.06076388888888889
1 0.6965277777777777 0.6987847222222222 0.04583333333333333 0.06076388888888889
1 0.8534722222222222 0.6397569444444444 0.04027777777777778 0.057291666666666664
1 0.8986111111111111 0.4887152777777778 0.044444444444444446 0.057291666666666664
1 0.5243055555555556 0.2378472222222222 0.04027777777777778 0.059027777777777776
1 0.5590277777777778 0.19010416666666666 0.043055555555555555 0.06076388888888889
1 0.6263888888888889 0.17881944444444445 0.044444444444444446 0.0625
1 0.9006944444444445 0.2465277777777778 0.04861111111111111 0.06597222222222222
1 0.9798611111111111 0.2560763888888889 0.0375 0.06770833333333333
1 0.8236111111111111 0.8967013888888888 0.04722222222222222 0.06076388888888889
1 0.8951388888888889 0.8654513888888888 0.04861111111111111 0.0642361111111111
1 0.9368055555555556 0.4418402777777778 0.04583333333333333 0.057291666666666664
1 0.5006944444444444 0.9817708333333334 0.04583333333333333 0.029513888888888888
