3 0.05416666666666667 0.3984375 0.03333333333333333 0.05381944444444445
3 0.12708333333333333 0.3159722222222222 0.04861111111111111 0.06944444444444445
3 0.10625 0.4131944444444444 0.043055555555555555 0.052083333333333336
3 0.14930555555555555 0.4557291666666667 0.043055555555555555 0.06076388888888889
3 0.24027777777777778 0.5434027777777778 0.03611111111111111 0.04861111111111111
3 0.09444444444444444 0.6493055555555556 0.041666666666666664 0.0625
3 0.08472222222222223 0.7838541666666666 0.03333333333333333 0.057291666666666664
3 0.034722222222222224 0.9262152777777778 0.03888888888888889 0.05381944444444445
3 0.13125 0.9131944444444444 0.043055555555555555 0.04861111111111111
3 0.21736111111111112 0.8741319444444444 0.043055555555555555 0.046875
3 0.22013888888888888 0.9236111111111112 0.0375 0.04861111111111111
3 0.27291666666666664 0.6684027777777778 0.0375 0.04513888888888889
3 0.2625 0.7126736111111112 0.03333333333333333 0.050347222222222224
3 0.35625 0.6614583333333334 0.04027777777777778 0.041666666666666664
3 0.37222222222222223 0.8923611111111112 0.030555555555555555 0.05555555555555555
3 0.5138888888888888 0.5303819444444444 0.03888888888888889 0.046875
3 0.35208333333333336 0.3567708333333333 0.0375 0.057291666666666664
3 0.48819444444444443 0.3151041666666667 0.04027777777777778 0.057291666666666664
3 0.47638888888888886 0.1423611111111111 0.03611111111111111 0.052083333333333336
3 0.6097222222222223 0.2387152777777778 0.03888888888888889 0.046875
3 0.6923611111111111 0.5251736111111112 0.034722222222222224 0.057291666666666664
3 0.8972222222222223 0.09635416666666667 0.03888888888888889 0.046875
3 0.8958333333333334 0.3810763888888889 0.03611111111111111 0.050347222222222224
3 0.8465277777777778 0.4782986111111111 0.0375 0.05381944444444445
3 0.7944444444444444 0.5538194444444444 0.03333333333333333 0.052083333333333336
3 0.6256944444444444 0.6085069444444444 0.04027777777777778 0.0642361111111111
3 0.7930555555555555 0.6336805555555556 0.041666666666666664 0.04513888888888889
3 0.9013888888888889 0.5581597222222222 0.03611111111111111 0.05381944444444445
3 0.925 0.5868055555555556 0.03611111111111111 0.041666666666666664
3 0.98125 0.6588541666666666 0.03194444444444444 0.050347222222222224
3 0.8798611111111111 0.8602430555555556 0.043055555555555555 0.06076388888888889
3 0.9298611111111111 0.8350694444444444 0.0375 0.05555555555555555
3 0.8152777777777778 0.014756944444444444 0.03888888888888889 0.026041666666666668
7 0.3458333333333333 0.8888888888888888 0.03888888888888889 0.059027777777777776
3 0.0125 0.890625 0.022222222222222223 0.052083333333333336
3 0.027777777777777776 0.010416666666666666 0.03333333333333333 0.017361111111111112
