1 0.1597222222222222 0.026041666666666668 0.044444444444444446 0.04861111111111111
1 0.09861111111111111 0.328125 0.05 0.0763888888888889
1 0.14027777777777778 0.3255208333333333 0.04722222222222222 0.06076388888888889
1 0.12013888888888889 0.5373263888888888 0.04861111111111111 0.05381944444444445
1 0.30625 0.625 0.04861111111111111 0.059027777777777776
1 0.2298611111111111 0.8385416666666666 0.04027777777777778 0.05555555555555555
1 0.17777777777777778 0.9027777777777778 0.044444444444444446 0.05555555555555555
1 0.09166666666666666 0.9835069444444444 0.041666666666666664 0.029513888888888888
1 0.35138888888888886 0.6267361111111112 0.044444444444444446 0.059027777777777776
1 0.43333333333333335 0.6145833333333334 0.044444444444444446 0.06597222222222222
1 0.34305555555555556 0.7543402777777778 0.04722222222222222 0.06076388888888889
1 0.41597222222222224 0.7074652777777778 0.04583333333333333 0.05381944444444445
1 0.39444444444444443 0.8559027777777778 0.044444444444444446 0.052083333333333336
1 0.28125 0.9210069444444444 0.05138888888888889 0.07118055555555555
1 0.49027777777777776 0.859375 0.03888888888888889 0.052083333333333336
1 0.5381944444444444 0.8576388888888888 0.04027777777777778 0.059027777777777776
1 0.6888888888888889 0.6510416666666666 0.044444444444444446 0.06597222222222222
1 0.6444444444444445 0.7899305555555556 0.041666666666666664 0.05555555555555555
1 0.7076388888888889 0.8203125 0.04027777777777778 0.057291666666666664
1 0.18541666666666667 0.2109375 0.043055555555555555 0.05381944444444445
1 0.21875 0.18489583333333334 0.0375 0.046875
1 0.28888888888888886 0.06510416666666667 0.044444444444444446 0.050347222222222224
1 0.3125 0.18663194444444445 0.03888888888888889 0.05381944444444445
1 0.35 0.3272569444444444 0.044444444444444446 0.050347222222222224
1 0.4798611111111111 0.2612847222222222 0.04027777777777778 0.057291666666666664
1 0.5319444444444444 0.2994791666666667 0.041666666666666664 0.057291666666666664
1 0.59375 0.265625 0.0375 0.059027777777777776
1 0.5284722222222222 0.1796875 0.05138888888888889 0.06076388888888889
1 0.5395833333333333 0.04079861111111111 0.04027777777777778 0.05381944444444445
1 0.5923611111111111 0.0954861111111111 0.04861111111111111 0.05555555555555555
1 0.6826388888888889 0.028645833333333332 0.04583333333333333 0.05381944444444445
1 0.7034722222222223 0.07378472222222222 0.043055555555555555 0.06076388888888889
1 0.6826388888888889 0.11805555555555555 0.0375 0.052083333333333336
1 0.6069444444444444 0.4661458333333333 0.041666666666666664 0.057291666666666664
1 0.7576388888888889 0.3967013888888889 0.04027777777777778 0.05381944444444445
1 0.7958333333333333 0.1953125 0.041666666666666664 0.05381944444444445
1 0.8854166666666666 0.019965277777777776 0.04861111111111111 0.036458333333333336
1 0.93125 0.06770833333333333 0.05694444444444444 0.0763888888888889
1 0.9805555555555555 0.1111111111111111 0.03888888888888889 0.059027777777777776
1 0.8729166666666667 0.4782986111111111 0.04583333333333333 0.06076388888888889
1 0.9319444444444445 0.5347222222222222 0.041666666666666664 0.059027777777777776
1 0.7930555555555555 0.7352430555555556 0.044444444444444446 0.06076388888888889
1 0.8819444444444444 0.7352430555555556 0.03888888888888889 0.05381944444444445
1 0.9590277777777778 0.8932291666666666 0.0375 0.05381944444444445
1 0.9895833333333334 0.8619791666666666 0.020833333333333332 0.0642361111111111
1 0.8354166666666667 0.3116319444444444 0.043055555555555555 0.057291666666666664
1 0.009722222222222222 0.8888888888888888 0.016666666666666666 0.06597222222222222
1 0.6236111111111111 0.9817708333333334 0.044444444444444446 0.026041666666666668
