1 0.030555555555555555 0.05381944444444445 0.04722222222222222 0.052083333333333336
1 0.06458333333333334 0.024305555555555556 0.05416666666666667 0.04513888888888889
1 0.0625 0.4331597222222222 0.044444444444444446 0.050347222222222224
1 0.05347222222222222 0.1371527777777778 0.04861111111111111 0.052083333333333336
1 0.35555555555555557 0.4201388888888889 0.041666666666666664 0.052083333333333336
1 0.18194444444444444 0.6059027777777778 0.044444444444444446 0.0625
1 0.41805555555555557 0.5381944444444444 0.04722222222222222 0.06597222222222222
1 0.4652777777777778 0.2682291666666667 0.05555555555555555 0.07118055555555555
1 0.45 0.015625 0.03611111111111111 0.027777777777777776
1 0.5090277777777777 0.030381944444444444 0.05416666666666667 0.057291666666666664
1 0.6277777777777778 0.03298611111111111 0.05 0.0625
1 0.7430555555555556 0.19791666666666666 0.04722222222222222 0.06944444444444445
1 0.6472222222222223 0.2934027777777778 0.041666666666666664 0.05555555555555555
1 0.8388888888888889 0.296875 0.044444444444444446 0.05555555555555555
1 0.9166666666666666 0.203125 0.044444444444444446 0.052083333333333336
1 0.9791666666666666 0.14756944444444445 0.03888888888888889 0.059027777777777776
1 0.6381944444444444 0.5381944444444444 0.04583333333333333 0.05555555555555555
1 0.8097222222222222 0.6232638888888888 0.044444444444444446 0.0625
1 0.88125 0.6597222222222222 0.04861111111111111 0.06944444444444445
1 0.20555555555555555 0.7569444444444444 0.04722222222222222 0.04861111111111111
1 0.030555555555555555 0.9131944444444444 0.044444444444444446 0.059027777777777776
1 0.13055555555555556 0.8263888888888888 0.05 0.0625
1 0.17430555555555555 0.8263888888888888 0.043055555555555555 0.059027777777777776
1 0.225 0.8029513888888888 0.041666666666666664 0.050347222222222224
1 0.22291666666666668 0.859375 0.043055555555555555 0.05555555555555555
1 0.24375 0.9123263888888888 0.04861111111111111 0.06076388888888889
1 0.38263888888888886 0.765625 0.04861111111111111 0.06944444444444445
1 0.5076388888888889 0.6961805555555556 0.04861111111111111 0.05555555555555555
1 0.4479166666666667 0.7873263888888888 0.04583333333333333 0.057291666666666664
1 0.4965277777777778 0.7795138888888888 0.043055555555555555 0.0625
1 0.8006944444444445 0.7517361111111112 0.05416666666666667 0.06597222222222222
1 0.8020833333333334 0.8350694444444444 0.043055555555555555 0.052083333333333336
1 0.4979166666666667 0.9557291666666666 0.04027777777777778 0.057291666666666664
1 0.8569444444444444 0.9557291666666666 0.044444444444444446 0.06076388888888889
1 0.9458333333333333 0.9401041666666666 0.044444444444444446 0.057291666666666664
1 0.7222222222222222 0.013888888888888888 0.044444444444444446 0.024305555555555556
