1 0.013194444444444444 0.13541666666666666 0.02361111111111111 0.0625
1 0.03611111111111111 0.3559027777777778 0.044444444444444446 0.059027777777777776
1 0.19791666666666666 0.050347222222222224 0.04027777777777778 0.059027777777777776
1 0.1361111111111111 0.2725694444444444 0.03888888888888889 0.05555555555555555
1 0.22152777777777777 0.1918402777777778 0.04861111111111111 0.0642361111111111
1 0.2826388888888889 0.1657986111111111 0.0375 0.057291666666666664
1 0.38680555555555557 0.026041666666666668 0.05138888888888889 0.04861111111111111
1 0.23402777777777778 0.2630208333333333 0.04861111111111111 0.057291666666666664
1 0.1701388888888889 0.28125 0.0375 0.052083333333333336
1 0.019444444444444445 0.5972222222222222 0.03611111111111111 0.05555555555555555
1 0.0375 0.6796875 0.05 0.0642361111111111
1 0.14027777777777778 0.6866319444444444 0.044444444444444446 0.0642361111111111
1 0.09166666666666666 0.7569444444444444 0.04722222222222222 0.059027777777777776
1 0.05694444444444444 0.8515625 0.05 0.05381944444444445
1 0.1125 0.8767361111111112 0.041666666666666664 0.059027777777777776
1 0.3326388888888889 0.7005208333333334 0.04861111111111111 0.0642361111111111
1 0.24027777777777778 0.9123263888888888 0.05277777777777778 0.0642361111111111
1 0.2833333333333333 0.9592013888888888 0.041666666666666664 0.05381944444444445
1 0.3909722222222222 0.6102430555555556 0.04583333333333333 0.06076388888888889
1 0.4888888888888889 0.6432291666666666 0.04722222222222222 0.06076388888888889
1 0.5472222222222223 0.5772569444444444 0.04722222222222222 0.057291666666666664
1 0.42291666666666666 0.3480902777777778 0.04861111111111111 0.0642361111111111
1 0.43680555555555556 0.2873263888888889 0.04583333333333333 0.057291666666666664
1 0.55625 0.2222222222222222 0.04027777777777778 0.059027777777777776
1 0.46111111111111114 0.1484375 0.044444444444444446 0.05381944444444445
1 0.4847222222222222 0.1189236111111111 0.044444444444444446 0.05381944444444445
1 0.5701388888888889 0.026041666666666668 0.043055555555555555 0.04861111111111111
1 0.6083333333333333 0.0798611111111111 0.05 0.0625
1 0.6951388888888889 0.09809027777777778 0.04027777777777778 0.057291666666666664
1 0.7652777777777777 0.051215277777777776 0.044444444444444446 0.057291666666666664
1 0.7361111111111112 0.23350694444444445 0.04722222222222222 0.05381944444444445
1 0.6701388888888888 0.4244791666666667 0.043055555555555555 0.05381944444444445
1 0.7270833333333333 0.4930555555555556 0.043055555555555555 0.059027777777777776
1 0.6694444444444444 0.6545138888888888 0.041666666666666664 0.059027777777777776
1 0.7861111111111111 0.6284722222222222 0.041666666666666664 0.059027777777777776
1 0.8291666666666667 0.5277777777777778 0.044444444444444446 0.052083333333333336
1 0.8666666666666667 0.4036458333333333 0.044444444444444446 0.05381944444444445
1 0.9013888888888889 0.359375 0.03888888888888889 0.052083333333333336
1 0.9430555555555555 0.3723958333333333 0.044444444444444446 0.05381944444444445
1 0.9263888888888889 0.4704861111111111 0.044444444444444446 0.0625
1 0.65 0.7170138888888888 0.05277777777777778 0.0625
1 0.4152777777777778 0.7829861111111112 0.05 0.06597222222222222
1 0.8229166666666666 0.8854166666666666 0.04027777777777778 0.052083333333333336
1 0.46319444444444446 0.8810763888888888 0.043055555555555555 0.05381944444444445
1 0.56875 0.859375 0.05138888888888889 0.059027777777777776
1 0.8597222222222223 0.9253472222222222 0.05277777777777778 0.06597222222222222
1 0.8743055555555556 0.9704861111111112 0.05138888888888889 0.04861111111111111
