1 0.022222222222222223 0.1684027777777778 0.03888888888888889 0.059027777777777776
1 0.06805555555555555 0.40625 0.041666666666666664 0.052083333333333336
1 0.07291666666666667 0.4739583333333333 0.04861111111111111 0.0625
1 0.06111111111111111 0.6006944444444444 0.03611111111111111 0.059027777777777776
1 0.10486111111111111 0.5720486111111112 0.05416666666666667 0.0642361111111111
1 0.16458333333333333 0.6258680555555556 0.043055555555555555 0.06076388888888889
1 0.12638888888888888 0.6909722222222222 0.044444444444444446 0.06597222222222222
1 0.06041666666666667 0.7899305555555556 0.043055555555555555 0.059027777777777776
1 0.019444444444444445 0.9105902777777778 0.03611111111111111 0.0642361111111111
1 0.2652777777777778 0.4444444444444444 0.044444444444444446 0.059027777777777776
1 0.37569444444444444 0.4392361111111111 0.043055555555555555 0.05555555555555555
1 0.2673611111111111 0.026041666666666668 0.05138888888888889 0.04861111111111111
1 0.31527777777777777 0.078125 0.044444444444444446 0.059027777777777776
1 0.35347222222222224 0.1328125 0.04027777777777778 0.046875
1 0.36319444444444443 0.021701388888888888 0.04861111111111111 0.03993055555555555
1 0.4166666666666667 0.13194444444444445 0.044444444444444446 0.059027777777777776
1 0.46458333333333335 0.2925347222222222 0.04583333333333333 0.05381944444444445
1 0.5715277777777777 0.17447916666666666 0.04583333333333333 0.057291666666666664
1 0.5048611111111111 0.06597222222222222 0.04583333333333333 0.05555555555555555
1 0.5347222222222222 0.04513888888888889 0.03611111111111111 0.04861111111111111
1 0.5618055555555556 0.06684027777777778 0.0375 0.057291666666666664
1 0.5618055555555556 0.016493055555555556 0.04583333333333333 0.029513888888888888
1 0.6423611111111112 0.3498263888888889 0.04861111111111111 0.06076388888888889
1 0.4930555555555556 0.5329861111111112 0.03888888888888889 0.04513888888888889
1 0.53125 0.5598958333333334 0.04583333333333333 0.06076388888888889
1 0.4888888888888889 0.6501736111111112 0.041666666666666664 0.057291666666666664
1 0.5347222222222222 0.6397569444444444 0.04722222222222222 0.05381944444444445
1 0.37222222222222223 0.8819444444444444 0.04722222222222222 0.059027777777777776
1 0.6506944444444445 0.9696180555555556 0.04583333333333333 0.050347222222222224
1 0.7583333333333333 0.5625 0.04722222222222222 0.06597222222222222
1 0.7958333333333333 0.5199652777777778 0.041666666666666664 0.05381944444444445
1 0.8291666666666667 0.3359375 0.05555555555555555 0.06770833333333333
1 0.8486111111111111 0.2248263888888889 0.04722222222222222 0.06076388888888889
1 0.9277777777777778 0.09722222222222222 0.03888888888888889 0.05555555555555555
1 0.84375 0.6423611111111112 0.034722222222222224 0.05555555555555555
1 0.9666666666666667 0.6657986111111112 0.03888888888888889 0.05381944444444445
1 0.7888888888888889 0.8411458333333334 0.03888888888888889 0.05381944444444445
1 0.8791666666666667 0.8255208333333334 0.044444444444444446 0.06076388888888889
1 0.9458333333333333 0.8602430555555556 0.044444444444444446 0.050347222222222224
1 0.9180555555555555 0.3211805555555556 0.044444444444444446 0.06944444444444445
1 0.02013888888888889 0.9878472222222222 0.0375 0.024305555555555556
