1 0.0125 0.1684027777777778 0.022222222222222223 0.059027777777777776
1 0.09513888888888888 0.2682291666666667 0.05138888888888889 0.057291666666666664
1 0.17847222222222223 0.1736111111111111 0.05138888888888889 0.052083333333333336
1 0.2375 0.11979166666666667 0.044444444444444446 0.0625
1 0.35347222222222224 0.03298611111111111 0.04861111111111111 0.05555555555555555
1 0.28888888888888886 0.2065972222222222 0.04722222222222222 0.06944444444444445
1 0.3090277777777778 0.2994791666666667 0.04583333333333333 0.05381944444444445
1 0.3229166666666667 0.4105902777777778 0.04583333333333333 0.057291666666666664
1 0.06666666666666667 0.5920138888888888 0.041666666666666664 0.0625
1 0.13819444444444445 0.6328125 0.04583333333333333 0.0642361111111111
1 0.058333333333333334 0.7282986111111112 0.05277777777777778 0.06076388888888889
1 0.06041666666666667 0.8046875 0.043055555555555555 0.057291666666666664
1 0.11180555555555556 0.9331597222222222 0.043055555555555555 0.05381944444444445
1 0.20416666666666666 0.9131944444444444 0.044444444444444446 0.059027777777777776
1 0.4791666666666667 0.7734375 0.041666666666666664 0.06076388888888889
1 0.49722222222222223 0.5876736111111112 0.04722222222222222 0.05381944444444445
1 0.4361111111111111 0.3506944444444444 0.044444444444444446 0.05555555555555555
1 0.6298611111111111 0.2821180555555556 0.043055555555555555 0.057291666666666664
1 0.40069444444444446 0.1371527777777778 0.04861111111111111 0.059027777777777776
1 0.4951388888888889 0.14583333333333334 0.043055555555555555 0.059027777777777776
1 0.5479166666666667 0.1345486111111111 0.043055555555555555 0.057291666666666664
1 0.6513888888888889 0.07378472222222222 0.041666666666666664 0.050347222222222224
1 0.7138888888888889 0.10243055555555555 0.041666666666666664 0.05555555555555555
1 0.8 0.025173611111111112 0.04722222222222222 0.046875
1 0.8881944444444444 0.019965277777777776 0.043055555555555555 0.036458333333333336
1 0.9652777777777778 0.16493055555555555 0.041666666666666664 0.052083333333333336
1 0.7138888888888889 0.5520833333333334 0.05 0.0625
1 0.5965277777777778 0.4661458333333333 0.04583333333333333 0.0642361111111111
1 0.7833333333333333 0.3767361111111111 0.03333333333333333 0.04861111111111111
1 0.8027777777777778 0.4131944444444444 0.03611111111111111 0.052083333333333336
1 0.9104166666666667 0.4045138888888889 0.05138888888888889 0.05555555555555555
1 0.9215277777777777 0.4513888888888889 0.05416666666666667 0.059027777777777776
1 0.9854166666666667 0.4184027777777778 0.029166666666666667 0.05555555555555555
1 0.9520833333333333 0.6753472222222222 0.04027777777777778 0.05555555555555555
1 0.7180555555555556 0.7777777777777778 0.041666666666666664 0.059027777777777776
1 0.7861111111111111 0.8663194444444444 0.041666666666666664 0.04513888888888889
1 0.8819444444444444 0.8819444444444444 0.03611111111111111 0.052083333333333336
1 0.9763888888888889 0.8506944444444444 0.044444444444444446 0.06944444444444445
1 0.42569444444444443 0.9600694444444444 0.04027777777777778 0.04861111111111111
1 0.5625 0.8654513888888888 0.04722222222222222 0.057291666666666664
1 0.7131944444444445 0.4835069444444444 0.043055555555555555 0.05381944444444445
1 0.4222222222222222 0.014756944444444444 0.03888888888888889 0.026041666666666668
1 0.9902777777777778 0.1345486111111111 0.019444444444444445 0.046875
