1 0.12222222222222222 0.1545138888888889 0.05555555555555555 0.06944444444444445
1 0.23958333333333334 0.1831597222222222 0.04861111111111111 0.0642361111111111
1 0.24861111111111112 0.2881944444444444 0.05555555555555555 0.059027777777777776
1 0.21736111111111112 0.390625 0.0625 0.07291666666666667
1 0.5305555555555556 0.12760416666666666 0.05277777777777778 0.0642361111111111
1 0.8159722222222222 0.041666666666666664 0.04583333333333333 0.059027777777777776
1 0.56875 0.2803819444444444 0.05138888888888889 0.06076388888888889
1 0.56875 0.4244791666666667 0.04861111111111111 0.06076388888888889
1 0.6597222222222222 0.4618055555555556 0.04722222222222222 0.0625
1 0.7638888888888888 0.4791666666666667 0.04722222222222222 0.059027777777777776
1 0.8763888888888889 0.4409722222222222 0.05555555555555555 0.06597222222222222
1 0.2361111111111111 0.6345486111111112 0.05555555555555555 0.06770833333333333
1 0.16527777777777777 0.671875 0.058333333333333334 0.06597222222222222
1 0.05694444444444444 0.9131944444444444 0.04722222222222222 0.06944444444444445
1 0.45069444444444445 0.5815972222222222 0.04861111111111111 0.0625
1 0.23472222222222222 0.7013888888888888 0.04722222222222222 0.059027777777777776
1 0.6444444444444445 0.5902777777777778 0.05277777777777778 0.06597222222222222
1 0.5715277777777777 0.6970486111111112 0.04861111111111111 0.07118055555555555
1 0.8111111111111111 0.6736111111111112 0.05 0.06597222222222222
1 0.36319444444444443 0.8194444444444444 0.0625 0.059027777777777776
1 0.3055555555555556 0.9088541666666666 0.05 0.07118055555555555
1 0.3597222222222222 0.8949652777777778 0.04722222222222222 0.0642361111111111
1 0.5645833333333333 0.8532986111111112 0.04583333333333333 0.06076388888888889
1 0.4534722222222222 0.8967013888888888 0.05138888888888889 0.07465277777777778
1 0.7215277777777778 0.8984375 0.05138888888888889 0.07118055555555555
1 0.7993055555555556 0.8845486111111112 0.04583333333333333 0.06770833333333333
1 0.8618055555555556 0.8741319444444444 0.04861111111111111 0.06770833333333333
1 0.875 0.9409722222222222 0.04722222222222222 0.059027777777777776
1 0.12222222222222222 0.9678819444444444 0.04722222222222222 0.05381944444444445
1 0.013888888888888888 0.1449652777777778 0.025 0.06770833333333333
1 0.08333333333333333 0.018229166666666668 0.058333333333333334 0.03298611111111111
1 0.45208333333333334 0.9782986111111112 0.059722222222222225 0.036458333333333336
7 0.7840277777777778 0.2508680555555556 0.0763888888888889 0.06770833333333333
