1 0.0625 0.2777777777777778 0.05 0.059027777777777776
1 0.24513888888888888 0.0998263888888889 0.04861111111111111 0.06076388888888889
1 0.31527777777777777 0.08854166666666667 0.041666666666666664 0.059027777777777776
1 0.5479166666666667 0.13975694444444445 0.05416666666666667 0.0642361111111111
1 0.5631944444444444 0.013020833333333334 0.04583333333333333 0.022569444444444444
1 0.6548611111111111 0.12760416666666666 0.04027777777777778 0.057291666666666664
1 0.8694444444444445 0.1623263888888889 0.04722222222222222 0.0642361111111111
1 0.9805555555555555 0.0625 0.03611111111111111 0.05555555555555555
1 0.17430555555555555 0.5034722222222222 0.04583333333333333 0.059027777777777776
1 0.1909722222222222 0.3984375 0.043055555555555555 0.06770833333333333
1 0.2652777777777778 0.3064236111111111 0.04722222222222222 0.0642361111111111
1 0.2972222222222222 0.3385416666666667 0.041666666666666664 0.052083333333333336
1 0.3840277777777778 0.2612847222222222 0.04583333333333333 0.057291666666666664
1 0.44375 0.2361111111111111 0.04861111111111111 0.06597222222222222
1 0.6215277777777778 0.3090277777777778 0.043055555555555555 0.05555555555555555
1 0.43472222222222223 0.4626736111111111 0.03888888888888889 0.05381944444444445
1 0.4111111111111111 0.3446180555555556 0.044444444444444446 0.0642361111111111
1 0.5902777777777778 0.3585069444444444 0.05277777777777778 0.0642361111111111
1 0.8145833333333333 0.3420138888888889 0.04861111111111111 0.0625
1 0.8506944444444444 0.4105902777777778 0.04583333333333333 0.057291666666666664
1 0.3013888888888889 0.4826388888888889 0.044444444444444446 0.059027777777777776
1 0.36041666666666666 0.5121527777777778 0.043055555555555555 0.06597222222222222
1 0.4083333333333333 0.5564236111111112 0.04722222222222222 0.07118055555555555
1 0.2673611111111111 0.6267361111111112 0.04861111111111111 0.06944444444444445
1 0.05347222222222222 0.7552083333333334 0.04861111111111111 0.06597222222222222
1 0.09097222222222222 0.7638888888888888 0.04027777777777778 0.05555555555555555
1 0.24513888888888888 0.8064236111111112 0.04583333333333333 0.0642361111111111
1 0.22916666666666666 0.8515625 0.044444444444444446 0.050347222222222224
1 0.041666666666666664 0.9079861111111112 0.04722222222222222 0.0625
1 0.18819444444444444 0.9574652777777778 0.04583333333333333 0.0642361111111111
1 0.4305555555555556 0.8446180555555556 0.044444444444444446 0.0642361111111111
1 0.48333333333333334 0.7404513888888888 0.05 0.06770833333333333
1 0.40902777777777777 0.6223958333333334 0.04861111111111111 0.057291666666666664
1 0.5368055555555555 0.6024305555555556 0.04861111111111111 0.0625
1 0.5861111111111111 0.5868055555555556 0.04722222222222222 0.06597222222222222
1 0.6993055555555555 0.6605902777777778 0.043055555555555555 0.057291666666666664
1 0.8840277777777777 0.5590277777777778 0.043055555555555555 0.059027777777777776
1 0.8506944444444444 0.625 0.043055555555555555 0.059027777777777776
1 0.9395833333333333 0.5824652777777778 0.04583333333333333 0.06076388888888889
1 0.675 0.8229166666666666 0.05 0.06597222222222222
1 0.6541666666666667 0.8897569444444444 0.044444444444444446 0.05381944444444445
1 0.7590277777777777 0.8836805555555556 0.04861111111111111 0.06944444444444445
1 0.9708333333333333 0.8923611111111112 0.04722222222222222 0.059027777777777776
1 0.9868055555555556 0.6736111111111112 0.02638888888888889 0.0625
1 0.25972222222222224 0.9800347222222222 0.044444444444444446 0.03298611111111111
1 0.009027777777777777 0.7482638888888888 0.015277777777777777 0.0625
1 0.007638888888888889 0.5824652777777778 0.0125 0.05381944444444445
