1 0.11666666666666667 0.1310763888888889 0.05 0.06076388888888889
1 0.21458333333333332 0.06770833333333333 0.04027777777777778 0.052083333333333336
1 0.22916666666666666 0.109375 0.044444444444444446 0.05555555555555555
1 0.29791666666666666 0.03211805555555555 0.05138888888888889 0.06076388888888889
1 0.3625 0.08854166666666667 0.044444444444444446 0.0625
1 0.3138888888888889 0.11197916666666667 0.05 0.057291666666666664
1 0.49583333333333335 0.2204861111111111 0.04722222222222222 0.0625
1 0.7118055555555556 0.04079861111111111 0.04583333333333333 0.06076388888888889
1 0.75625 0.1310763888888889 0.04861111111111111 0.06076388888888889
1 0.8180555555555555 0.1753472222222222 0.041666666666666664 0.052083333333333336
1 0.9083333333333333 0.1597222222222222 0.04722222222222222 0.06944444444444445
1 0.034722222222222224 0.4496527777777778 0.041666666666666664 0.059027777777777776
1 0.3076388888888889 0.4505208333333333 0.04583333333333333 0.057291666666666664
1 0.029861111111111113 0.6232638888888888 0.04027777777777778 0.052083333333333336
1 0.2861111111111111 0.796875 0.044444444444444446 0.059027777777777776
1 0.16597222222222222 0.9322916666666666 0.04027777777777778 0.059027777777777776
1 0.1326388888888889 0.9730902777777778 0.043055555555555555 0.043402777777777776
1 0.20555555555555555 0.9487847222222222 0.044444444444444446 0.05381944444444445
1 0.31805555555555554 0.9565972222222222 0.04722222222222222 0.0625
1 0.4423611111111111 0.8541666666666666 0.043055555555555555 0.06597222222222222
1 0.3770833333333333 0.6553819444444444 0.04861111111111111 0.06770833333333333
1 0.42916666666666664 0.5086805555555556 0.044444444444444446 0.05555555555555555
1 0.4930555555555556 0.4262152777777778 0.05277777777777778 0.06770833333333333
1 0.5541666666666667 0.3090277777777778 0.041666666666666664 0.052083333333333336
1 0.5222222222222223 0.5972222222222222 0.04722222222222222 0.06597222222222222
1 0.4215277777777778 0.65625 0.043055555555555555 0.05555555555555555
1 0.475 0.65625 0.044444444444444446 0.059027777777777776
1 0.5076388888888889 0.7144097222222222 0.04583333333333333 0.0642361111111111
1 0.5888888888888889 0.6701388888888888 0.03888888888888889 0.052083333333333336
1 0.6048611111111111 0.7361111111111112 0.04583333333333333 0.0625
1 0.7201388888888889 0.6197916666666666 0.04027777777777778 0.05555555555555555
1 0.7763888888888889 0.4973958333333333 0.044444444444444446 0.05381944444444445
1 0.7395833333333334 0.3654513888888889 0.04027777777777778 0.057291666666666664
1 0.9833333333333333 0.4114583333333333 0.03333333333333333 0.06944444444444445
1 0.0125 0.8081597222222222 0.022222222222222223 0.057291666666666664
