1 0.03888888888888889 0.20052083333333334 0.05555555555555555 0.05381944444444445
1 0.11041666666666666 0.2907986111111111 0.04583333333333333 0.050347222222222224
1 0.13055555555555556 0.19618055555555555 0.04722222222222222 0.06597222222222222
1 0.08333333333333333 0.421875 0.04722222222222222 0.052083333333333336
1 0.09722222222222222 0.4704861111111111 0.044444444444444446 0.05555555555555555
1 0.13541666666666666 0.609375 0.04583333333333333 0.06597222222222222
1 0.24375 0.4505208333333333 0.0375 0.046875
1 0.30486111111111114 0.5251736111111112 0.04861111111111111 0.050347222222222224
1 0.2375 0.2265625 0.05555555555555555 0.0642361111111111
1 0.3451388888888889 0.2907986111111111 0.043055555555555555 0.057291666666666664
1 0.2013888888888889 0.0763888888888889 0.044444444444444446 0.052083333333333336
1 0.2388888888888889 0.10590277777777778 0.041666666666666664 0.04513888888888889
1 0.2833333333333333 0.1519097222222222 0.03333333333333333 0.050347222222222224
1 0.31319444444444444 0.1675347222222222 0.03194444444444444 0.057291666666666664
1 0.38055555555555554 0.1684027777777778 0.041666666666666664 0.059027777777777776
1 0.3388888888888889 0.050347222222222224 0.03888888888888889 0.04861111111111111
1 0.49236111111111114 0.09027777777777778 0.034722222222222224 0.052083333333333336
1 0.5756944444444444 0.033854166666666664 0.04027777777777778 0.057291666666666664
1 0.6319444444444444 0.022569444444444444 0.041666666666666664 0.041666666666666664
1 0.5506944444444445 0.1875 0.04583333333333333 0.052083333333333336
1 0.5354166666666667 0.23177083333333334 0.0375 0.057291666666666664
1 0.4513888888888889 0.4348958333333333 0.03888888888888889 0.057291666666666664
1 0.5548611111111111 0.4461805555555556 0.043055555555555555 0.052083333333333336
1 0.6180555555555556 0.3498263888888889 0.04722222222222222 0.05381944444444445
1 0.6798611111111111 0.19791666666666666 0.04861111111111111 0.04861111111111111
1 0.6784722222222223 0.24305555555555555 0.05416666666666667 0.06597222222222222
1 0.8055555555555556 0.2074652777777778 0.041666666666666664 0.046875
1 0.8263888888888888 0.2604166666666667 0.044444444444444446 0.0625
1 0.9368055555555556 0.2543402777777778 0.05694444444444444 0.06076388888888889
1 0.9104166666666667 0.3142361111111111 0.04027777777777778 0.059027777777777776
1 0.95625 0.3862847222222222 0.043055555555555555 0.057291666666666664
1 0.6368055555555555 0.5086805555555556 0.04583333333333333 0.0625
1 0.6479166666666667 0.5520833333333334 0.043055555555555555 0.04861111111111111
1 0.75 0.53125 0.041666666666666664 0.06597222222222222
1 0.44583333333333336 0.6814236111111112 0.041666666666666664 0.057291666666666664
1 0.21944444444444444 0.8255208333333334 0.03611111111111111 0.05381944444444445
1 0.4479166666666667 0.7690972222222222 0.034722222222222224 0.041666666666666664
1 0.5763888888888888 0.7534722222222222 0.044444444444444446 0.05555555555555555
1 0.4597222222222222 0.8923611111111112 0.058333333333333334 0.06944444444444445
1 0.3576388888888889 0.9609375 0.04583333333333333 0.05381944444444445
1 0.4305555555555556 0.9600694444444444 0.05 0.05555555555555555
1 0.7298611111111111 0.7126736111111112 0.05694444444444444 0.07465277777777778
1 0.9895833333333334 0.7022569444444444 0.020833333333333332 0.0642361111111111
1 0.80625 0.9157986111111112 0.043055555555555555 0.06076388888888889
1 0.8680555555555556 0.9618055555555556 0.041666666666666664 0.05555555555555555
