1 0.06944444444444445 0.09288194444444445 0.044444444444444446 0.057291666666666664
1 0.11319444444444444 0.09895833333333333 0.04583333333333333 0.0625
1 0.3548611111111111 0.1189236111111111 0.05694444444444444 0.057291666666666664
1 0.21041666666666667 0.2300347222222222 0.04861111111111111 0.05381944444444445
1 0.13472222222222222 0.2586805555555556 0.044444444444444446 0.059027777777777776
1 0.04027777777777778 0.3637152777777778 0.041666666666666664 0.057291666666666664
1 0.2263888888888889 0.4071180555555556 0.04722222222222222 0.05381944444444445
1 0.017361111111111112 0.6631944444444444 0.03194444444444444 0.059027777777777776
1 0.2222222222222222 0.6119791666666666 0.044444444444444446 0.05381944444444445
1 0.17777777777777778 0.7838541666666666 0.04722222222222222 0.057291666666666664
1 0.34305555555555556 0.6684027777777778 0.044444444444444446 0.059027777777777776
1 0.2798611111111111 0.7986111111111112 0.043055555555555555 0.052083333333333336
1 0.3736111111111111 0.7786458333333334 0.04722222222222222 0.06076388888888889
1 0.3173611111111111 0.8559027777777778 0.043055555555555555 0.06597222222222222
1 0.22152777777777777 0.9305555555555556 0.04861111111111111 0.05555555555555555
1 0.32569444444444445 0.9166666666666666 0.04583333333333333 0.05555555555555555
1 0.2722222222222222 0.9704861111111112 0.05555555555555555 0.052083333333333336
1 0.41388888888888886 0.9244791666666666 0.04722222222222222 0.06076388888888889
1 0.5173611111111112 0.8854166666666666 0.04583333333333333 0.059027777777777776
1 0.4 0.3168402777777778 0.04722222222222222 0.06076388888888889
1 0.49027777777777776 0.2265625 0.04722222222222222 0.06076388888888889
1 0.47708333333333336 0.3559027777777778 0.04583333333333333 0.05555555555555555
1 0.41875 0.4461805555555556 0.04583333333333333 0.059027777777777776
1 0.4895833333333333 0.4175347222222222 0.043055555555555555 0.06076388888888889
1 0.5736111111111111 0.5338541666666666 0.04722222222222222 0.057291666666666664
1 0.5868055555555556 0.5954861111111112 0.043055555555555555 0.059027777777777776
1 0.6326388888888889 0.4861111111111111 0.04583333333333333 0.052083333333333336
1 0.6451388888888889 0.1449652777777778 0.043055555555555555 0.06076388888888889
1 0.6909722222222222 0.08246527777777778 0.04583333333333333 0.05381944444444445
1 0.8173611111111111 0.025173611111111112 0.04583333333333333 0.046875
1 0.6833333333333333 0.20833333333333334 0.04722222222222222 0.0625
1 0.8034722222222223 0.4401041666666667 0.04583333333333333 0.057291666666666664
1 0.8451388888888889 0.3836805555555556 0.04861111111111111 0.06597222222222222
1 0.9506944444444444 0.3940972222222222 0.04583333333333333 0.059027777777777776
1 0.7944444444444444 0.6414930555555556 0.05 0.0642361111111111
1 0.6652777777777777 0.7170138888888888 0.04722222222222222 0.059027777777777776
1 0.6513888888888889 0.7847222222222222 0.041666666666666664 0.05555555555555555
1 0.7972222222222223 0.7864583333333334 0.03888888888888889 0.05555555555555555
1 0.94375 0.7161458333333334 0.05138888888888889 0.0642361111111111
1 0.8826388888888889 0.9210069444444444 0.043055555555555555 0.057291666666666664
1 0.2111111111111111 0.6605902777777778 0.044444444444444446 0.057291666666666664
1 0.16805555555555557 0.020833333333333332 0.041666666666666664 0.03819444444444445
1 0.9833333333333333 0.5060763888888888 0.03333333333333333 0.05381944444444445
1 0.011805555555555555 0.8359375 0.020833333333333332 0.0642361111111111
1 0.7541666666666667 0.6901041666666666 0.04722222222222222 0.05381944444444445
