1 0.027083333333333334 0.4618055555555556 0.0375 0.05555555555555555
1 0.03888888888888889 0.5260416666666666 0.03888888888888889 0.052083333333333336
1 0.034722222222222224 0.5842013888888888 0.041666666666666664 0.05381944444444445
1 0.041666666666666664 0.6501736111111112 0.03611111111111111 0.057291666666666664
1 0.07430555555555556 0.6467013888888888 0.043055555555555555 0.06076388888888889
1 0.15694444444444444 0.5920138888888888 0.04722222222222222 0.059027777777777776
1 0.2701388888888889 0.4730902777777778 0.043055555555555555 0.05381944444444445
1 0.16527777777777777 0.2534722222222222 0.04722222222222222 0.06944444444444445
1 0.3020833333333333 0.1388888888888889 0.04027777777777778 0.059027777777777776
1 0.3020833333333333 0.203125 0.04583333333333333 0.0625
1 0.35138888888888886 0.2170138888888889 0.044444444444444446 0.059027777777777776
1 0.3527777777777778 0.11805555555555555 0.04722222222222222 0.0625
1 0.6215277777777778 0.11458333333333333 0.043055555555555555 0.05555555555555555
1 0.5555555555555556 0.16145833333333334 0.03888888888888889 0.059027777777777776
1 0.5951388888888889 0.2092013888888889 0.043055555555555555 0.050347222222222224
1 0.5819444444444445 0.2630208333333333 0.05 0.06076388888888889
1 0.9638888888888889 0.036458333333333336 0.041666666666666664 0.05555555555555555
1 0.9125 0.2552083333333333 0.044444444444444446 0.059027777777777776
1 0.4201388888888889 0.4392361111111111 0.0375 0.052083333333333336
1 0.5875 0.5026041666666666 0.03888888888888889 0.046875
1 0.8138888888888889 0.4600694444444444 0.041666666666666664 0.0625
1 0.3055555555555556 0.5833333333333334 0.03611111111111111 0.04861111111111111
1 0.31319444444444444 0.6371527777777778 0.04583333333333333 0.05555555555555555
1 0.48333333333333334 0.6293402777777778 0.044444444444444446 0.05381944444444445
1 0.42569444444444443 0.6597222222222222 0.0375 0.04861111111111111
1 0.3958333333333333 0.7239583333333334 0.041666666666666664 0.052083333333333336
1 0.6486111111111111 0.6944444444444444 0.044444444444444446 0.0625
1 0.5256944444444445 0.6727430555555556 0.04027777777777778 0.05381944444444445
1 0.675 0.75 0.041666666666666664 0.059027777777777776
1 0.40347222222222223 0.8559027777777778 0.0375 0.05555555555555555
1 0.03888888888888889 0.7777777777777778 0.041666666666666664 0.059027777777777776
1 0.04722222222222222 0.9609375 0.041666666666666664 0.05381944444444445
1 0.5875 0.8289930555555556 0.03888888888888889 0.05381944444444445
1 0.60625 0.8776041666666666 0.043055555555555555 0.06076388888888889
1 0.6652777777777777 0.9131944444444444 0.041666666666666664 0.059027777777777776
1 0.9493055555555555 0.8446180555555556 0.043055555555555555 0.06076388888888889
1 0.1451388888888889 0.6432291666666666 0.04027777777777778 0.05381944444444445
1 0.1423611111111111 0.9800347222222222 0.04861111111111111 0.03993055555555555
1 0.7465277777777778 0.9774305555555556 0.043055555555555555 0.034722222222222224
1 0.45 0.009548611111111112 0.03888888888888889 0.015625
