1 0.08263888888888889 0.020833333333333332 0.04583333333333333 0.03819444444444445
1 0.1361111111111111 0.04079861111111111 0.05 0.0642361111111111
1 0.10486111111111111 0.2630208333333333 0.043055555555555555 0.05381944444444445
1 0.18472222222222223 0.2222222222222222 0.04722222222222222 0.059027777777777776
1 0.2361111111111111 0.2144097222222222 0.044444444444444446 0.06076388888888889
1 0.25555555555555554 0.3828125 0.04722222222222222 0.06076388888888889
1 0.043055555555555555 0.5651041666666666 0.041666666666666664 0.0642361111111111
1 0.0125 0.7795138888888888 0.022222222222222223 0.05555555555555555
1 0.2590277777777778 0.4947916666666667 0.04583333333333333 0.052083333333333336
1 0.40555555555555556 0.19444444444444445 0.04722222222222222 0.0625
1 0.1673611111111111 0.8428819444444444 0.043055555555555555 0.05381944444444445
1 0.25833333333333336 0.9279513888888888 0.041666666666666664 0.057291666666666664
1 0.3236111111111111 0.9340277777777778 0.04722222222222222 0.0625
1 0.44375 0.921875 0.04583333333333333 0.059027777777777776
1 0.5305555555555556 0.8142361111111112 0.03888888888888889 0.05555555555555555
1 0.45 0.0876736111111111 0.041666666666666664 0.057291666666666664
1 0.4583333333333333 0.1345486111111111 0.041666666666666664 0.050347222222222224
1 0.4625 0.20833333333333334 0.041666666666666664 0.05555555555555555
1 0.5756944444444444 0.1918402777777778 0.043055555555555555 0.057291666666666664
1 0.5923611111111111 0.2647569444444444 0.043055555555555555 0.06076388888888889
1 0.5861111111111111 0.4357638888888889 0.04722222222222222 0.059027777777777776
1 0.6319444444444444 0.5008680555555556 0.04722222222222222 0.05381944444444445
1 0.6861111111111111 0.4765625 0.041666666666666664 0.057291666666666664
1 0.6930555555555555 0.6449652777777778 0.03888888888888889 0.06076388888888889
1 0.6833333333333333 0.7647569444444444 0.044444444444444446 0.06076388888888889
1 0.7513888888888889 0.8480902777777778 0.044444444444444446 0.05381944444444445
1 0.8423611111111111 0.6753472222222222 0.04027777777777778 0.05555555555555555
1 0.7916666666666666 0.019097222222222224 0.044444444444444446 0.034722222222222224
1 0.9 0.16666666666666666 0.05 0.06597222222222222
1 0.9493055555555555 0.5911458333333334 0.043055555555555555 0.06076388888888889
1 0.9125 0.9305555555555556 0.04722222222222222 0.0625
1 0.9847222222222223 0.8845486111111112 0.030555555555555555 0.0642361111111111
