1 0.11597222222222223 0.08680555555555555 0.04861111111111111 0.059027777777777776
1 0.06736111111111111 0.1831597222222222 0.043055555555555555 0.057291666666666664
1 0.04375 0.19270833333333334 0.05138888888888889 0.0625
1 0.175 0.1857638888888889 0.04722222222222222 0.059027777777777776
1 0.12222222222222222 0.3012152777777778 0.05277777777777778 0.0642361111111111
1 0.06180555555555556 0.328125 0.04583333333333333 0.059027777777777776
1 0.19930555555555557 0.4071180555555556 0.04861111111111111 0.057291666666666664
1 0.2638888888888889 0.2699652777777778 0.05555555555555555 0.06076388888888889
1 0.2826388888888889 0.3394097222222222 0.05138888888888889 0.0642361111111111
1 0.30694444444444446 0.21614583333333334 0.05 0.05381944444444445
1 0.44375 0.03993055555555555 0.05138888888888889 0.06597222222222222
1 0.4583333333333333 0.203125 0.04722222222222222 0.059027777777777776
1 0.5208333333333334 0.16145833333333334 0.05 0.0625
1 0.5513888888888889 0.24131944444444445 0.05555555555555555 0.059027777777777776
1 0.4666666666666667 0.4001736111111111 0.04722222222222222 0.0642361111111111
1 0.5118055555555555 0.4036458333333333 0.05416666666666667 0.07118055555555555
1 0.43125 0.4956597222222222 0.04583333333333333 0.06076388888888889
1 0.35208333333333336 0.7057291666666666 0.04861111111111111 0.0642361111111111
1 0.30833333333333335 0.7717013888888888 0.04722222222222222 0.05381944444444445
1 0.6236111111111111 0.6197916666666666 0.05 0.07291666666666667
1 0.4354166666666667 0.8576388888888888 0.05416666666666667 0.06597222222222222
1 0.5916666666666667 0.8368055555555556 0.04722222222222222 0.06597222222222222
1 0.6604166666666667 0.2769097222222222 0.05138888888888889 0.06770833333333333
1 0.7388888888888889 0.08333333333333333 0.05277777777777778 0.06597222222222222
1 0.8 0.03125 0.05277777777777778 0.059027777777777776
1 0.9402777777777778 0.0642361111111111 0.05 0.06597222222222222
1 0.6701388888888888 0.4418402777777778 0.04027777777777778 0.06076388888888889
1 0.6423611111111112 0.4713541666666667 0.04027777777777778 0.05381944444444445
1 0.61875 0.4661458333333333 0.034722222222222224 0.0642361111111111
1 0.8576388888888888 0.5104166666666666 0.04583333333333333 0.059027777777777776
1 0.9652777777777778 0.4965277777777778 0.044444444444444446 0.0625
1 0.8208333333333333 0.5763888888888888 0.04722222222222222 0.0625
1 0.7909722222222222 0.6119791666666666 0.04861111111111111 0.0642361111111111
1 0.7340277777777777 0.7256944444444444 0.04861111111111111 0.06597222222222222
1 0.8048611111111111 0.7100694444444444 0.04583333333333333 0.059027777777777776
1 0.8472222222222222 0.7664930555555556 0.05 0.06770833333333333
1 0.8263888888888888 0.8289930555555556 0.044444444444444446 0.07118055555555555
1 0.9416666666666667 0.890625 0.04722222222222222 0.06597222222222222
1 0.90625 0.9513888888888888 0.05138888888888889 0.06597222222222222
1 0.5416666666666666 0.9782986111111112 0.04722222222222222 0.03298611111111111
1 0.48541666666666666 0.014756944444444444 0.04861111111111111 0.026041666666666668
7 0.6201388888888889 0.8585069444444444 0.04861111111111111 0.06076388888888889
