1 0.021527777777777778 0.10069444444444445 0.04027777777777778 0.04861111111111111
1 0.03819444444444445 0.05555555555555555 0.04027777777777778 0.052083333333333336
1 0.06805555555555555 0.3055555555555556 0.044444444444444446 0.052083333333333336
1 0.04652777777777778 0.5477430555555556 0.04027777777777778 0.057291666666666664
1 0.059027777777777776 0.6059027777777778 0.04861111111111111 0.05555555555555555
1 0.09236111111111112 0.6354166666666666 0.043055555555555555 0.05555555555555555
1 0.1527777777777778 0.5868055555555556 0.041666666666666664 0.052083333333333336
1 0.19027777777777777 0.5920138888888888 0.05277777777777778 0.06597222222222222
1 0.25833333333333336 0.5182291666666666 0.05 0.057291666666666664
1 0.04652777777777778 0.9053819444444444 0.043055555555555555 0.05381944444444445
1 0.06736111111111111 0.9409722222222222 0.043055555555555555 0.05555555555555555
1 0.21736111111111112 0.6961805555555556 0.04583333333333333 0.05555555555555555
1 0.3013888888888889 0.6996527777777778 0.044444444444444446 0.0625
1 0.26666666666666666 0.9305555555555556 0.05 0.06597222222222222
1 0.37569444444444444 0.4878472222222222 0.043055555555555555 0.05555555555555555
1 0.4361111111111111 0.3454861111111111 0.05277777777777778 0.07291666666666667
1 0.42083333333333334 0.2309027777777778 0.05 0.06944444444444445
1 0.4152777777777778 0.028645833333333332 0.05 0.050347222222222224
1 0.5479166666666667 0.04600694444444445 0.04583333333333333 0.06076388888888889
1 0.6208333333333333 0.11371527777777778 0.044444444444444446 0.05381944444444445
1 0.6277777777777778 0.1796875 0.044444444444444446 0.057291666666666664
1 0.5243055555555556 0.3220486111111111 0.04027777777777778 0.043402777777777776
1 0.6236111111111111 0.2482638888888889 0.04722222222222222 0.059027777777777776
1 0.7583333333333333 0.1111111111111111 0.04722222222222222 0.06597222222222222
1 0.7069444444444445 0.171875 0.04722222222222222 0.059027777777777776
1 0.7006944444444444 0.2378472222222222 0.04583333333333333 0.05555555555555555
1 0.7055555555555556 0.3064236111111111 0.044444444444444446 0.050347222222222224
1 0.7715277777777778 0.2821180555555556 0.04861111111111111 0.057291666666666664
1 0.8048611111111111 0.24913194444444445 0.04583333333333333 0.06076388888888889
1 0.6722222222222223 0.4800347222222222 0.044444444444444446 0.0642361111111111
1 0.5111111111111111 0.5564236111111112 0.041666666666666664 0.05381944444444445
1 0.48055555555555557 0.6588541666666666 0.04722222222222222 0.06076388888888889
1 0.5013888888888889 0.8585069444444444 0.041666666666666664 0.057291666666666664
1 0.5368055555555555 0.8133680555555556 0.043055555555555555 0.057291666666666664
1 0.60625 0.8003472222222222 0.043055555555555555 0.059027777777777776
1 0.7638888888888888 0.6414930555555556 0.041666666666666664 0.05381944444444445
1 0.8145833333333333 0.5112847222222222 0.043055555555555555 0.06076388888888889
1 0.7916666666666666 0.4192708333333333 0.041666666666666664 0.057291666666666664
1 0.7951388888888888 0.34375 0.043055555555555555 0.05555555555555555
1 0.9840277777777777 0.3489583333333333 0.03194444444444444 0.06944444444444445
1 0.9645833333333333 0.4140625 0.043055555555555555 0.057291666666666664
1 0.9638888888888889 0.6883680555555556 0.044444444444444446 0.05381944444444445
1 0.8805555555555555 0.8715277777777778 0.05 0.0625
1 0.9666666666666667 0.8793402777777778 0.05 0.0642361111111111
1 0.04236111111111111 0.014756944444444444 0.04861111111111111 0.026041666666666668
