3 0.10277777777777777 0.3420138888888889 0.044444444444444446 0.04861111111111111
3 0.10833333333333334 0.3767361111111111 0.044444444444444446 0.04861111111111111
3 0.15902777777777777 0.027777777777777776 0.04861111111111111 0.052083333333333336
3 0.1840277777777778 0.2604166666666667 0.04583333333333333 0.059027777777777776
3 0.3423611111111111 0.2387152777777778 0.04861111111111111 0.050347222222222224
3 0.3923611111111111 0.0642361111111111 0.05138888888888889 0.06597222222222222
3 0.32708333333333334 0.3619791666666667 0.043055555555555555 0.057291666666666664
3 0.2222222222222222 0.4973958333333333 0.041666666666666664 0.06076388888888889
3 0.05763888888888889 0.7282986111111112 0.04027777777777778 0.0642361111111111
3 0.1111111111111111 0.8550347222222222 0.041666666666666664 0.06076388888888889
3 0.019444444444444445 0.9479166666666666 0.03611111111111111 0.07291666666666667
3 0.5194444444444445 0.3029513888888889 0.04722222222222222 0.05381944444444445
3 0.3763888888888889 0.578125 0.044444444444444446 0.06944444444444445
3 0.46597222222222223 0.5642361111111112 0.04027777777777778 0.0625
3 0.4986111111111111 0.6258680555555556 0.03611111111111111 0.06076388888888889
3 0.6069444444444444 0.8055555555555556 0.04722222222222222 0.059027777777777776
3 0.5006944444444444 0.8871527777777778 0.0375 0.0625
3 0.7076388888888889 0.7395833333333334 0.04861111111111111 0.0625
3 0.7756944444444445 0.7612847222222222 0.04027777777777778 0.06076388888888889
3 0.7388888888888889 0.4401041666666667 0.044444444444444446 0.0642361111111111
3 0.7513888888888889 0.6189236111111112 0.03888888888888889 0.05381944444444445
3 0.7256944444444444 0.6623263888888888 0.04583333333333333 0.06770833333333333
3 0.8979166666666667 0.7751736111111112 0.0375 0.057291666666666664
3 0.9541666666666667 0.9678819444444444 0.05 0.05381944444444445
3 0.8604166666666667 0.2439236111111111 0.04583333333333333 0.06770833333333333
3 0.7125 0.3020833333333333 0.041666666666666664 0.06944444444444445
3 0.775 0.1015625 0.03611111111111111 0.057291666666666664
3 0.6388888888888888 0.0234375 0.05277777777777778 0.043402777777777776
3 0.7229166666666667 0.021701388888888888 0.04861111111111111 0.03993055555555555
