1 0.04513888888888889 0.4027777777777778 0.04027777777777778 0.059027777777777776
1 0.15 0.4444444444444444 0.05277777777777778 0.06597222222222222
1 0.14652777777777778 0.5260416666666666 0.0375 0.059027777777777776
1 0.2298611111111111 0.18229166666666666 0.043055555555555555 0.052083333333333336
1 0.36736111111111114 0.3168402777777778 0.04861111111111111 0.06076388888888889
1 0.34444444444444444 0.4704861111111111 0.044444444444444446 0.05555555555555555
1 0.35347222222222224 0.5217013888888888 0.04583333333333333 0.0642361111111111
1 0.14930555555555555 0.6953125 0.04583333333333333 0.05381944444444445
1 0.2722222222222222 0.7300347222222222 0.03888888888888889 0.05381944444444445
1 0.16666666666666666 0.8689236111111112 0.05 0.05381944444444445
1 0.2013888888888889 0.8480902777777778 0.03611111111111111 0.05381944444444445
1 0.08333333333333333 0.9748263888888888 0.05555555555555555 0.050347222222222224
1 0.125 0.9756944444444444 0.04722222222222222 0.041666666666666664
1 0.29930555555555555 0.8454861111111112 0.04861111111111111 0.052083333333333336
1 0.5180555555555556 0.8394097222222222 0.04722222222222222 0.06076388888888889
1 0.46041666666666664 0.9253472222222222 0.04861111111111111 0.05555555555555555
1 0.33402777777777776 0.9782986111111112 0.04583333333333333 0.03993055555555555
1 0.5256944444444445 0.7022569444444444 0.04027777777777778 0.057291666666666664
1 0.5763888888888888 0.7534722222222222 0.041666666666666664 0.059027777777777776
1 0.44375 0.3151041666666667 0.04861111111111111 0.06770833333333333
1 0.4722222222222222 0.2456597222222222 0.05 0.07118055555555555
1 0.4583333333333333 0.12760416666666666 0.044444444444444446 0.057291666666666664
1 0.4548611111111111 0.03732638888888889 0.04027777777777778 0.05381944444444445
1 0.5888888888888889 0.1111111111111111 0.041666666666666664 0.052083333333333336
1 0.7444444444444445 0.06684027777777778 0.06111111111111111 0.07118055555555555
1 0.6611111111111111 0.3637152777777778 0.044444444444444446 0.06076388888888889
1 0.8152777777777778 0.2690972222222222 0.044444444444444446 0.0625
1 0.88125 0.3142361111111111 0.04027777777777778 0.052083333333333336
1 0.7222222222222222 0.4288194444444444 0.041666666666666664 0.052083333333333336
1 0.6666666666666666 0.6892361111111112 0.044444444444444446 0.07291666666666667
1 0.6902777777777778 0.7369791666666666 0.044444444444444446 0.06770833333333333
1 0.66875 0.7795138888888888 0.04027777777777778 0.052083333333333336
1 0.58125 0.9244791666666666 0.043055555555555555 0.057291666666666664
1 0.5173611111111112 0.9583333333333334 0.043055555555555555 0.0625
1 0.8680555555555556 0.6744791666666666 0.041666666666666664 0.0642361111111111
1 0.9423611111111111 0.3767361111111111 0.05138888888888889 0.06597222222222222
1 0.9819444444444444 0.5060763888888888 0.03611111111111111 0.06076388888888889
1 0.9159722222222222 0.7317708333333334 0.05694444444444444 0.07465277777777778
1 0.9708333333333333 0.7717013888888888 0.04722222222222222 0.057291666666666664
1 0.7833333333333333 0.8576388888888888 0.03611111111111111 0.052083333333333336
1 0.8215277777777777 0.9713541666666666 0.043055555555555555 0.050347222222222224
