1 0.017361111111111112 0.1232638888888889 0.03194444444444444 0.059027777777777776
1 0.025694444444444443 0.2829861111111111 0.043055555555555555 0.05555555555555555
1 0.06805555555555555 0.2612847222222222 0.041666666666666664 0.06076388888888889
1 0.058333333333333334 0.3515625 0.04722222222222222 0.057291666666666664
1 0.04861111111111111 0.4262152777777778 0.044444444444444446 0.057291666666666664
1 0.07708333333333334 0.5234375 0.0375 0.057291666666666664
1 0.020833333333333332 0.6458333333333334 0.03611111111111111 0.05555555555555555
1 0.22361111111111112 0.4253472222222222 0.044444444444444446 0.052083333333333336
1 0.24444444444444444 0.3611111111111111 0.044444444444444446 0.06597222222222222
1 0.22152777777777777 0.6953125 0.04861111111111111 0.057291666666666664
1 0.13402777777777777 0.8776041666666666 0.04583333333333333 0.07118055555555555
1 0.21875 0.875 0.043055555555555555 0.059027777777777776
1 0.3597222222222222 0.5746527777777778 0.03888888888888889 0.05555555555555555
1 0.3972222222222222 0.6310763888888888 0.04722222222222222 0.06076388888888889
1 0.425 0.3967013888888889 0.04722222222222222 0.057291666666666664
1 0.4986111111111111 0.3394097222222222 0.041666666666666664 0.06076388888888889
1 0.5548611111111111 0.2847222222222222 0.043055555555555555 0.06597222222222222
1 0.7618055555555555 0.029513888888888888 0.04861111111111111 0.05555555555555555
1 0.9611111111111111 0.03211805555555555 0.05277777777777778 0.06076388888888889
1 0.6895833333333333 0.4574652777777778 0.04861111111111111 0.07118055555555555
1 0.48680555555555555 0.5486111111111112 0.04583333333333333 0.06597222222222222
1 0.47638888888888886 0.6328125 0.05 0.06076388888888889
1 0.48055555555555557 0.7369791666666666 0.03888888888888889 0.06770833333333333
1 0.5763888888888888 0.7265625 0.041666666666666664 0.057291666666666664
1 0.5958333333333333 0.7786458333333334 0.041666666666666664 0.050347222222222224
1 0.5041666666666667 0.9236111111111112 0.044444444444444446 0.0625
1 0.4361111111111111 0.9600694444444444 0.041666666666666664 0.05555555555555555
1 0.3729166666666667 0.9704861111111112 0.04027777777777778 0.04861111111111111
1 0.6819444444444445 0.8385416666666666 0.04722222222222222 0.05555555555555555
1 0.7319444444444444 0.6449652777777778 0.044444444444444446 0.057291666666666664
1 0.7993055555555556 0.6458333333333334 0.04861111111111111 0.06597222222222222
1 0.7840277777777778 0.4401041666666667 0.04027777777777778 0.06076388888888889
1 0.81875 0.1519097222222222 0.04583333333333333 0.06076388888888889
1 0.8354166666666667 0.2170138888888889 0.04861111111111111 0.059027777777777776
1 0.8486111111111111 0.3298611111111111 0.041666666666666664 0.059027777777777776
1 0.9347222222222222 0.3151041666666667 0.044444444444444446 0.057291666666666664
1 0.9763888888888889 0.3402777777777778 0.041666666666666664 0.05555555555555555
1 0.8791666666666667 0.5954861111111112 0.044444444444444446 0.059027777777777776
1 0.9680555555555556 0.7196180555555556 0.041666666666666664 0.06076388888888889
1 0.9291666666666667 0.7734375 0.041666666666666664 0.06076388888888889
1 0.7590277777777777 0.9131944444444444 0.04027777777777778 0.052083333333333336
1 0.4652777777777778 0.015625 0.041666666666666664 0.027777777777777776
