1 0.015277777777777777 0.028645833333333332 0.027777777777777776 0.05381944444444445
1 0.2465277777777778 0.1519097222222222 0.04861111111111111 0.057291666666666664
1 0.3333333333333333 0.3359375 0.05 0.06076388888888889
1 0.04652777777777778 0.5373263888888888 0.04583333333333333 0.06076388888888889
1 0.043055555555555555 0.8619791666666666 0.04722222222222222 0.06076388888888889
1 0.22430555555555556 0.7239583333333334 0.04583333333333333 0.052083333333333336
1 0.3541666666666667 0.6432291666666666 0.05 0.0642361111111111
1 0.31805555555555554 0.7630208333333334 0.05 0.06076388888888889
1 0.44375 0.2109375 0.04861111111111111 0.06770833333333333
1 0.48541666666666666 0.041666666666666664 0.04861111111111111 0.06597222222222222
1 0.6909722222222222 0.18836805555555555 0.04861111111111111 0.06076388888888889
1 0.5208333333333334 0.4479166666666667 0.044444444444444446 0.059027777777777776
1 0.5215277777777778 0.5998263888888888 0.04861111111111111 0.057291666666666664
1 0.5888888888888889 0.5616319444444444 0.044444444444444446 0.05381944444444445
1 0.6409722222222223 0.3628472222222222 0.043055555555555555 0.059027777777777776
1 0.6791666666666667 0.3168402777777778 0.044444444444444446 0.0642361111111111
1 0.7513888888888889 0.22916666666666666 0.041666666666666664 0.059027777777777776
1 0.8618055555555556 0.2282986111111111 0.05138888888888889 0.06770833333333333
1 0.9020833333333333 0.3559027777777778 0.04583333333333333 0.0625
1 0.8645833333333334 0.4184027777777778 0.05138888888888889 0.0625
1 0.9006944444444445 0.4505208333333333 0.043055555555555555 0.057291666666666664
1 0.7868055555555555 0.6970486111111112 0.043055555555555555 0.06076388888888889
1 0.8972222222222223 0.6944444444444444 0.05277777777777778 0.0625
1 0.6076388888888888 0.7604166666666666 0.04583333333333333 0.06597222222222222
1 0.6541666666666667 0.8324652777777778 0.05 0.06770833333333333
1 0.8444444444444444 0.8081597222222222 0.044444444444444446 0.0642361111111111
1 0.7430555555555556 0.13975694444444445 0.04722222222222222 0.0642361111111111
1 0.009722222222222222 0.3255208333333333 0.016666666666666666 0.057291666666666664
