1 0.06527777777777778 0.3081597222222222 0.044444444444444446 0.06770833333333333
1 0.11319444444444444 0.3628472222222222 0.0375 0.04861111111111111
1 0.11805555555555555 0.4140625 0.044444444444444446 0.046875
1 0.2076388888888889 0.3758680555555556 0.043055555555555555 0.05381944444444445
1 0.22361111111111112 0.015625 0.044444444444444446 0.027777777777777776
1 0.3854166666666667 0.3055555555555556 0.04583333333333333 0.052083333333333336
1 0.48333333333333334 0.3142361111111111 0.044444444444444446 0.06597222222222222
1 0.32222222222222224 0.5564236111111112 0.04722222222222222 0.06076388888888889
1 0.25555555555555554 0.6953125 0.05 0.057291666666666664
1 0.014583333333333334 0.8446180555555556 0.02638888888888889 0.06076388888888889
1 0.3486111111111111 0.6822916666666666 0.044444444444444446 0.0625
1 0.3034722222222222 0.7482638888888888 0.043055555555555555 0.059027777777777776
1 0.3416666666666667 0.8020833333333334 0.03888888888888889 0.05555555555555555
1 0.40555555555555556 0.8064236111111112 0.044444444444444446 0.06076388888888889
1 0.49236111111111114 0.7387152777777778 0.04027777777777778 0.06076388888888889
1 0.55 0.6788194444444444 0.03888888888888889 0.059027777777777776
1 0.5222222222222223 0.7170138888888888 0.041666666666666664 0.05555555555555555
1 0.55 0.7378472222222222 0.03611111111111111 0.05555555555555555
1 0.5597222222222222 0.84375 0.041666666666666664 0.05555555555555555
1 0.4534722222222222 0.9609375 0.04583333333333333 0.057291666666666664
1 0.5763888888888888 0.2717013888888889 0.04722222222222222 0.050347222222222224
1 0.6395833333333333 0.2126736111111111 0.04583333333333333 0.06076388888888889
1 0.7381944444444445 0.14322916666666666 0.04027777777777778 0.050347222222222224
1 0.7486111111111111 0.09114583333333333 0.044444444444444446 0.05381944444444445
1 0.83125 0.03993055555555555 0.043055555555555555 0.05555555555555555
1 0.9145833333333333 0.1657986111111111 0.04027777777777778 0.05381944444444445
1 0.7145833333333333 0.3975694444444444 0.04861111111111111 0.0625
1 0.8375 0.4409722222222222 0.041666666666666664 0.059027777777777776
1 0.9208333333333333 0.6032986111111112 0.05 0.057291666666666664
1 0.9430555555555555 0.6640625 0.044444444444444446 0.05381944444444445
1 0.9868055555555556 0.6970486111111112 0.02638888888888889 0.07118055555555555
1 0.9145833333333333 0.7682291666666666 0.043055555555555555 0.06076388888888889
1 0.8402777777777778 0.9001736111111112 0.041666666666666664 0.057291666666666664
1 0.9069444444444444 0.9817708333333334 0.04722222222222222 0.03298611111111111
1 0.8590277777777777 0.2456597222222222 0.04027777777777778 0.05381944444444445
1 0.95 0.013888888888888888 0.05 0.024305555555555556
1 0.8166666666666667 0.9817708333333334 0.05 0.022569444444444444
1 0.9923611111111111 0.1657986111111111 0.015277777777777777 0.046875
