3 0.06388888888888888 0.2552083333333333 0.041666666666666664 0.05555555555555555
3 0.08611111111111111 0.3098958333333333 0.03611111111111111 0.05381944444444445
3 0.20347222222222222 0.2560763888888889 0.04027777777777778 0.05381944444444445
3 0.21180555555555555 0.17100694444444445 0.043055555555555555 0.046875
3 0.25416666666666665 0.06944444444444445 0.041666666666666664 0.04861111111111111
3 0.4097222222222222 0.1076388888888889 0.03888888888888889 0.059027777777777776
3 0.3909722222222222 0.2647569444444444 0.0375 0.05381944444444445
3 0.08541666666666667 0.4782986111111111 0.03194444444444444 0.05381944444444445
3 0.2465277777777778 0.34375 0.043055555555555555 0.052083333333333336
3 0.46805555555555556 0.3090277777777778 0.041666666666666664 0.05555555555555555
3 0.2847222222222222 0.4383680555555556 0.03611111111111111 0.050347222222222224
3 0.015277777777777777 0.7065972222222222 0.027777777777777776 0.05555555555555555
3 0.029166666666666667 0.7743055555555556 0.044444444444444446 0.052083333333333336
3 0.13055555555555556 0.9756944444444444 0.03888888888888889 0.04861111111111111
1 0.33055555555555555 0.5034722222222222 0.044444444444444446 0.04861111111111111
3 0.30486111111111114 0.6119791666666666 0.04027777777777778 0.05381944444444445
3 0.3923611111111111 0.5998263888888888 0.034722222222222224 0.06076388888888889
3 0.5118055555555555 0.5737847222222222 0.0375 0.046875
3 0.5131944444444444 0.4461805555555556 0.034722222222222224 0.05555555555555555
3 0.6520833333333333 0.21006944444444445 0.03194444444444444 0.052083333333333336
3 0.7173611111111111 0.05295138888888889 0.034722222222222224 0.050347222222222224
3 0.83125 0.11458333333333333 0.04027777777777778 0.05555555555555555
3 0.6659722222222222 0.3654513888888889 0.0375 0.050347222222222224
3 0.7020833333333333 0.3836805555555556 0.029166666666666667 0.05555555555555555
3 0.6034722222222222 0.5043402777777778 0.0375 0.046875
3 0.7569444444444444 0.5164930555555556 0.03611111111111111 0.050347222222222224
3 0.8541666666666666 0.2013888888888889 0.03888888888888889 0.04861111111111111
3 0.8347222222222223 0.3428819444444444 0.041666666666666664 0.05381944444444445
3 0.7666666666666667 0.3689236111111111 0.03333333333333333 0.06076388888888889
3 0.7444444444444445 0.3767361111111111 0.030555555555555555 0.059027777777777776
3 0.8159722222222222 0.4366319444444444 0.04027777777777778 0.05381944444444445
3 0.81875 0.5842013888888888 0.0375 0.057291666666666664
3 0.6090277777777777 0.6310763888888888 0.0375 0.050347222222222224
3 0.7416666666666667 0.6223958333333334 0.041666666666666664 0.050347222222222224
3 0.6798611111111111 0.6857638888888888 0.034722222222222224 0.05555555555555555
3 0.5340277777777778 0.7925347222222222 0.043055555555555555 0.05381944444444445
3 0.375 0.7673611111111112 0.044444444444444446 0.05555555555555555
3 0.5965277777777778 0.9574652777777778 0.0375 0.05381944444444445
3 0.5548611111111111 0.8428819444444444 0.0375 0.057291666666666664
3 0.6541666666666667 0.8532986111111112 0.03888888888888889 0.05381944444444445
3 0.7305555555555555 0.8498263888888888 0.03611111111111111 0.05381944444444445
3 0.6395833333333333 0.7630208333333334 0.0375 0.050347222222222224
3 0.6680555555555555 0.7595486111111112 0.03611111111111111 0.0642361111111111
3 0.9201388888888888 0.96875 0.04027777777777778 0.04861111111111111
3 0.98125 0.9270833333333334 0.0375 0.06944444444444445
3 0.9673611111111111 0.014756944444444444 0.043055555555555555 0.026041666666666668
3 0.38263888888888886 0.017361111111111112 0.04861111111111111 0.03125
3 0.2743055555555556 0.9869791666666666 0.034722222222222224 0.022569444444444444
3 0.6395833333333333 0.010416666666666666 0.034722222222222224 0.017361111111111112
